3 0.4579326923076923 0.28125 0.042067307692307696 0.046875
3 0.5733173076923077 0.2848557692307692 0.027644230769230768 0.038461538461538464
3 0.6310096153846154 0.3016826923076923 0.039663461538461536 0.06610576923076923
3 0.20432692307692307 0.31009615384615385 0.039663461538461536 0.0889423076923077
3 0.9098557692307693 0.3269230769230769 0.028846153846153848 0.06129807692307692
3 0.43028846153846156 0.3389423076923077 0.027644230769230768 0.036057692307692304
3 0.3293269230769231 0.39663461538461536 0.03245192307692308 0.04927884615384615
3 0.39903846153846156 0.41947115384615385 0.039663461538461536 0.06370192307692307
3 0.5564903846153846 0.47836538461538464 0.03485576923076923 0.046875
3 0.5997596153846154 0.5396634615384616 0.04807692307692308 0.06610576923076923
3 0.14543269230769232 0.5420673076923077 0.027644230769230768 0.036057692307692304
3 0.46153846153846156 0.6430288461538461 0.038461538461538464 0.04927884615384615
3 0.4891826923076923 0.6887019230769231 0.03125 0.04927884615384615
3 0.5372596153846154 0.07091346153846154 0.055288461538461536 0.08052884615384616
3 0.8209134615384616 0.6935096153846154 0.039663461538461536 0.057692307692307696
3 0.4423076923076923 0.7067307692307693 0.03245192307692308 0.055288461538461536
3 0.7584134615384616 0.7980769230769231 0.028846153846153848 0.038461538461538464
3 0.47475961538461536 0.8449519230769231 0.039663461538461536 0.06129807692307692
3 0.8209134615384616 0.08774038461538461 0.03245192307692308 0.06370192307692307
3 0.5060096153846154 0.8810096153846154 0.028846153846153848 0.038461538461538464
3 0.5745192307692307 0.9254807692307693 0.036057692307692304 0.04927884615384615
3 0.328125 0.12860576923076922 0.038461538461538464 0.042067307692307696
3 0.19591346153846154 0.1622596153846154 0.039663461538461536 0.046875
3 0.8293269230769231 0.17548076923076922 0.038461538461538464 0.06370192307692307
3 0.5276442307692307 0.19110576923076922 0.038461538461538464 0.04447115384615385
3 0.5769230769230769 0.21153846153846154 0.038461538461538464 0.046875
3 0.06370192307692307 0.21153846153846154 0.042067307692307696 0.04927884615384615
3 0.5120192307692307 0.22956730769230768 0.04807692307692308 0.038461538461538464
3 0.8762019230769231 0.2608173076923077 0.028846153846153848 0.04447115384615385