0 0.36778846153846156 0.7319711538461539 0.17307692307692307 0.08413461538461539
0 0.08533653846153846 0.5060096153846154 0.038461538461538464 0.02403846153846154
0 0.09254807692307693 0.46634615384615385 0.04807692307692308 0.02403846153846154
0 0.13822115384615385 0.41947115384615385 0.04326923076923077 0.02403846153846154
0 0.2848557692307692 0.42427884615384615 0.04326923076923077 0.02403846153846154
0 0.4483173076923077 0.47596153846153844 0.08653846153846154 0.04807692307692308
0 0.5733173076923077 0.5516826923076923 0.055288461538461536 0.02403846153846154
0 0.5769230769230769 0.5228365384615384 0.04807692307692308 0.014423076923076924
0 0.6045673076923077 0.47475961538461536 0.12980769230769232 0.06490384615384616
0 0.5336538461538461 0.4110576923076923 0.0985576923076923 0.04807692307692308
0 0.8257211538461539 0.4987980769230769 0.04326923076923077 0.02403846153846154
0 0.7548076923076923 0.5276442307692307 0.04807692307692308 0.014423076923076924
0 0.6959134615384616 0.5432692307692307 0.04326923076923077 0.02403846153846154
0 0.8617788461538461 0.43990384615384615 0.03125 0.014423076923076924