0 0.4206730769230769 0.4723557692307692 0.03365384615384615 0.03365384615384615
0 0.18629807692307693 0.30408653846153844 0.03365384615384615 0.028846153846153848
0 0.3317307692307692 0.26802884615384615 0.026442307692307692 0.028846153846153848
0 0.42788461538461536 0.2403846153846154 0.038461538461538464 0.026442307692307692
0 0.453125 0.35216346153846156 0.038461538461538464 0.03365384615384615
0 0.4170673076923077 0.7307692307692307 0.028846153846153848 0.021634615384615384
0 0.9387019230769231 0.8786057692307693 0.028846153846153848 0.02403846153846154
0 0.5540865384615384 0.35336538461538464 0.02403846153846154 0.028846153846153848
0 0.6610576923076923 0.23317307692307693 0.028846153846153848 0.02403846153846154
0 0.7572115384615384 0.5132211538461539 0.02403846153846154 0.021634615384615384
0 0.3713942307692308 0.3401442307692308 0.028846153846153848 0.028846153846153848
0 0.7512019230769231 0.45072115384615385 0.03365384615384615 0.026442307692307692
0 0.6322115384615384 0.5901442307692307 0.028846153846153848 0.02403846153846154
0 0.6814903846153846 0.6814903846153846 0.036057692307692304 0.014423076923076924
0 0.7055288461538461 0.5432692307692307 0.036057692307692304 0.02403846153846154
0 0.8569711538461539 0.34615384615384615 0.026442307692307692 0.028846153846153848
0 0.7860576923076923 0.41466346153846156 0.03365384615384615 0.026442307692307692
0 0.7536057692307693 0.5889423076923077 0.03365384615384615 0.028846153846153848
0 0.9411057692307693 0.20192307692307693 0.038461538461538464 0.028846153846153848
0 0.9519230769230769 0.4230769230769231 0.02403846153846154 0.03365384615384615
0 0.9819711538461539 0.578125 0.028846153846153848 0.021634615384615384
0 0.9591346153846154 0.6177884615384616 0.02403846153846154 0.021634615384615384
0 0.984375 0.6574519230769231 0.021634615384615384 0.02403846153846154
0 0.9759615384615384 0.7620192307692307 0.028846153846153848 0.019230769230769232
0 0.9723557692307693 0.8305288461538461 0.026442307692307692 0.028846153846153848
0 0.5697115384615384 0.9242788461538461 0.02403846153846154 0.019230769230769232
0 0.2860576923076923 0.9314903846153846 0.03365384615384615 0.026442307692307692
0 0.13341346153846154 0.24278846153846154 0.036057692307692304 0.028846153846153848
0 0.078125 0.23677884615384615 0.03365384615384615 0.03365384615384615
0 0.08413461538461539 0.40384615384615385 0.026442307692307692 0.028846153846153848
0 0.051682692307692304 0.33052884615384615 0.02403846153846154 0.028846153846153848
0 0.027644230769230768 0.03245192307692308 0.02403846153846154 0.021634615384615384
0 0.027644230769230768 0.47115384615384615 0.03365384615384615 0.03365384615384615
0 0.01201923076923077 0.34134615384615385 0.021634615384615384 0.02403846153846154
0 0.140625 0.3173076923076923 0.02403846153846154 0.03365384615384615
0 0.21995192307692307 0.14543269230769232 0.026442307692307692 0.036057692307692304
0 0.016826923076923076 0.17427884615384615 0.028846153846153848 0.026442307692307692
0 0.21514423076923078 0.04807692307692308 0.02403846153846154 0.028846153846153848
0 0.47475961538461536 0.28966346153846156 0.019230769230769232 0.02403846153846154
0 0.47596153846153844 0.15985576923076922 0.03365384615384615 0.021634615384615384
0 0.33052884615384615 0.042067307692307696 0.03365384615384615 0.028846153846153848
0 0.33533653846153844 0.6117788461538461 0.03365384615384615 0.03365384615384615
0 0.46274038461538464 0.7764423076923077 0.028846153846153848 0.026442307692307692
0 0.6334134615384616 0.7067307692307693 0.036057692307692304 0.028846153846153848
0 0.5564903846153846 0.7367788461538461 0.03365384615384615 0.028846153846153848
0 0.21754807692307693 0.4795673076923077 0.026442307692307692 0.026442307692307692
0 0.30528846153846156 0.5084134615384616 0.03365384615384615 0.028846153846153848
0 0.4254807692307692 0.5829326923076923 0.021634615384615384 0.026442307692307692
0 0.4951923076923077 0.7536057692307693 0.028846153846153848 0.019230769230769232
0 0.5372596153846154 0.8725961538461539 0.021634615384615384 0.02403846153846154
0 0.6850961538461539 0.8870192307692307 0.02403846153846154 0.02403846153846154
0 0.96875 0.9459134615384616 0.04807692307692308 0.0673076923076923
0 0.16346153846153846 0.4026442307692308 0.03365384615384615 0.028846153846153848
0 0.13221153846153846 0.6730769230769231 0.021634615384615384 0.028846153846153848
0 0.4963942307692308 0.6995192307692307 0.03365384615384615 0.038461538461538464
0 0.4182692307692308 0.8112980769230769 0.038461538461538464 0.026442307692307692
0 0.3389423076923077 0.8052884615384616 0.02403846153846154 0.028846153846153848
0 0.3317307692307692 0.6850961538461539 0.019230769230769232 0.028846153846153848
0 0.2668269230769231 0.6730769230769231 0.028846153846153848 0.021634615384615384
0 0.28966346153846156 0.7632211538461539 0.028846153846153848 0.028846153846153848
0 0.6862980769230769 0.3786057692307692 0.03365384615384615 0.026442307692307692
0 0.6045673076923077 0.40384615384615385 0.03365384615384615 0.03365384615384615
0 0.5625 0.8064903846153846 0.019230769230769232 0.019230769230769232
0 0.7163461538461539 0.8257211538461539 0.026442307692307692 0.028846153846153848
0 0.9014423076923077 0.5769230769230769 0.028846153846153848 0.028846153846153848
0 0.8822115384615384 0.6177884615384616 0.028846153846153848 0.021634615384615384
0 0.5877403846153846 0.6201923076923077 0.03365384615384615 0.02403846153846154
0 0.09615384615384616 0.5288461538461539 0.028846153846153848 0.02403846153846154
0 0.051682692307692304 0.5552884615384616 0.019230769230769232 0.019230769230769232
0 0.009615384615384616 0.8521634615384616 0.016826923076923076 0.021634615384615384
0 0.10697115384615384 0.96875 0.02403846153846154 0.021634615384615384
0 0.40865384615384615 0.9855769230769231 0.026442307692307692 0.019230769230769232
0 0.8125 0.6790865384615384 0.028846153846153848 0.03365384615384615
0 0.5612980769230769 0.5276442307692307 0.026442307692307692 0.038461538461538464
0 0.5673076923076923 0.2512019230769231 0.02403846153846154 0.02403846153846154
0 0.3954326923076923 0.08533653846153846 0.028846153846153848 0.03365384615384615
0 0.3112980769230769 0.125 0.04326923076923077 0.03365384615384615
0 0.27163461538461536 0.2548076923076923 0.038461538461538464 0.03125
0 0.2824519230769231 0.296875 0.03365384615384615 0.02403846153846154
0 0.2980769230769231 0.3545673076923077 0.036057692307692304 0.038461538461538464
0 0.037259615384615384 0.6322115384615384 0.028846153846153848 0.026442307692307692
0 0.6129807692307693 0.8858173076923077 0.021634615384615384 0.021634615384615384
0 0.5757211538461539 0.8894230769230769 0.02403846153846154 0.02403846153846154
0 0.6778846153846154 0.8052884615384616 0.028846153846153848 0.019230769230769232
0 0.6598557692307693 0.7752403846153846 0.02403846153846154 0.026442307692307692
0 0.46274038461538464 0.6454326923076923 0.028846153846153848 0.028846153846153848
0 0.8737980769230769 0.5348557692307693 0.02403846153846154 0.019230769230769232
0 0.8365384615384616 0.9459134615384616 0.028846153846153848 0.021634615384615384
0 0.9182692307692307 0.8004807692307693 0.03365384615384615 0.02403846153846154
0 0.9627403846153846 0.7980769230769231 0.028846153846153848 0.02403846153846154
0 0.9086538461538461 0.38822115384615385 0.028846153846153848 0.028846153846153848
0 0.8257211538461539 0.4795673076923077 0.03365384615384615 0.03125
0 0.47836538461538464 0.8269230769230769 0.02403846153846154 0.021634615384615384
0 0.44471153846153844 0.8545673076923077 0.02403846153846154 0.028846153846153848
0 0.40865384615384615 0.8954326923076923 0.03365384615384615 0.021634615384615384
0 0.19471153846153846 0.7692307692307693 0.038461538461538464 0.036057692307692304
0 0.25841346153846156 0.7139423076923077 0.03365384615384615 0.026442307692307692
0 0.5300480769230769 0.9375 0.03365384615384615 0.019230769230769232
0 0.09254807692307693 0.6730769230769231 0.02403846153846154 0.019230769230769232
0 0.8641826923076923 0.8822115384615384 0.019230769230769232 0.016826923076923076
0 0.8461538461538461 0.9038461538461539 0.026442307692307692 0.019230769230769232
0 0.33774038461538464 0.9771634615384616 0.026442307692307692 0.021634615384615384
0 0.49038461538461536 0.41346153846153844 0.038461538461538464 0.040865384615384616