0 0.5276442307692307 0.4206730769230769 0.03365384615384615 0.03365384615384615
0 0.6959134615384616 0.18629807692307693 0.028846153846153848 0.03365384615384615
0 0.7319711538461539 0.3317307692307692 0.028846153846153848 0.026442307692307692
0 0.7596153846153846 0.42788461538461536 0.026442307692307692 0.038461538461538464
0 0.6478365384615384 0.453125 0.03365384615384615 0.038461538461538464
0 0.2692307692307692 0.4170673076923077 0.021634615384615384 0.028846153846153848
0 0.12139423076923077 0.9387019230769231 0.02403846153846154 0.028846153846153848
0 0.6466346153846154 0.5540865384615384 0.028846153846153848 0.02403846153846154
0 0.7668269230769231 0.6610576923076923 0.02403846153846154 0.028846153846153848
0 0.48677884615384615 0.7572115384615384 0.021634615384615384 0.02403846153846154
0 0.6598557692307693 0.3713942307692308 0.028846153846153848 0.028846153846153848
0 0.5492788461538461 0.7512019230769231 0.026442307692307692 0.03365384615384615
0 0.4098557692307692 0.6322115384615384 0.02403846153846154 0.028846153846153848
0 0.31850961538461536 0.6814903846153846 0.014423076923076924 0.036057692307692304
0 0.4567307692307692 0.7055288461538461 0.02403846153846154 0.036057692307692304
0 0.6538461538461539 0.8569711538461539 0.028846153846153848 0.026442307692307692
0 0.5853365384615384 0.7860576923076923 0.026442307692307692 0.03365384615384615
0 0.4110576923076923 0.7536057692307693 0.028846153846153848 0.03365384615384615
0 0.7980769230769231 0.9411057692307693 0.028846153846153848 0.038461538461538464
0 0.5769230769230769 0.9519230769230769 0.03365384615384615 0.02403846153846154
0 0.421875 0.9819711538461539 0.021634615384615384 0.028846153846153848
0 0.38221153846153844 0.9591346153846154 0.021634615384615384 0.02403846153846154
0 0.3425480769230769 0.984375 0.02403846153846154 0.021634615384615384
0 0.23798076923076922 0.9759615384615384 0.019230769230769232 0.028846153846153848
0 0.16947115384615385 0.9723557692307693 0.028846153846153848 0.026442307692307692
0 0.07572115384615384 0.5697115384615384 0.019230769230769232 0.02403846153846154
0 0.06850961538461539 0.2860576923076923 0.026442307692307692 0.03365384615384615
0 0.7572115384615384 0.13341346153846154 0.028846153846153848 0.036057692307692304
0 0.7632211538461539 0.078125 0.03365384615384615 0.03365384615384615
0 0.5961538461538461 0.08413461538461539 0.028846153846153848 0.026442307692307692
0 0.6694711538461539 0.051682692307692304 0.028846153846153848 0.02403846153846154
0 0.9675480769230769 0.027644230769230768 0.021634615384615384 0.02403846153846154
0 0.5288461538461539 0.027644230769230768 0.03365384615384615 0.03365384615384615
0 0.6586538461538461 0.01201923076923077 0.02403846153846154 0.021634615384615384
0 0.6826923076923077 0.140625 0.03365384615384615 0.02403846153846154
0 0.8545673076923077 0.21995192307692307 0.036057692307692304 0.026442307692307692
0 0.8257211538461539 0.016826923076923076 0.026442307692307692 0.028846153846153848
0 0.9519230769230769 0.21514423076923078 0.028846153846153848 0.02403846153846154
0 0.7103365384615384 0.47475961538461536 0.02403846153846154 0.019230769230769232
0 0.8401442307692307 0.47596153846153844 0.021634615384615384 0.03365384615384615
0 0.9579326923076923 0.33052884615384615 0.028846153846153848 0.03365384615384615
0 0.38822115384615385 0.33533653846153844 0.03365384615384615 0.03365384615384615
0 0.22355769230769232 0.46274038461538464 0.026442307692307692 0.028846153846153848
0 0.2932692307692308 0.6334134615384616 0.028846153846153848 0.036057692307692304
0 0.26322115384615385 0.5564903846153846 0.028846153846153848 0.03365384615384615
0 0.5204326923076923 0.21754807692307693 0.026442307692307692 0.026442307692307692
0 0.49158653846153844 0.30528846153846156 0.028846153846153848 0.03365384615384615
0 0.4170673076923077 0.4254807692307692 0.026442307692307692 0.021634615384615384
0 0.24639423076923078 0.4951923076923077 0.019230769230769232 0.028846153846153848
0 0.12740384615384615 0.5372596153846154 0.02403846153846154 0.021634615384615384
0 0.11298076923076923 0.6850961538461539 0.02403846153846154 0.02403846153846154
0 0.054086538461538464 0.96875 0.06971153846153846 0.04807692307692308
0 0.5973557692307693 0.16346153846153846 0.028846153846153848 0.03365384615384615
0 0.3269230769230769 0.13221153846153846 0.028846153846153848 0.021634615384615384
0 0.3004807692307692 0.4963942307692308 0.038461538461538464 0.03365384615384615
0 0.18870192307692307 0.4182692307692308 0.026442307692307692 0.038461538461538464
0 0.19471153846153846 0.3389423076923077 0.028846153846153848 0.02403846153846154
0 0.31490384615384615 0.3317307692307692 0.03125 0.019230769230769232
0 0.3269230769230769 0.2668269230769231 0.021634615384615384 0.028846153846153848
0 0.23677884615384615 0.28966346153846156 0.028846153846153848 0.028846153846153848
0 0.6213942307692307 0.6862980769230769 0.026442307692307692 0.03365384615384615
0 0.5961538461538461 0.6045673076923077 0.03365384615384615 0.03365384615384615
0 0.1935096153846154 0.5625 0.019230769230769232 0.019230769230769232
0 0.17427884615384615 0.7163461538461539 0.028846153846153848 0.026442307692307692
0 0.4230769230769231 0.9014423076923077 0.028846153846153848 0.028846153846153848
0 0.38221153846153844 0.8822115384615384 0.021634615384615384 0.028846153846153848
0 0.3798076923076923 0.5877403846153846 0.02403846153846154 0.03365384615384615
0 0.47115384615384615 0.09615384615384616 0.02403846153846154 0.028846153846153848
0 0.44471153846153844 0.051682692307692304 0.019230769230769232 0.019230769230769232
0 0.14783653846153846 0.009615384615384616 0.021634615384615384 0.016826923076923076
0 0.03125 0.10697115384615384 0.021634615384615384 0.02403846153846154
0 0.014423076923076924 0.40865384615384615 0.021634615384615384 0.026442307692307692
0 0.32091346153846156 0.8125 0.03365384615384615 0.028846153846153848
0 0.4723557692307692 0.5612980769230769 0.038461538461538464 0.026442307692307692
0 0.7487980769230769 0.5673076923076923 0.02403846153846154 0.02403846153846154
0 0.9146634615384616 0.3954326923076923 0.03365384615384615 0.028846153846153848
0 0.875 0.3112980769230769 0.03365384615384615 0.04326923076923077
0 0.7451923076923077 0.27163461538461536 0.03125 0.038461538461538464
0 0.703125 0.2824519230769231 0.02403846153846154 0.03365384615384615
0 0.6454326923076923 0.2980769230769231 0.038461538461538464 0.036057692307692304
0 0.36778846153846156 0.037259615384615384 0.026442307692307692 0.028846153846153848
0 0.1141826923076923 0.6129807692307693 0.021634615384615384 0.021634615384615384
0 0.11057692307692307 0.5757211538461539 0.02403846153846154 0.02403846153846154
0 0.19471153846153846 0.6778846153846154 0.019230769230769232 0.028846153846153848
0 0.2247596153846154 0.6598557692307693 0.026442307692307692 0.02403846153846154
0 0.3545673076923077 0.46274038461538464 0.028846153846153848 0.028846153846153848
0 0.4651442307692308 0.8737980769230769 0.019230769230769232 0.02403846153846154
0 0.054086538461538464 0.8365384615384616 0.019230769230769232 0.028846153846153848
0 0.19951923076923078 0.9182692307692307 0.026442307692307692 0.03365384615384615
0 0.20192307692307693 0.9627403846153846 0.02403846153846154 0.028846153846153848
0 0.6117788461538461 0.9086538461538461 0.028846153846153848 0.028846153846153848
0 0.5204326923076923 0.8257211538461539 0.03125 0.03365384615384615
0 0.17307692307692307 0.47836538461538464 0.021634615384615384 0.02403846153846154
0 0.14543269230769232 0.44471153846153844 0.028846153846153848 0.02403846153846154
0 0.1045673076923077 0.40865384615384615 0.021634615384615384 0.03365384615384615
0 0.23076923076923078 0.19471153846153846 0.036057692307692304 0.040865384615384616
0 0.2860576923076923 0.25841346153846156 0.026442307692307692 0.03365384615384615
0 0.0625 0.5300480769230769 0.021634615384615384 0.03365384615384615
0 0.3269230769230769 0.09254807692307693 0.019230769230769232 0.02403846153846154
0 0.11778846153846154 0.8641826923076923 0.016826923076923076 0.019230769230769232
0 0.09615384615384616 0.8461538461538461 0.019230769230769232 0.026442307692307692
0 0.02283653846153846 0.33774038461538464 0.021634615384615384 0.026442307692307692
0 0.5865384615384616 0.49038461538461536 0.040865384615384616 0.038461538461538464