0 0.5793269230769231 0.5276442307692307 0.03365384615384615 0.03365384615384615
0 0.8137019230769231 0.6959134615384616 0.03365384615384615 0.026442307692307692
0 0.6682692307692307 0.7319711538461539 0.026442307692307692 0.028846153846153848
0 0.5721153846153846 0.7596153846153846 0.038461538461538464 0.026442307692307692
0 0.546875 0.6478365384615384 0.038461538461538464 0.03365384615384615
0 0.5829326923076923 0.2692307692307692 0.028846153846153848 0.021634615384615384
0 0.06129807692307692 0.12139423076923077 0.028846153846153848 0.02403846153846154
0 0.44591346153846156 0.6466346153846154 0.02403846153846154 0.028846153846153848
0 0.3389423076923077 0.7668269230769231 0.028846153846153848 0.02403846153846154
0 0.24278846153846154 0.48677884615384615 0.02403846153846154 0.021634615384615384
0 0.6286057692307693 0.6598557692307693 0.028846153846153848 0.028846153846153848
0 0.24879807692307693 0.5492788461538461 0.03365384615384615 0.026442307692307692
0 0.36778846153846156 0.4098557692307692 0.028846153846153848 0.02403846153846154
0 0.31850961538461536 0.31850961538461536 0.036057692307692304 0.014423076923076924
0 0.29447115384615385 0.4567307692307692 0.036057692307692304 0.02403846153846154
0 0.14302884615384615 0.6538461538461539 0.026442307692307692 0.028846153846153848
0 0.21394230769230768 0.5853365384615384 0.03365384615384615 0.026442307692307692
0 0.24639423076923078 0.4110576923076923 0.03365384615384615 0.028846153846153848
0 0.05889423076923077 0.7980769230769231 0.038461538461538464 0.028846153846153848
0 0.04807692307692308 0.5769230769230769 0.02403846153846154 0.03365384615384615
0 0.018028846153846152 0.421875 0.028846153846153848 0.021634615384615384
0 0.040865384615384616 0.38221153846153844 0.02403846153846154 0.021634615384615384
0 0.015625 0.3425480769230769 0.021634615384615384 0.02403846153846154
0 0.02403846153846154 0.23798076923076922 0.028846153846153848 0.019230769230769232
0 0.027644230769230768 0.16947115384615385 0.026442307692307692 0.028846153846153848
0 0.43028846153846156 0.07572115384615384 0.02403846153846154 0.019230769230769232
0 0.7139423076923077 0.06850961538461539 0.03365384615384615 0.02403846153846154
0 0.8665865384615384 0.7572115384615384 0.036057692307692304 0.028846153846153848
0 0.921875 0.7632211538461539 0.03365384615384615 0.03365384615384615
0 0.9158653846153846 0.5961538461538461 0.026442307692307692 0.028846153846153848
0 0.9483173076923077 0.6694711538461539 0.02403846153846154 0.028846153846153848
0 0.9723557692307693 0.9675480769230769 0.02403846153846154 0.021634615384615384
0 0.9723557692307693 0.5288461538461539 0.03365384615384615 0.03365384615384615
0 0.9879807692307693 0.6586538461538461 0.021634615384615384 0.02403846153846154
0 0.859375 0.6826923076923077 0.02403846153846154 0.03125
0 0.7800480769230769 0.8545673076923077 0.026442307692307692 0.036057692307692304
0 0.9831730769230769 0.8257211538461539 0.028846153846153848 0.026442307692307692
0 0.7848557692307693 0.9519230769230769 0.02403846153846154 0.028846153846153848
0 0.5252403846153846 0.7103365384615384 0.019230769230769232 0.02403846153846154
0 0.5240384615384616 0.8401442307692307 0.03365384615384615 0.021634615384615384
0 0.6694711538461539 0.9579326923076923 0.03365384615384615 0.028846153846153848
0 0.6646634615384616 0.38822115384615385 0.03365384615384615 0.03365384615384615
0 0.5372596153846154 0.22355769230769232 0.028846153846153848 0.026442307692307692
0 0.36658653846153844 0.2932692307692308 0.036057692307692304 0.028846153846153848
0 0.44350961538461536 0.26322115384615385 0.03365384615384615 0.028846153846153848
0 0.7824519230769231 0.5204326923076923 0.026442307692307692 0.026442307692307692
0 0.6947115384615384 0.49158653846153844 0.03365384615384615 0.028846153846153848
0 0.5745192307692307 0.4170673076923077 0.021634615384615384 0.026442307692307692
0 0.5048076923076923 0.24639423076923078 0.028846153846153848 0.019230769230769232
0 0.46274038461538464 0.12740384615384615 0.021634615384615384 0.02403846153846154
0 0.31490384615384615 0.11298076923076923 0.02403846153846154 0.02403846153846154
0 0.03125 0.054086538461538464 0.04807692307692308 0.0673076923076923
0 0.8365384615384616 0.5973557692307693 0.03365384615384615 0.028846153846153848
0 0.8677884615384616 0.3269230769230769 0.021634615384615384 0.028846153846153848
0 0.5036057692307693 0.3004807692307692 0.03365384615384615 0.038461538461538464
0 0.5817307692307693 0.18870192307692307 0.038461538461538464 0.026442307692307692
0 0.6610576923076923 0.19471153846153846 0.02403846153846154 0.028846153846153848
0 0.6682692307692307 0.31490384615384615 0.019230769230769232 0.028846153846153848
0 0.7331730769230769 0.3269230769230769 0.028846153846153848 0.021634615384615384
0 0.7103365384615384 0.23677884615384615 0.028846153846153848 0.028846153846153848
0 0.3137019230769231 0.6213942307692307 0.03365384615384615 0.026442307692307692
0 0.3954326923076923 0.5961538461538461 0.03365384615384615 0.03365384615384615
0 0.4375 0.1935096153846154 0.019230769230769232 0.019230769230769232
0 0.28365384615384615 0.17427884615384615 0.026442307692307692 0.028846153846153848
0 0.0985576923076923 0.4230769230769231 0.028846153846153848 0.028846153846153848
0 0.11778846153846154 0.38221153846153844 0.028846153846153848 0.021634615384615384
0 0.41225961538461536 0.3798076923076923 0.03365384615384615 0.02403846153846154
0 0.9038461538461539 0.47115384615384615 0.028846153846153848 0.02403846153846154
0 0.9483173076923077 0.44471153846153844 0.019230769230769232 0.019230769230769232
0 0.9903846153846154 0.14783653846153846 0.016826923076923076 0.021634615384615384
0 0.8930288461538461 0.03125 0.02403846153846154 0.021634615384615384
0 0.5913461538461539 0.014423076923076924 0.026442307692307692 0.019230769230769232
0 0.1875 0.32091346153846156 0.028846153846153848 0.03365384615384615
0 0.4387019230769231 0.4723557692307692 0.026442307692307692 0.038461538461538464
0 0.4326923076923077 0.7487980769230769 0.02403846153846154 0.02403846153846154
0 0.6045673076923077 0.9146634615384616 0.028846153846153848 0.03125
0 0.6887019230769231 0.875 0.04326923076923077 0.03365384615384615
0 0.7283653846153846 0.7451923076923077 0.038461538461538464 0.03125
0 0.7175480769230769 0.703125 0.03365384615384615 0.02403846153846154
0 0.7019230769230769 0.6454326923076923 0.036057692307692304 0.038461538461538464
0 0.9627403846153846 0.36778846153846156 0.028846153846153848 0.026442307692307692
0 0.3870192307692308 0.1141826923076923 0.021634615384615384 0.021634615384615384
0 0.42427884615384615 0.11057692307692307 0.02403846153846154 0.02403846153846154
0 0.32211538461538464 0.19471153846153846 0.028846153846153848 0.019230769230769232
0 0.3401442307692308 0.2247596153846154 0.02403846153846154 0.026442307692307692
0 0.5372596153846154 0.3545673076923077 0.028846153846153848 0.028846153846153848
0 0.12620192307692307 0.4651442307692308 0.02403846153846154 0.019230769230769232
0 0.16346153846153846 0.054086538461538464 0.028846153846153848 0.019230769230769232
0 0.08173076923076923 0.19951923076923078 0.03365384615384615 0.02403846153846154
0 0.037259615384615384 0.20192307692307693 0.028846153846153848 0.02403846153846154
0 0.09134615384615384 0.6117788461538461 0.028846153846153848 0.028846153846153848
0 0.17427884615384615 0.5204326923076923 0.03365384615384615 0.03125
0 0.5216346153846154 0.17307692307692307 0.02403846153846154 0.021634615384615384
0 0.5552884615384616 0.14543269230769232 0.02403846153846154 0.028846153846153848
0 0.5913461538461539 0.1045673076923077 0.03365384615384615 0.021634615384615384
0 0.8052884615384616 0.23076923076923078 0.038461538461538464 0.036057692307692304
0 0.7415865384615384 0.2860576923076923 0.03365384615384615 0.026442307692307692
0 0.4699519230769231 0.0625 0.03365384615384615 0.019230769230769232
0 0.9074519230769231 0.3269230769230769 0.02403846153846154 0.019230769230769232
0 0.13581730769230768 0.11778846153846154 0.019230769230769232 0.016826923076923076
0 0.15384615384615385 0.09615384615384616 0.026442307692307692 0.019230769230769232
0 0.6622596153846154 0.02283653846153846 0.026442307692307692 0.021634615384615384
0 0.5096153846153846 0.5865384615384616 0.038461538461538464 0.040865384615384616