1 0.8990384615384616 0.765625 0.028846153846153848 0.04326923076923077
1 0.7944711538461539 0.5024038461538461 0.014423076923076924 0.02403846153846154
1 0.7235576923076923 0.5228365384615384 0.016826923076923076 0.021634615384615384
1 0.6670673076923077 0.5336538461538461 0.021634615384615384 0.026442307692307692
1 0.6538461538461539 0.3786057692307692 0.01201923076923077 0.021634615384615384
1 0.5697115384615384 0.33653846153846156 0.02403846153846154 0.03365384615384615
1 0.7067307692307693 0.4543269230769231 0.01201923076923077 0.016826923076923076
1 0.53125 0.18028846153846154 0.014423076923076924 0.016826923076923076
1 0.5120192307692307 0.17548076923076922 0.009615384615384616 0.01201923076923077
1 0.4170673076923077 0.09495192307692307 0.01201923076923077 0.016826923076923076
1 0.7007211538461539 0.19471153846153846 0.026442307692307692 0.03365384615384615
1 0.46033653846153844 0.25240384615384615 0.009615384615384616 0.014423076923076924
1 0.7079326923076923 0.39783653846153844 0.014423076923076924 0.016826923076923076
1 0.5576923076923077 0.42788461538461536 0.014423076923076924 0.016826923076923076
1 0.3125 0.5180288461538461 0.014423076923076924 0.021634615384615384
1 0.8028846153846154 0.7127403846153846 0.009615384615384616 0.014423076923076924