1 0.10096153846153846 0.234375 0.028846153846153848 0.04326923076923077
1 0.20552884615384615 0.49759615384615385 0.014423076923076924 0.02403846153846154
1 0.2764423076923077 0.47716346153846156 0.016826923076923076 0.021634615384615384
1 0.3329326923076923 0.46634615384615385 0.021634615384615384 0.026442307692307692
1 0.34615384615384615 0.6213942307692307 0.01201923076923077 0.021634615384615384
1 0.43028846153846156 0.6634615384615384 0.02403846153846154 0.03365384615384615
1 0.2932692307692308 0.5456730769230769 0.01201923076923077 0.016826923076923076
1 0.46875 0.8197115384615384 0.014423076923076924 0.016826923076923076
1 0.4879807692307692 0.8245192307692307 0.009615384615384616 0.01201923076923077
1 0.5829326923076923 0.9050480769230769 0.01201923076923077 0.016826923076923076
1 0.29927884615384615 0.8052884615384616 0.026442307692307692 0.03365384615384615
1 0.5396634615384616 0.7475961538461539 0.009615384615384616 0.014423076923076924
1 0.2920673076923077 0.6021634615384616 0.014423076923076924 0.016826923076923076
1 0.4423076923076923 0.5721153846153846 0.014423076923076924 0.016826923076923076
1 0.6875 0.48197115384615385 0.014423076923076924 0.021634615384615384
1 0.1971153846153846 0.28725961538461536 0.009615384615384616 0.014423076923076924