1 0.234375 0.8990384615384616 0.04326923076923077 0.028846153846153848
1 0.49759615384615385 0.7944711538461539 0.02403846153846154 0.014423076923076924
1 0.47716346153846156 0.7235576923076923 0.021634615384615384 0.016826923076923076
1 0.46634615384615385 0.6670673076923077 0.026442307692307692 0.021634615384615384
1 0.6213942307692307 0.6538461538461539 0.021634615384615384 0.01201923076923077
1 0.6634615384615384 0.5697115384615384 0.03365384615384615 0.02403846153846154
1 0.5456730769230769 0.7067307692307693 0.016826923076923076 0.01201923076923077
1 0.8197115384615384 0.53125 0.016826923076923076 0.014423076923076924
1 0.8245192307692307 0.5120192307692307 0.01201923076923077 0.009615384615384616
1 0.9050480769230769 0.4170673076923077 0.016826923076923076 0.01201923076923077
1 0.8052884615384616 0.7007211538461539 0.03365384615384615 0.026442307692307692
1 0.7475961538461539 0.46033653846153844 0.014423076923076924 0.009615384615384616
1 0.6021634615384616 0.7079326923076923 0.016826923076923076 0.014423076923076924
1 0.5721153846153846 0.5576923076923077 0.016826923076923076 0.014423076923076924
1 0.48197115384615385 0.3125 0.021634615384615384 0.014423076923076924
1 0.28725961538461536 0.8028846153846154 0.014423076923076924 0.009615384615384616