1 0.35216346153846156 0.3004807692307692 0.04807692307692308 0.02403846153846154
1 0.4855769230769231 0.4074519230769231 0.04807692307692308 0.02403846153846154
1 0.49278846153846156 0.27283653846153844 0.04326923076923077 0.028846153846153848
1 0.6598557692307693 0.34375 0.028846153846153848 0.021634615384615384
1 0.47115384615384615 0.21153846153846154 0.04326923076923077 0.026442307692307692
1 0.6201923076923077 0.5444711538461539 0.04326923076923077 0.019230769230769232
1 0.7307692307692307 0.4963942307692308 0.028846153846153848 0.014423076923076924
1 0.8737980769230769 0.515625 0.036057692307692304 0.019230769230769232
1 0.6911057692307693 0.21514423076923078 0.02403846153846154 0.014423076923076924
1 0.19230769230769232 0.3293269230769231 0.04326923076923077 0.014423076923076924
1 0.09735576923076923 0.02283653846153846 0.03365384615384615 0.02403846153846154
1 0.4579326923076923 0.12860576923076922 0.03365384615384615 0.014423076923076924
1 0.43149038461538464 0.18028846153846154 0.03365384615384615 0.019230769230769232
1 0.5865384615384616 0.17307692307692307 0.02403846153846154 0.019230769230769232
1 0.5612980769230769 0.2403846153846154 0.028846153846153848 0.016826923076923076
1 0.5264423076923077 0.30288461538461536 0.028846153846153848 0.014423076923076924
1 0.49158653846153844 0.32091346153846156 0.028846153846153848 0.019230769230769232
1 0.8341346153846154 0.42427884615384615 0.02403846153846154 0.014423076923076924
1 0.8257211538461539 0.44711538461538464 0.026442307692307692 0.016826923076923076
1 0.6514423076923077 0.31971153846153844 0.02403846153846154 0.014423076923076924
1 0.6105769230769231 0.2980769230769231 0.026442307692307692 0.019230769230769232
1 0.7067307692307693 0.40625 0.026442307692307692 0.016826923076923076
1 0.6754807692307693 0.4338942307692308 0.014423076923076924 0.009615384615384616
1 0.6850961538461539 0.49759615384615385 0.016826923076923076 0.009615384615384616
1 0.6538461538461539 0.5096153846153846 0.019230769230769232 0.009615384615384616
1 0.6514423076923077 0.5420673076923077 0.016826923076923076 0.01201923076923077
1 0.6225961538461539 0.5793269230769231 0.028846153846153848 0.014423076923076924
1 0.43028846153846156 0.5673076923076923 0.04326923076923077 0.019230769230769232
1 0.5600961538461539 0.47475961538461536 0.028846153846153848 0.014423076923076924
1 0.4110576923076923 0.5108173076923077 0.019230769230769232 0.014423076923076924
1 0.4170673076923077 0.5408653846153846 0.016826923076923076 0.009615384615384616
1 0.7944711538461539 0.5552884615384616 0.02403846153846154 0.014423076923076924
1 0.8389423076923077 0.3401442307692308 0.02403846153846154 0.014423076923076924
1 0.8978365384615384 0.5552884615384616 0.02403846153846154 0.014423076923076924
1 0.6730769230769231 0.2668269230769231 0.014423076923076924 0.009615384615384616
1 0.7668269230769231 0.2403846153846154 0.02403846153846154 0.014423076923076924
1 0.7283653846153846 0.3245192307692308 0.019230769230769232 0.014423076923076924
1 0.8942307692307693 0.4735576923076923 0.02403846153846154 0.014423076923076924
1 0.8605769230769231 0.5925480769230769 0.028846153846153848 0.01201923076923077
1 0.8076923076923077 0.4831730769230769 0.016826923076923076 0.009615384615384616
1 0.71875 0.3762019230769231 0.02403846153846154 0.01201923076923077
1 0.6334134615384616 0.44350961538461536 0.019230769230769232 0.01201923076923077
1 0.7055288461538461 0.4483173076923077 0.019230769230769232 0.014423076923076924
1 0.6995192307692307 0.46634615384615385 0.019230769230769232 0.009615384615384616
1 0.7680288461538461 0.36899038461538464 0.02403846153846154 0.014423076923076924
1 0.5120192307692307 0.5204326923076923 0.019230769230769232 0.014423076923076924
1 0.5432692307692307 0.5204326923076923 0.016826923076923076 0.014423076923076924
1 0.5877403846153846 0.5540865384615384 0.02403846153846154 0.014423076923076924
1 0.08533653846153846 0.3112980769230769 0.014423076923076924 0.007211538461538462
1 0.1045673076923077 0.328125 0.02403846153846154 0.014423076923076924
1 0.33413461538461536 0.4567307692307692 0.026442307692307692 0.01201923076923077
1 0.35216346153846156 0.5048076923076923 0.02403846153846154 0.01201923076923077
1 0.3942307692307692 0.46153846153846156 0.019230769230769232 0.014423076923076924
1 0.5865384615384616 0.34375 0.02403846153846154 0.009615384615384616
1 0.5288461538461539 0.359375 0.026442307692307692 0.014423076923076924
1 0.5336538461538461 0.453125 0.02403846153846154 0.014423076923076924
1 0.6153846153846154 0.40384615384615385 0.016826923076923076 0.009615384615384616
1 0.5336538461538461 0.3798076923076923 0.016826923076923076 0.009615384615384616