0 0.9423076923076923 0.4987980769230769 0.04807692307692308 0.04326923076923077
0 0.8305288461538461 0.5180288461538461 0.028846153846153848 0.028846153846153848
0 0.75 0.5324519230769231 0.04807692307692308 0.05048076923076923
0 0.7271634615384616 0.36538461538461536 0.04326923076923077 0.06971153846153846
0 0.8100961538461539 0.4543269230769231 0.05048076923076923 0.028846153846153848
0 0.8257211538461539 0.42427884615384615 0.02403846153846154 0.014423076923076924
0 0.8076923076923077 0.3942307692307692 0.038461538461538464 0.028846153846153848
0 0.5865384615384616 0.42427884615384615 0.038461538461538464 0.038461538461538464
0 0.6021634615384616 0.33533653846153844 0.03365384615384615 0.028846153846153848
0 0.2127403846153846 0.5144230769230769 0.038461538461538464 0.03125
0 0.5456730769230769 0.17908653846153846 0.03365384615384615 0.02403846153846154