0 0.4987980769230769 0.057692307692307696 0.04326923076923077 0.04807692307692308
0 0.5180288461538461 0.16947115384615385 0.028846153846153848 0.028846153846153848
0 0.5324519230769231 0.25 0.05048076923076923 0.04807692307692308
0 0.36538461538461536 0.27283653846153844 0.06971153846153846 0.04326923076923077
0 0.4543269230769231 0.18990384615384615 0.028846153846153848 0.05048076923076923
0 0.42427884615384615 0.17427884615384615 0.014423076923076924 0.02403846153846154
0 0.3942307692307692 0.19230769230769232 0.028846153846153848 0.038461538461538464
0 0.42427884615384615 0.41346153846153844 0.038461538461538464 0.038461538461538464
0 0.33533653846153844 0.39783653846153844 0.028846153846153848 0.03365384615384615
0 0.5144230769230769 0.7872596153846154 0.028846153846153848 0.038461538461538464
0 0.17908653846153846 0.4543269230769231 0.02403846153846154 0.03365384615384615