0 0.59375 0.29086538461538464 0.014423076923076924 0.038461538461538464
0 0.6045673076923077 0.6322115384615384 0.026442307692307692 0.03365384615384615
0 0.7007211538461539 0.5865384615384616 0.014423076923076924 0.028846153846153848
0 0.9507211538461539 0.7872596153846154 0.019230769230769232 0.014423076923076924
0 0.7079326923076923 0.4074519230769231 0.016826923076923076 0.019230769230769232
0 0.9182692307692307 0.4831730769230769 0.02403846153846154 0.02403846153846154
0 0.9242788461538461 0.6454326923076923 0.019230769230769232 0.03365384615384615
0 0.8990384615384616 0.7584134615384616 0.014423076923076924 0.03125
0 0.4170673076923077 0.6358173076923077 0.021634615384615384 0.028846153846153848
0 0.3701923076923077 0.7644230769230769 0.026442307692307692 0.026442307692307692
0 0.26322115384615385 0.8461538461538461 0.02403846153846154 0.028846153846153848
0 0.42788461538461536 0.5865384615384616 0.016826923076923076 0.016826923076923076
0 0.5889423076923077 0.25721153846153844 0.021634615384615384 0.02403846153846154
0 0.6069711538461539 0.3762019230769231 0.019230769230769232 0.02403846153846154
0 0.6983173076923077 0.3245192307692308 0.016826923076923076 0.02403846153846154
0 0.6670673076923077 0.8665865384615384 0.014423076923076924 0.016826923076923076
0 0.5096153846153846 0.43509615384615385 0.014423076923076924 0.026442307692307692
0 0.4074519230769231 0.47475961538461536 0.019230769230769232 0.019230769230769232
0 0.6045673076923077 0.4362980769230769 0.016826923076923076 0.02403846153846154
0 0.6081730769230769 0.5637019230769231 0.019230769230769232 0.02403846153846154
0 0.609375 0.7079326923076923 0.021634615384615384 0.02403846153846154
0 0.6983173076923077 0.8149038461538461 0.016826923076923076 0.028846153846153848
0 0.6502403846153846 0.96875 0.016826923076923076 0.019230769230769232
0 0.8629807692307693 0.9795673076923077 0.009615384615384616 0.019230769230769232
0 0.7427884615384616 0.24519230769230768 0.014423076923076924 0.016826923076923076
0 0.5757211538461539 0.34975961538461536 0.016826923076923076 0.019230769230769232
0 0.5721153846153846 0.43028846153846156 0.014423076923076924 0.016826923076923076
0 0.6610576923076923 0.28365384615384615 0.014423076923076924 0.019230769230769232
0 0.7139423076923077 0.4699519230769231 0.016826923076923076 0.016826923076923076
0 0.7319711538461539 0.6334134615384616 0.014423076923076924 0.01201923076923077
0 0.6682692307692307 0.8137019230769231 0.014423076923076924 0.026442307692307692
0 0.5576923076923077 0.2608173076923077 0.014423076923076924 0.028846153846153848
0 0.4411057692307692 0.41586538461538464 0.016826923076923076 0.028846153846153848
0 0.46274038461538464 0.453125 0.016826923076923076 0.016826923076923076
0 0.36658653846153844 0.6057692307692307 0.021634615384615384 0.028846153846153848
0 0.42427884615384615 0.7716346153846154 0.019230769230769232 0.028846153846153848
0 0.6490384615384616 0.3137019230769231 0.016826923076923076 0.019230769230769232
0 0.5336538461538461 0.2608173076923077 0.016826923076923076 0.02403846153846154
0 0.5072115384615384 0.25841346153846156 0.014423076923076924 0.019230769230769232
0 0.6814903846153846 0.6887019230769231 0.014423076923076924 0.019230769230769232
0 0.5540865384615384 0.7956730769230769 0.019230769230769232 0.028846153846153848
0 0.2956730769230769 0.6394230769230769 0.021634615384615384 0.019230769230769232
0 0.5036057692307693 0.33413461538461536 0.014423076923076924 0.02403846153846154
0 0.46634615384615385 0.3894230769230769 0.016826923076923076 0.02403846153846154
0 0.41346153846153844 0.35216346153846156 0.016826923076923076 0.02403846153846154
0 0.3329326923076923 0.45552884615384615 0.016826923076923076 0.028846153846153848
0 0.3076923076923077 0.5901442307692307 0.021634615384615384 0.028846153846153848
0 0.22956730769230768 0.6454326923076923 0.02403846153846154 0.02403846153846154
0 0.20673076923076922 0.6995192307692307 0.019230769230769232 0.019230769230769232
0 0.5564903846153846 0.5600961538461539 0.016826923076923076 0.016826923076923076
0 0.6370192307692307 0.4951923076923077 0.014423076923076924 0.016826923076923076
0 0.5276442307692307 0.3858173076923077 0.014423076923076924 0.014423076923076924
0 0.7752403846153846 0.33413461538461536 0.014423076923076924 0.016826923076923076
0 0.8473557692307693 0.5625 0.01201923076923077 0.019230769230769232
0 0.7848557692307693 0.5949519230769231 0.009615384615384616 0.016826923076923076
0 0.8341346153846154 0.5817307692307693 0.01201923076923077 0.019230769230769232
0 0.7572115384615384 0.4026442307692308 0.009615384615384616 0.019230769230769232
0 0.5612980769230769 0.40865384615384615 0.014423076923076924 0.016826923076923076
0 0.5396634615384616 0.31971153846153844 0.009615384615384616 0.02403846153846154
0 0.5108173076923077 0.28125 0.019230769230769232 0.014423076923076924
0 0.8521634615384616 0.9002403846153846 0.021634615384615384 0.02403846153846154
0 0.8389423076923077 0.9471153846153846 0.01201923076923077 0.019230769230769232
0 0.3137019230769231 0.5420673076923077 0.016826923076923076 0.019230769230769232
0 0.41225961538461536 0.2608173076923077 0.01201923076923077 0.02403846153846154
0 0.44711538461538464 0.49158653846153844 0.014423076923076924 0.019230769230769232
0 0.3858173076923077 0.4651442307692308 0.014423076923076924 0.019230769230769232
0 0.39302884615384615 0.9867788461538461 0.019230769230769232 0.016826923076923076
0 0.6177884615384616 0.24879807692307693 0.014423076923076924 0.02403846153846154
0 0.7223557692307693 0.234375 0.01201923076923077 0.016826923076923076