0 0.40625 0.7091346153846154 0.014423076923076924 0.038461538461538464
0 0.3954326923076923 0.36778846153846156 0.026442307692307692 0.03365384615384615
0 0.29927884615384615 0.41346153846153844 0.014423076923076924 0.028846153846153848
0 0.04927884615384615 0.2127403846153846 0.019230769230769232 0.014423076923076924
0 0.2920673076923077 0.5925480769230769 0.016826923076923076 0.019230769230769232
0 0.08173076923076923 0.5168269230769231 0.02403846153846154 0.02403846153846154
0 0.07572115384615384 0.3545673076923077 0.019230769230769232 0.03365384615384615
0 0.10096153846153846 0.24158653846153846 0.014423076923076924 0.03125
0 0.5829326923076923 0.3641826923076923 0.021634615384615384 0.028846153846153848
0 0.6298076923076923 0.23557692307692307 0.026442307692307692 0.026442307692307692
0 0.7367788461538461 0.15384615384615385 0.02403846153846154 0.028846153846153848
0 0.5721153846153846 0.41346153846153844 0.016826923076923076 0.016826923076923076
0 0.4110576923076923 0.7427884615384616 0.021634615384615384 0.02403846153846154
0 0.39302884615384615 0.6237980769230769 0.019230769230769232 0.02403846153846154
0 0.3016826923076923 0.6754807692307693 0.016826923076923076 0.02403846153846154
0 0.3329326923076923 0.13341346153846154 0.014423076923076924 0.016826923076923076
0 0.49038461538461536 0.5649038461538461 0.014423076923076924 0.026442307692307692
0 0.5925480769230769 0.5252403846153846 0.019230769230769232 0.019230769230769232
0 0.3954326923076923 0.5637019230769231 0.016826923076923076 0.02403846153846154
0 0.3918269230769231 0.4362980769230769 0.019230769230769232 0.02403846153846154
0 0.390625 0.2920673076923077 0.021634615384615384 0.02403846153846154
0 0.3016826923076923 0.18509615384615385 0.016826923076923076 0.028846153846153848
0 0.34975961538461536 0.03125 0.016826923076923076 0.019230769230769232
0 0.13701923076923078 0.020432692307692308 0.009615384615384616 0.019230769230769232
0 0.25721153846153844 0.7548076923076923 0.014423076923076924 0.016826923076923076
0 0.42427884615384615 0.6502403846153846 0.016826923076923076 0.019230769230769232
0 0.42788461538461536 0.5697115384615384 0.014423076923076924 0.016826923076923076
0 0.3389423076923077 0.7163461538461539 0.014423076923076924 0.019230769230769232
0 0.2860576923076923 0.5300480769230769 0.016826923076923076 0.016826923076923076
0 0.26802884615384615 0.36658653846153844 0.014423076923076924 0.01201923076923077
0 0.3317307692307692 0.18629807692307693 0.014423076923076924 0.026442307692307692
0 0.4423076923076923 0.7391826923076923 0.014423076923076924 0.028846153846153848
0 0.5588942307692307 0.5841346153846154 0.016826923076923076 0.028846153846153848
0 0.5372596153846154 0.546875 0.016826923076923076 0.016826923076923076
0 0.6334134615384616 0.3942307692307692 0.021634615384615384 0.028846153846153848
0 0.5757211538461539 0.2283653846153846 0.019230769230769232 0.028846153846153848
0 0.35096153846153844 0.6862980769230769 0.016826923076923076 0.019230769230769232
0 0.46634615384615385 0.7391826923076923 0.016826923076923076 0.02403846153846154
0 0.49278846153846156 0.7415865384615384 0.014423076923076924 0.019230769230769232
0 0.31850961538461536 0.3112980769230769 0.014423076923076924 0.019230769230769232
0 0.44591346153846156 0.20432692307692307 0.019230769230769232 0.028846153846153848
0 0.7043269230769231 0.3605769230769231 0.021634615384615384 0.019230769230769232
0 0.4963942307692308 0.6658653846153846 0.014423076923076924 0.02403846153846154
0 0.5336538461538461 0.6105769230769231 0.016826923076923076 0.02403846153846154
0 0.5865384615384616 0.6478365384615384 0.016826923076923076 0.02403846153846154
0 0.6670673076923077 0.5444711538461539 0.016826923076923076 0.028846153846153848
0 0.6923076923076923 0.4098557692307692 0.021634615384615384 0.028846153846153848
0 0.7704326923076923 0.3545673076923077 0.02403846153846154 0.02403846153846154
0 0.7932692307692307 0.3004807692307692 0.019230769230769232 0.019230769230769232
0 0.44350961538461536 0.43990384615384615 0.016826923076923076 0.016826923076923076
0 0.3629807692307692 0.5048076923076923 0.014423076923076924 0.016826923076923076
0 0.4723557692307692 0.6141826923076923 0.014423076923076924 0.014423076923076924
0 0.2247596153846154 0.6658653846153846 0.014423076923076924 0.016826923076923076
0 0.15264423076923078 0.4375 0.01201923076923077 0.019230769230769232
0 0.21514423076923078 0.4050480769230769 0.009615384615384616 0.016826923076923076
0 0.1658653846153846 0.4182692307692308 0.01201923076923077 0.019230769230769232
0 0.24278846153846154 0.5973557692307693 0.009615384615384616 0.019230769230769232
0 0.4387019230769231 0.5913461538461539 0.014423076923076924 0.016826923076923076
0 0.46033653846153844 0.6802884615384616 0.009615384615384616 0.02403846153846154
0 0.4891826923076923 0.71875 0.019230769230769232 0.014423076923076924
0 0.14783653846153846 0.09975961538461539 0.021634615384615384 0.02403846153846154
0 0.16105769230769232 0.052884615384615384 0.01201923076923077 0.019230769230769232
0 0.6862980769230769 0.4579326923076923 0.016826923076923076 0.019230769230769232
0 0.5877403846153846 0.7391826923076923 0.01201923076923077 0.02403846153846154
0 0.5528846153846154 0.5084134615384616 0.014423076923076924 0.019230769230769232
0 0.6141826923076923 0.5348557692307693 0.014423076923076924 0.019230769230769232
0 0.6069711538461539 0.013221153846153846 0.019230769230769232 0.016826923076923076
0 0.38221153846153844 0.7512019230769231 0.014423076923076924 0.02403846153846154
0 0.2776442307692308 0.765625 0.01201923076923077 0.016826923076923076