0 0.21634615384615385 0.6370192307692307 0.014423076923076924 0.026442307692307692
0 0.7247596153846154 0.14543269230769232 0.028846153846153848 0.038461538461538464
0 0.5108173076923077 0.5096153846153846 0.019230769230769232 0.028846153846153848
0 0.890625 0.5120192307692307 0.019230769230769232 0.026442307692307692
0 0.9350961538461539 0.6526442307692307 0.021634615384615384 0.04326923076923077
0 0.38341346153846156 0.9014423076923077 0.021634615384615384 0.038461538461538464
0 0.8942307692307693 0.7848557692307693 0.021634615384615384 0.038461538461538464
0 0.796875 0.8954326923076923 0.014423076923076924 0.026442307692307692
0 0.6466346153846154 0.9122596153846154 0.019230769230769232 0.03125
0 0.3076923076923077 0.17067307692307693 0.021634615384615384 0.021634615384615384
0 0.33533653846153844 0.6983173076923077 0.016826923076923076 0.038461538461538464
0 0.5841346153846154 0.6430288461538461 0.021634615384615384 0.028846153846153848
0 0.6430288461538461 0.8461538461538461 0.021634615384615384 0.03365384615384615
0 0.7584134615384616 0.8317307692307693 0.028846153846153848 0.03125
0 0.27524038461538464 0.2800480769230769 0.03365384615384615 0.038461538461538464
0 0.046875 0.5673076923076923 0.014423076923076924 0.038461538461538464
0 0.28365384615384615 0.859375 0.02403846153846154 0.040865384615384616
0 0.71875 0.6658653846153846 0.03365384615384615 0.04326923076923077
0 0.08653846153846154 0.8377403846153846 0.02403846153846154 0.03125
0 0.41346153846153844 0.6862980769230769 0.016826923076923076 0.026442307692307692