0 0.7836538461538461 0.3629807692307692 0.014423076923076924 0.026442307692307692
0 0.27524038461538464 0.8545673076923077 0.028846153846153848 0.036057692307692304
0 0.4891826923076923 0.49038461538461536 0.019230769230769232 0.028846153846153848
0 0.109375 0.4879807692307692 0.019230769230769232 0.026442307692307692
0 0.06490384615384616 0.3473557692307692 0.021634615384615384 0.04326923076923077
0 0.6165865384615384 0.0985576923076923 0.021634615384615384 0.038461538461538464
0 0.10576923076923077 0.21514423076923078 0.021634615384615384 0.038461538461538464
0 0.203125 0.1045673076923077 0.014423076923076924 0.026442307692307692
0 0.35336538461538464 0.08774038461538461 0.019230769230769232 0.03125
0 0.6923076923076923 0.8293269230769231 0.021634615384615384 0.021634615384615384
0 0.6646634615384616 0.3016826923076923 0.016826923076923076 0.038461538461538464
0 0.41586538461538464 0.35697115384615385 0.021634615384615384 0.028846153846153848
0 0.35697115384615385 0.15384615384615385 0.021634615384615384 0.03365384615384615
0 0.24158653846153846 0.16826923076923078 0.028846153846153848 0.03125
0 0.7247596153846154 0.7199519230769231 0.03365384615384615 0.038461538461538464
0 0.953125 0.4326923076923077 0.014423076923076924 0.038461538461538464
0 0.7163461538461539 0.140625 0.02403846153846154 0.038461538461538464
0 0.28125 0.33413461538461536 0.03365384615384615 0.04326923076923077
0 0.9134615384615384 0.1622596153846154 0.02403846153846154 0.03125
0 0.5865384615384616 0.3137019230769231 0.016826923076923076 0.026442307692307692