0 0.5721153846153846 0.3473557692307692 0.016826923076923076 0.021634615384615384
0 0.49038461538461536 0.12620192307692307 0.014423076923076924 0.019230769230769232
0 0.5192307692307693 0.5288461538461539 0.016826923076923076 0.026442307692307692
0 0.46033653846153844 0.28966346153846156 0.014423076923076924 0.021634615384615384
0 0.38822115384615385 0.3713942307692308 0.014423076923076924 0.026442307692307692
0 0.3605769230769231 0.2932692307692308 0.014423076923076924 0.028846153846153848
0 0.5432692307692307 0.16105769230769232 0.01201923076923077 0.014423076923076924
0 0.5204326923076923 0.16105769230769232 0.016826923076923076 0.019230769230769232
0 0.43509615384615385 0.5096153846153846 0.014423076923076924 0.028846153846153848
0 0.9098557692307693 0.15625 0.009615384615384616 0.021634615384615384
0 0.578125 0.17668269230769232 0.009615384615384616 0.019230769230769232
0 0.4963942307692308 0.3786057692307692 0.016826923076923076 0.019230769230769232
0 0.4807692307692308 0.18990384615384615 0.019230769230769232 0.02403846153846154
0 0.6730769230769231 0.48677884615384615 0.016826923076923076 0.02403846153846154
0 0.7391826923076923 0.5336538461538461 0.01201923076923077 0.02403846153846154
0 0.8485576923076923 0.8209134615384616 0.009615384615384616 0.019230769230769232
0 0.9375 0.6009615384615384 0.009615384615384616 0.03125
0 0.8894230769230769 0.41466346153846156 0.009615384615384616 0.014423076923076924
0 0.9350961538461539 0.5456730769230769 0.014423076923076924 0.019230769230769232
0 0.09495192307692307 0.6754807692307693 0.01201923076923077 0.009615384615384616
0 0.055288461538461536 0.7752403846153846 0.014423076923076924 0.026442307692307692
0 0.11057692307692307 0.027644230769230768 0.014423076923076924 0.016826923076923076