0 0.3473557692307692 0.42788461538461536 0.021634615384615384 0.016826923076923076
0 0.12620192307692307 0.5096153846153846 0.019230769230769232 0.014423076923076924
0 0.5288461538461539 0.4807692307692308 0.026442307692307692 0.016826923076923076
0 0.28966346153846156 0.5396634615384616 0.021634615384615384 0.014423076923076924
0 0.3713942307692308 0.6117788461538461 0.026442307692307692 0.014423076923076924
0 0.2932692307692308 0.6394230769230769 0.028846153846153848 0.014423076923076924
0 0.16105769230769232 0.4567307692307692 0.014423076923076924 0.01201923076923077
0 0.16105769230769232 0.4795673076923077 0.019230769230769232 0.016826923076923076
0 0.5096153846153846 0.5649038461538461 0.028846153846153848 0.014423076923076924
0 0.15625 0.09014423076923077 0.021634615384615384 0.009615384615384616
0 0.17668269230769232 0.421875 0.019230769230769232 0.009615384615384616
0 0.3786057692307692 0.5036057692307693 0.019230769230769232 0.016826923076923076
0 0.18990384615384615 0.5192307692307693 0.02403846153846154 0.019230769230769232
0 0.48677884615384615 0.3269230769230769 0.02403846153846154 0.016826923076923076
0 0.5336538461538461 0.2608173076923077 0.02403846153846154 0.01201923076923077
0 0.8209134615384616 0.15144230769230768 0.019230769230769232 0.009615384615384616
0 0.6009615384615384 0.0625 0.03125 0.009615384615384616
0 0.41466346153846156 0.11057692307692307 0.014423076923076924 0.009615384615384616
0 0.5456730769230769 0.06490384615384616 0.019230769230769232 0.014423076923076924
0 0.6754807692307693 0.9050480769230769 0.009615384615384616 0.01201923076923077
0 0.7752403846153846 0.9447115384615384 0.026442307692307692 0.014423076923076924
0 0.027644230769230768 0.8894230769230769 0.016826923076923076 0.014423076923076924