1 0.35096153846153844 0.2692307692307692 0.019230769230769232 0.02403846153846154
1 0.4651442307692308 0.3401442307692308 0.014423076923076924 0.019230769230769232
1 0.42427884615384615 0.40384615384615385 0.019230769230769232 0.02403846153846154
1 0.6370192307692307 0.44350961538461536 0.019230769230769232 0.02403846153846154
1 0.7127403846153846 0.4014423076923077 0.014423076923076924 0.02403846153846154
1 0.7079326923076923 0.4483173076923077 0.019230769230769232 0.028846153846153848
1 0.27884615384615385 0.4387019230769231 0.03365384615384615 0.04326923076923077
1 0.4206730769230769 0.5372596153846154 0.014423076923076924 0.019230769230769232
1 0.5024038461538461 0.4795673076923077 0.021634615384615384 0.021634615384615384
1 0.4651442307692308 0.6418269230769231 0.014423076923076924 0.019230769230769232
1 0.5913461538461539 0.5685096153846154 0.016826923076923076 0.019230769230769232
1 0.578125 0.47836538461538464 0.014423076923076924 0.028846153846153848
1 0.41947115384615385 0.46153846153846156 0.014423076923076924 0.016826923076923076
1 0.4699519230769231 0.5012019230769231 0.01201923076923077 0.016826923076923076
1 0.44591346153846156 0.49038461538461536 0.014423076923076924 0.019230769230769232
1 0.45552884615384615 0.4326923076923077 0.01201923076923077 0.016826923076923076
1 0.4651442307692308 0.5444711538461539 0.014423076923076924 0.02403846153846154
1 0.6358173076923077 0.5889423076923077 0.009615384615384616 0.01201923076923077
1 0.36778846153846156 0.4951923076923077 0.014423076923076924 0.014423076923076924
1 0.6237980769230769 0.35697115384615385 0.016826923076923076 0.021634615384615384
1 0.4891826923076923 0.43990384615384615 0.01201923076923077 0.016826923076923076
1 0.5769230769230769 0.3088942307692308 0.014423076923076924 0.019230769230769232
1 0.38341346153846156 0.4050480769230769 0.009615384615384616 0.01201923076923077
1 0.42427884615384615 0.6033653846153846 0.009615384615384616 0.009615384615384616
1 0.4651442307692308 0.5769230769230769 0.01201923076923077 0.01201923076923077
1 0.3112980769230769 0.5745192307692307 0.01201923076923077 0.021634615384615384
1 0.5168269230769231 0.6069711538461539 0.016826923076923076 0.016826923076923076
1 0.5072115384615384 0.6658653846153846 0.014423076923076924 0.016826923076923076
1 0.34975961538461536 0.4651442307692308 0.014423076923076924 0.019230769230769232
1 0.5673076923076923 0.4411057692307692 0.016826923076923076 0.019230769230769232
1 0.6262019230769231 0.515625 0.01201923076923077 0.016826923076923076
1 0.6129807692307693 0.5264423076923077 0.009615384615384616 0.014423076923076924
1 0.6550480769230769 0.5516826923076923 0.009615384615384616 0.014423076923076924
1 0.6237980769230769 0.5492788461538461 0.009615384615384616 0.014423076923076924
1 0.49158653846153844 0.5132211538461539 0.019230769230769232 0.021634615384615384
1 0.4495192307692308 0.5228365384615384 0.009615384615384616 0.01201923076923077
1 0.45552884615384615 0.2608173076923077 0.014423076923076924 0.016826923076923076
1 0.4495192307692308 0.30528846153846156 0.014423076923076924 0.016826923076923076
1 0.7776442307692307 0.4963942307692308 0.016826923076923076 0.021634615384615384
1 0.5877403846153846 0.6574519230769231 0.016826923076923076 0.014423076923076924
1 0.5913461538461539 0.6189903846153846 0.009615384615384616 0.01201923076923077
1 0.5516826923076923 0.5420673076923077 0.01201923076923077 0.019230769230769232
1 0.5012019230769231 0.33653846153846156 0.014423076923076924 0.016826923076923076
1 0.5360576923076923 0.3233173076923077 0.016826923076923076 0.019230769230769232
1 0.4182692307692308 0.5661057692307693 0.009615384615384616 0.014423076923076924