1 0.6490384615384616 0.7307692307692307 0.019230769230769232 0.02403846153846154
1 0.5348557692307693 0.6598557692307693 0.014423076923076924 0.019230769230769232
1 0.5757211538461539 0.5961538461538461 0.019230769230769232 0.02403846153846154
1 0.3629807692307692 0.5564903846153846 0.019230769230769232 0.02403846153846154
1 0.28725961538461536 0.5985576923076923 0.014423076923076924 0.02403846153846154
1 0.2920673076923077 0.5516826923076923 0.019230769230769232 0.028846153846153848
1 0.7211538461538461 0.5612980769230769 0.03365384615384615 0.04326923076923077
1 0.5793269230769231 0.46274038461538464 0.014423076923076924 0.019230769230769232
1 0.49759615384615385 0.5204326923076923 0.021634615384615384 0.021634615384615384
1 0.5348557692307693 0.3581730769230769 0.014423076923076924 0.019230769230769232
1 0.40865384615384615 0.43149038461538464 0.016826923076923076 0.019230769230769232
1 0.421875 0.5216346153846154 0.014423076923076924 0.028846153846153848
1 0.5805288461538461 0.5384615384615384 0.014423076923076924 0.016826923076923076
1 0.5300480769230769 0.4987980769230769 0.01201923076923077 0.016826923076923076
1 0.5540865384615384 0.5096153846153846 0.014423076923076924 0.019230769230769232
1 0.5444711538461539 0.5673076923076923 0.01201923076923077 0.016826923076923076
1 0.5348557692307693 0.45552884615384615 0.014423076923076924 0.02403846153846154
1 0.3641826923076923 0.4110576923076923 0.009615384615384616 0.01201923076923077
1 0.6322115384615384 0.5048076923076923 0.014423076923076924 0.014423076923076924
1 0.3762019230769231 0.6430288461538461 0.016826923076923076 0.021634615384615384
1 0.5108173076923077 0.5600961538461539 0.01201923076923077 0.016826923076923076
1 0.4230769230769231 0.6911057692307693 0.014423076923076924 0.019230769230769232
1 0.6165865384615384 0.5949519230769231 0.009615384615384616 0.01201923076923077
1 0.5757211538461539 0.39663461538461536 0.009615384615384616 0.009615384615384616
1 0.5348557692307693 0.4230769230769231 0.01201923076923077 0.01201923076923077
1 0.6887019230769231 0.4254807692307692 0.01201923076923077 0.021634615384615384
1 0.4831730769230769 0.39302884615384615 0.016826923076923076 0.016826923076923076
1 0.49278846153846156 0.33413461538461536 0.014423076923076924 0.016826923076923076
1 0.6502403846153846 0.5348557692307693 0.014423076923076924 0.019230769230769232
1 0.4326923076923077 0.5588942307692307 0.016826923076923076 0.019230769230769232
1 0.3737980769230769 0.484375 0.01201923076923077 0.016826923076923076
1 0.3870192307692308 0.4735576923076923 0.009615384615384616 0.014423076923076924
1 0.3449519230769231 0.4483173076923077 0.009615384615384616 0.014423076923076924
1 0.3762019230769231 0.45072115384615385 0.009615384615384616 0.014423076923076924
1 0.5084134615384616 0.48677884615384615 0.019230769230769232 0.021634615384615384
1 0.5504807692307693 0.47716346153846156 0.009615384615384616 0.01201923076923077
1 0.5444711538461539 0.7391826923076923 0.014423076923076924 0.016826923076923076
1 0.5504807692307693 0.6947115384615384 0.014423076923076924 0.016826923076923076
1 0.22235576923076922 0.5036057692307693 0.016826923076923076 0.021634615384615384
1 0.41225961538461536 0.3425480769230769 0.016826923076923076 0.014423076923076924
1 0.40865384615384615 0.38100961538461536 0.009615384615384616 0.01201923076923077
1 0.4483173076923077 0.4579326923076923 0.01201923076923077 0.019230769230769232
1 0.4987980769230769 0.6634615384615384 0.014423076923076924 0.016826923076923076
1 0.4639423076923077 0.6766826923076923 0.016826923076923076 0.019230769230769232
1 0.5817307692307693 0.4338942307692308 0.009615384615384616 0.014423076923076924