0 0.2920673076923077 0.6298076923076923 0.014423076923076924 0.014423076923076924
0 0.8353365384615384 0.47115384615384615 0.014423076923076924 0.02403846153846154
0 0.45913461538461536 0.4543269230769231 0.019230769230769232 0.02403846153846154
0 0.5180288461538461 0.3762019230769231 0.01201923076923077 0.019230769230769232
0 0.5012019230769231 0.5961538461538461 0.02403846153846154 0.02403846153846154
0 0.29447115384615385 0.5528846153846154 0.014423076923076924 0.021634615384615384
0 0.2283653846153846 0.6021634615384616 0.009615384615384616 0.02403846153846154
0 0.19110576923076922 0.5985576923076923 0.019230769230769232 0.014423076923076924
0 0.7620192307692307 0.359375 0.014423076923076924 0.01201923076923077
0 0.3016826923076923 0.5012019230769231 0.01201923076923077 0.014423076923076924
0 0.33052884615384615 0.4579326923076923 0.009615384615384616 0.019230769230769232
0 0.27163461538461536 0.47836538461538464 0.019230769230769232 0.014423076923076924
0 0.3786057692307692 0.5649038461538461 0.014423076923076924 0.014423076923076924
0 0.38822115384615385 0.6201923076923077 0.014423076923076924 0.019230769230769232
0 0.734375 0.44350961538461536 0.014423076923076924 0.019230769230769232
0 0.7524038461538461 0.2860576923076923 0.019230769230769232 0.019230769230769232
0 0.3605769230769231 0.5432692307692307 0.021634615384615384 0.014423076923076924
0 0.4206730769230769 0.5588942307692307 0.014423076923076924 0.028846153846153848
0 0.21754807692307693 0.6694711538461539 0.02403846153846154 0.014423076923076924
0 0.28725961538461536 0.5877403846153846 0.02403846153846154 0.019230769230769232
0 0.31850961538461536 0.5961538461538461 0.019230769230769232 0.02403846153846154
0 0.6189903846153846 0.42427884615384615 0.019230769230769232 0.014423076923076924
0 0.5 0.5252403846153846 0.014423076923076924 0.01201923076923077
0 0.3605769230769231 0.45072115384615385 0.021634615384615384 0.019230769230769232
0 0.36177884615384615 0.6454326923076923 0.02403846153846154 0.021634615384615384
0 0.3329326923076923 0.5625 0.019230769230769232 0.019230769230769232
0 0.3485576923076923 0.7319711538461539 0.019230769230769232 0.014423076923076924
0 0.33774038461538464 0.7920673076923077 0.014423076923076924 0.014423076923076924
0 0.3629807692307692 0.7560096153846154 0.02403846153846154 0.02403846153846154
0 0.2644230769230769 0.5228365384615384 0.014423076923076924 0.014423076923076924
0 0.3954326923076923 0.5168269230769231 0.014423076923076924 0.014423076923076924
0 0.43509615384615385 0.5216346153846154 0.014423076923076924 0.014423076923076924
0 0.2932692307692308 0.8028846153846154 0.02403846153846154 0.014423076923076924
0 0.6706730769230769 0.32091346153846156 0.014423076923076924 0.019230769230769232
0 0.38221153846153844 0.375 0.02403846153846154 0.014423076923076924
0 0.6394230769230769 0.31009615384615385 0.009615384615384616 0.02403846153846154
0 0.5973557692307693 0.25961538461538464 0.019230769230769232 0.019230769230769232
0 0.5661057692307693 0.4110576923076923 0.02403846153846154 0.009615384615384616
0 0.39302884615384615 0.2920673076923077 0.019230769230769232 0.014423076923076924
0 0.15985576923076922 0.5829326923076923 0.019230769230769232 0.019230769230769232
0 0.2920673076923077 0.6814903846153846 0.009615384615384616 0.014423076923076924
0 0.2548076923076923 0.6658653846153846 0.014423076923076924 0.014423076923076924
0 0.5048076923076923 0.3076923076923077 0.014423076923076924 0.01201923076923077
0 0.6622596153846154 0.24759615384615385 0.019230769230769232 0.014423076923076924
0 0.19110576923076922 0.6826923076923077 0.014423076923076924 0.019230769230769232
0 0.5240384615384616 0.6370192307692307 0.019230769230769232 0.021634615384615384
0 0.6526442307692307 0.4206730769230769 0.014423076923076924 0.02403846153846154
0 0.6262019230769231 0.24879807692307693 0.014423076923076924 0.019230769230769232
0 0.40024038461538464 0.18629807692307693 0.014423076923076924 0.014423076923076924
0 0.43509615384615385 0.21514423076923078 0.014423076923076924 0.009615384615384616
0 0.44711538461538464 0.18629807692307693 0.009615384615384616 0.019230769230769232
0 0.18990384615384615 0.5276442307692307 0.014423076923076924 0.019230769230769232
0 0.37259615384615385 0.40865384615384615 0.01201923076923077 0.014423076923076924
0 0.20432692307692307 0.765625 0.014423076923076924 0.019230769230769232
0 0.5564903846153846 0.5132211538461539 0.019230769230769232 0.009615384615384616
0 0.6298076923076923 0.49399038461538464 0.014423076923076924 0.028846153846153848
0 0.43509615384615385 0.32572115384615385 0.014423076923076924 0.019230769230769232
0 0.48197115384615385 0.15264423076923078 0.019230769230769232 0.009615384615384616
0 0.4074519230769231 0.3425480769230769 0.019230769230769232 0.014423076923076924
0 0.25 0.7055288461538461 0.02403846153846154 0.009615384615384616
0 0.3581730769230769 0.6201923076923077 0.01201923076923077 0.019230769230769232
0 0.3629807692307692 0.6802884615384616 0.019230769230769232 0.019230769230769232
0 0.47716346153846156 0.6598557692307693 0.01201923076923077 0.014423076923076924
0 0.546875 0.5769230769230769 0.02403846153846154 0.014423076923076924
0 0.4951923076923077 0.39903846153846156 0.019230769230769232 0.021634615384615384
0 0.48197115384615385 0.25841346153846156 0.014423076923076924 0.02403846153846154
0 0.5048076923076923 0.22596153846153846 0.01201923076923077 0.014423076923076924
0 0.5588942307692307 0.27884615384615385 0.014423076923076924 0.014423076923076924
0 0.5372596153846154 0.2548076923076923 0.014423076923076924 0.014423076923076924
0 0.5492788461538461 0.18990384615384615 0.009615384615384616 0.01201923076923077
0 0.5288461538461539 0.14903846153846154 0.02403846153846154 0.014423076923076924
0 0.30528846153846156 0.6574519230769231 0.019230769230769232 0.014423076923076924