0 0.7079326923076923 0.3701923076923077 0.014423076923076924 0.014423076923076924
0 0.16466346153846154 0.5288461538461539 0.014423076923076924 0.02403846153846154
0 0.5408653846153846 0.5456730769230769 0.019230769230769232 0.02403846153846154
0 0.48197115384615385 0.6237980769230769 0.01201923076923077 0.019230769230769232
0 0.4987980769230769 0.40384615384615385 0.02403846153846154 0.02403846153846154
0 0.7055288461538461 0.44711538461538464 0.014423076923076924 0.021634615384615384
0 0.7716346153846154 0.39783653846153844 0.009615384615384616 0.02403846153846154
0 0.8088942307692307 0.4014423076923077 0.019230769230769232 0.014423076923076924
0 0.23798076923076922 0.640625 0.014423076923076924 0.01201923076923077
0 0.6983173076923077 0.4987980769230769 0.01201923076923077 0.014423076923076924
0 0.6694711538461539 0.5420673076923077 0.009615384615384616 0.019230769230769232
0 0.7283653846153846 0.5216346153846154 0.019230769230769232 0.014423076923076924
0 0.6213942307692307 0.43509615384615385 0.014423076923076924 0.014423076923076924
0 0.6117788461538461 0.3798076923076923 0.014423076923076924 0.019230769230769232
0 0.265625 0.5564903846153846 0.014423076923076924 0.019230769230769232
0 0.24759615384615385 0.7139423076923077 0.019230769230769232 0.019230769230769232
0 0.6394230769230769 0.4567307692307692 0.021634615384615384 0.014423076923076924
0 0.5793269230769231 0.4411057692307692 0.014423076923076924 0.028846153846153848
0 0.7824519230769231 0.33052884615384615 0.02403846153846154 0.014423076923076924
0 0.7127403846153846 0.41225961538461536 0.02403846153846154 0.019230769230769232
0 0.6814903846153846 0.40384615384615385 0.019230769230769232 0.02403846153846154
0 0.38100961538461536 0.5757211538461539 0.019230769230769232 0.014423076923076924
0 0.5 0.47475961538461536 0.014423076923076924 0.01201923076923077
0 0.6394230769230769 0.5492788461538461 0.021634615384615384 0.019230769230769232
0 0.6382211538461539 0.3545673076923077 0.02403846153846154 0.021634615384615384
0 0.6670673076923077 0.4375 0.019230769230769232 0.019230769230769232
0 0.6514423076923077 0.26802884615384615 0.019230769230769232 0.014423076923076924
0 0.6622596153846154 0.20793269230769232 0.014423076923076924 0.014423076923076924
0 0.6370192307692307 0.2439903846153846 0.02403846153846154 0.02403846153846154
0 0.7355769230769231 0.47716346153846156 0.014423076923076924 0.014423076923076924
0 0.6045673076923077 0.4831730769230769 0.014423076923076924 0.014423076923076924
0 0.5649038461538461 0.47836538461538464 0.014423076923076924 0.014423076923076924
0 0.7067307692307693 0.1971153846153846 0.02403846153846154 0.014423076923076924
0 0.3293269230769231 0.6790865384615384 0.014423076923076924 0.019230769230769232
0 0.6177884615384616 0.625 0.02403846153846154 0.014423076923076924
0 0.3605769230769231 0.6899038461538461 0.009615384615384616 0.02403846153846154
0 0.4026442307692308 0.7403846153846154 0.019230769230769232 0.019230769230769232
0 0.4338942307692308 0.5889423076923077 0.02403846153846154 0.009615384615384616
0 0.6069711538461539 0.7079326923076923 0.019230769230769232 0.014423076923076924
0 0.8401442307692307 0.4170673076923077 0.019230769230769232 0.019230769230769232
0 0.7079326923076923 0.31850961538461536 0.009615384615384616 0.014423076923076924
0 0.7451923076923077 0.33413461538461536 0.014423076923076924 0.014423076923076924
0 0.4951923076923077 0.6923076923076923 0.014423076923076924 0.01201923076923077
0 0.33774038461538464 0.7524038461538461 0.019230769230769232 0.014423076923076924
0 0.8088942307692307 0.3173076923076923 0.014423076923076924 0.019230769230769232
0 0.47596153846153844 0.3629807692307692 0.019230769230769232 0.021634615384615384
0 0.3473557692307692 0.5793269230769231 0.014423076923076924 0.02403846153846154
0 0.3737980769230769 0.7512019230769231 0.014423076923076924 0.019230769230769232
0 0.5997596153846154 0.8137019230769231 0.014423076923076924 0.014423076923076924
0 0.5649038461538461 0.7848557692307693 0.014423076923076924 0.009615384615384616
0 0.5528846153846154 0.8137019230769231 0.009615384615384616 0.019230769230769232
0 0.8100961538461539 0.4723557692307692 0.014423076923076924 0.019230769230769232
0 0.6274038461538461 0.5913461538461539 0.01201923076923077 0.014423076923076924
0 0.7956730769230769 0.234375 0.014423076923076924 0.019230769230769232
0 0.44350961538461536 0.48677884615384615 0.019230769230769232 0.009615384615384616
0 0.3701923076923077 0.5060096153846154 0.014423076923076924 0.028846153846153848
0 0.5649038461538461 0.6742788461538461 0.014423076923076924 0.019230769230769232
0 0.5180288461538461 0.8473557692307693 0.019230769230769232 0.009615384615384616
0 0.5925480769230769 0.6574519230769231 0.019230769230769232 0.014423076923076924
0 0.75 0.29447115384615385 0.02403846153846154 0.009615384615384616
0 0.6418269230769231 0.3798076923076923 0.01201923076923077 0.019230769230769232
0 0.6370192307692307 0.31971153846153844 0.019230769230769232 0.019230769230769232
0 0.5228365384615384 0.3401442307692308 0.01201923076923077 0.014423076923076924
0 0.453125 0.4230769230769231 0.02403846153846154 0.014423076923076924
0 0.5048076923076923 0.6009615384615384 0.019230769230769232 0.021634615384615384
0 0.5180288461538461 0.7415865384615384 0.014423076923076924 0.02403846153846154
0 0.4951923076923077 0.7740384615384616 0.01201923076923077 0.014423076923076924
0 0.4411057692307692 0.7211538461538461 0.014423076923076924 0.014423076923076924
0 0.46274038461538464 0.7451923076923077 0.014423076923076924 0.014423076923076924
0 0.45072115384615385 0.8100961538461539 0.009615384615384616 0.01201923076923077
0 0.47115384615384615 0.8509615384615384 0.02403846153846154 0.014423076923076924
0 0.6947115384615384 0.3425480769230769 0.019230769230769232 0.014423076923076924