0 0.5997596153846154 0.6286057692307693 0.057692307692307696 0.019230769230769232
0 0.5877403846153846 0.7199519230769231 0.038461538461538464 0.026442307692307692
0 0.6586538461538461 0.7199519230769231 0.028846153846153848 0.021634615384615384
0 0.7283653846153846 0.6153846153846154 0.038461538461538464 0.021634615384615384
0 0.8377403846153846 0.27524038461538464 0.04326923076923077 0.014423076923076924
0 0.47115384615384615 0.3581730769230769 0.038461538461538464 0.026442307692307692
0 0.3161057692307692 0.4110576923076923 0.038461538461538464 0.026442307692307692
0 0.5552884615384616 0.4567307692307692 0.028846153846153848 0.021634615384615384
0 0.5997596153846154 0.18389423076923078 0.052884615384615384 0.026442307692307692
0 0.5516826923076923 0.5528846153846154 0.038461538461538464 0.021634615384615384
0 0.5661057692307693 0.35336538461538464 0.052884615384615384 0.019230769230769232
0 0.5252403846153846 0.3954326923076923 0.04326923076923077 0.014423076923076924
0 0.49278846153846156 0.4495192307692308 0.028846153846153848 0.014423076923076924
0 0.6141826923076923 0.4014423076923077 0.028846153846153848 0.026442307692307692
0 0.27884615384615385 0.4651442307692308 0.038461538461538464 0.026442307692307692
0 0.41586538461538464 0.5673076923076923 0.038461538461538464 0.021634615384615384
0 0.4963942307692308 0.6177884615384616 0.028846153846153848 0.019230769230769232
0 0.34975961538461536 0.5721153846153846 0.028846153846153848 0.021634615384615384
0 0.41586538461538464 0.21995192307692307 0.038461538461538464 0.026442307692307692
0 0.4230769230769231 0.35336538461538464 0.021634615384615384 0.03365384615384615
0 0.41225961538461536 0.41466346153846156 0.038461538461538464 0.021634615384615384
0 0.44471153846153844 0.6153846153846154 0.028846153846153848 0.014423076923076924
0 0.3858173076923077 0.6262019230769231 0.038461538461538464 0.021634615384615384
0 0.4375 0.6526442307692307 0.04326923076923077 0.026442307692307692
0 0.5144230769230769 0.4170673076923077 0.028846153846153848 0.026442307692307692
0 0.3641826923076923 0.47596153846153844 0.028846153846153848 0.021634615384615384
0 0.7908653846153846 0.3954326923076923 0.028846153846153848 0.019230769230769232
0 0.8533653846153846 0.40865384615384615 0.038461538461538464 0.019230769230769232
0 0.7247596153846154 0.2704326923076923 0.028846153846153848 0.026442307692307692
0 0.4519230769230769 0.41466346153846156 0.038461538461538464 0.019230769230769232
0 0.6586538461538461 0.3605769230769231 0.028846153846153848 0.021634615384615384
0 0.7427884615384616 0.41466346153846156 0.038461538461538464 0.03365384615384615