0 0.40024038461538464 0.3713942307692308 0.057692307692307696 0.019230769230769232
0 0.41225961538461536 0.2800480769230769 0.038461538461538464 0.026442307692307692
0 0.34134615384615385 0.2800480769230769 0.028846153846153848 0.021634615384615384
0 0.27163461538461536 0.38461538461538464 0.038461538461538464 0.021634615384615384
0 0.1622596153846154 0.7247596153846154 0.04326923076923077 0.014423076923076924
0 0.5288461538461539 0.6418269230769231 0.038461538461538464 0.026442307692307692
0 0.6838942307692307 0.5889423076923077 0.038461538461538464 0.026442307692307692
0 0.44471153846153844 0.5432692307692307 0.028846153846153848 0.021634615384615384
0 0.40024038461538464 0.8161057692307693 0.052884615384615384 0.026442307692307692
0 0.4483173076923077 0.44711538461538464 0.038461538461538464 0.021634615384615384
0 0.4338942307692308 0.6466346153846154 0.052884615384615384 0.019230769230769232
0 0.47475961538461536 0.6045673076923077 0.04326923076923077 0.014423076923076924
0 0.5072115384615384 0.5504807692307693 0.028846153846153848 0.014423076923076924
0 0.3858173076923077 0.5985576923076923 0.028846153846153848 0.026442307692307692
0 0.7211538461538461 0.5348557692307693 0.038461538461538464 0.026442307692307692
0 0.5841346153846154 0.4326923076923077 0.038461538461538464 0.021634615384615384
0 0.5036057692307693 0.38221153846153844 0.028846153846153848 0.019230769230769232
0 0.6502403846153846 0.42788461538461536 0.028846153846153848 0.021634615384615384
0 0.5841346153846154 0.7800480769230769 0.038461538461538464 0.026442307692307692
0 0.5769230769230769 0.6466346153846154 0.021634615384615384 0.03365384615384615
0 0.5877403846153846 0.5853365384615384 0.038461538461538464 0.021634615384615384
0 0.5552884615384616 0.38461538461538464 0.028846153846153848 0.014423076923076924
0 0.6141826923076923 0.3737980769230769 0.038461538461538464 0.021634615384615384
0 0.5625 0.3473557692307692 0.04326923076923077 0.026442307692307692
0 0.4855769230769231 0.5829326923076923 0.028846153846153848 0.026442307692307692
0 0.6358173076923077 0.5240384615384616 0.028846153846153848 0.021634615384615384
0 0.2091346153846154 0.6045673076923077 0.028846153846153848 0.019230769230769232
0 0.1466346153846154 0.5913461538461539 0.038461538461538464 0.019230769230769232
0 0.27524038461538464 0.7295673076923077 0.028846153846153848 0.026442307692307692
0 0.5480769230769231 0.5853365384615384 0.038461538461538464 0.019230769230769232
0 0.34134615384615385 0.6394230769230769 0.028846153846153848 0.021634615384615384
0 0.25721153846153844 0.5853365384615384 0.038461538461538464 0.03365384615384615