0 0.828125 0.41466346153846156 0.028846153846153848 0.04326923076923077
0 0.5540865384615384 0.45913461538461536 0.028846153846153848 0.04326923076923077
0 0.5336538461538461 0.8966346153846154 0.028846153846153848 0.04326923076923077
0 0.4170673076923077 0.8293269230769231 0.028846153846153848 0.036057692307692304
0 0.24278846153846154 0.6081730769230769 0.02403846153846154 0.036057692307692304
0 0.5649038461538461 0.6622596153846154 0.03365384615384615 0.04326923076923077
0 0.5288461538461539 0.8425480769230769 0.038461538461538464 0.036057692307692304
0 0.4543269230769231 0.7067307692307693 0.02403846153846154 0.04326923076923077
0 0.328125 0.5288461538461539 0.028846153846153848 0.040865384615384616
0 0.15264423076923078 0.4483173076923077 0.028846153846153848 0.03125
0 0.49278846153846156 0.5072115384615384 0.028846153846153848 0.040865384615384616
0 0.6274038461538461 0.6418269230769231 0.02403846153846154 0.03125
0 0.390625 0.35336538461538464 0.019230769230769232 0.040865384615384616