0 0.171875 0.5853365384615384 0.028846153846153848 0.04326923076923077
0 0.44591346153846156 0.5408653846153846 0.028846153846153848 0.04326923076923077
0 0.46634615384615385 0.10336538461538461 0.028846153846153848 0.04326923076923077
0 0.5829326923076923 0.17067307692307693 0.028846153846153848 0.036057692307692304
0 0.7572115384615384 0.3918269230769231 0.02403846153846154 0.036057692307692304
0 0.43509615384615385 0.33774038461538464 0.03365384615384615 0.04326923076923077
0 0.47115384615384615 0.15745192307692307 0.038461538461538464 0.036057692307692304
0 0.5456730769230769 0.2932692307692308 0.02403846153846154 0.04326923076923077
0 0.671875 0.47115384615384615 0.028846153846153848 0.040865384615384616
0 0.8473557692307693 0.5516826923076923 0.028846153846153848 0.03125
0 0.5072115384615384 0.49278846153846156 0.028846153846153848 0.040865384615384616
0 0.37259615384615385 0.3581730769230769 0.02403846153846154 0.03125
0 0.609375 0.6466346153846154 0.019230769230769232 0.040865384615384616