0 0.8473557692307693 0.6790865384615384 0.04326923076923077 0.02403846153846154
0 0.9350961538461539 0.75 0.03125 0.02403846153846154
0 0.8088942307692307 0.7776442307692307 0.03125 0.02403846153846154
0 0.4795673076923077 0.6634615384615384 0.040865384615384616 0.028846153846153848
0 0.3918269230769231 0.7079326923076923 0.04326923076923077 0.028846153846153848
0 0.23918269230769232 0.5216346153846154 0.052884615384615384 0.038461538461538464
0 0.3737980769230769 0.4519230769230769 0.036057692307692304 0.028846153846153848
0 0.44591346153846156 0.41346153846153844 0.0625 0.038461538461538464
0 0.44591346153846156 0.27524038461538464 0.036057692307692304 0.019230769230769232
0 0.6670673076923077 0.24879807692307693 0.04326923076923077 0.019230769230769232
0 0.6778846153846154 0.45072115384615385 0.04807692307692308 0.028846153846153848
0 0.78125 0.5865384615384616 0.03125 0.028846153846153848
0 0.7836538461538461 0.5576923076923077 0.036057692307692304 0.019230769230769232
0 0.8197115384615384 0.6201923076923077 0.04326923076923077 0.028846153846153848
0 0.4014423076923077 0.25721153846153844 0.036057692307692304 0.038461538461538464
0 0.5793269230769231 0.1502403846153846 0.04807692307692308 0.03365384615384615
0 0.5973557692307693 0.41466346153846156 0.040865384615384616 0.03365384615384615
0 0.7836538461538461 0.4423076923076923 0.04326923076923077 0.03365384615384615
0 0.8377403846153846 0.40865384615384615 0.036057692307692304 0.019230769230769232
0 0.9098557692307693 0.6802884615384616 0.036057692307692304 0.019230769230769232
0 0.8533653846153846 0.8497596153846154 0.03125 0.021634615384615384
0 0.765625 0.8161057692307693 0.036057692307692304 0.028846153846153848
0 0.6334134615384616 0.29447115384615385 0.02403846153846154 0.028846153846153848