0 0.32091346153846156 0.8473557692307693 0.02403846153846154 0.04326923076923077
0 0.25 0.9350961538461539 0.02403846153846154 0.03125
0 0.22235576923076922 0.8088942307692307 0.02403846153846154 0.03125
0 0.33653846153846156 0.4795673076923077 0.028846153846153848 0.040865384615384616
0 0.2920673076923077 0.3918269230769231 0.028846153846153848 0.04326923076923077
0 0.47836538461538464 0.23918269230769232 0.038461538461538464 0.052884615384615384
0 0.5480769230769231 0.3737980769230769 0.028846153846153848 0.036057692307692304
0 0.5865384615384616 0.44591346153846156 0.038461538461538464 0.0625
0 0.7247596153846154 0.44591346153846156 0.019230769230769232 0.036057692307692304
0 0.7512019230769231 0.6670673076923077 0.019230769230769232 0.04326923076923077
0 0.5492788461538461 0.6778846153846154 0.028846153846153848 0.04807692307692308
0 0.41346153846153844 0.78125 0.028846153846153848 0.03125
0 0.4423076923076923 0.7836538461538461 0.019230769230769232 0.036057692307692304
0 0.3798076923076923 0.8197115384615384 0.028846153846153848 0.04326923076923077
0 0.7427884615384616 0.4014423076923077 0.038461538461538464 0.036057692307692304
0 0.8497596153846154 0.5793269230769231 0.03365384615384615 0.04807692307692308
0 0.5853365384615384 0.5973557692307693 0.03365384615384615 0.040865384615384616
0 0.5576923076923077 0.7836538461538461 0.03365384615384615 0.04326923076923077
0 0.5913461538461539 0.8377403846153846 0.019230769230769232 0.036057692307692304
0 0.31971153846153844 0.9098557692307693 0.019230769230769232 0.036057692307692304
0 0.1502403846153846 0.8533653846153846 0.019230769230769232 0.03125
0 0.18389423076923078 0.765625 0.028846153846153848 0.036057692307692304
0 0.7055288461538461 0.6334134615384616 0.028846153846153848 0.02403846153846154