0 0.4050480769230769 0.21033653846153846 0.055288461538461536 0.03125
0 0.8389423076923077 0.47596153846153844 0.02403846153846154 0.026442307692307692
0 0.7091346153846154 0.5420673076923077 0.04807692307692308 0.021634615384615384
0 0.6610576923076923 0.43990384615384615 0.03125 0.026442307692307692
0 0.53125 0.6526442307692307 0.038461538461538464 0.021634615384615384
0 0.5949519230769231 0.7319711538461539 0.055288461538461536 0.03125
0 0.8185096153846154 0.5709134615384616 0.03125 0.026442307692307692
0 0.4567307692307692 0.453125 0.03125 0.03125
0 0.5084134615384616 0.5048076923076923 0.038461538461538464 0.03125
0 0.8942307692307693 0.46634615384615385 0.038461538461538464 0.014423076923076924
0 0.4483173076923077 0.8028846153846154 0.04807692307692308 0.038461538461538464