0 0.7896634615384616 0.4050480769230769 0.03125 0.055288461538461536
0 0.5240384615384616 0.8389423076923077 0.026442307692307692 0.02403846153846154
0 0.4579326923076923 0.7091346153846154 0.021634615384615384 0.04807692307692308
0 0.5600961538461539 0.6610576923076923 0.026442307692307692 0.03125
0 0.3473557692307692 0.53125 0.021634615384615384 0.038461538461538464
0 0.26802884615384615 0.5949519230769231 0.03125 0.055288461538461536
0 0.42908653846153844 0.8185096153846154 0.026442307692307692 0.03125
0 0.546875 0.4567307692307692 0.03125 0.03125
0 0.4951923076923077 0.5084134615384616 0.03125 0.038461538461538464
0 0.5336538461538461 0.8942307692307693 0.014423076923076924 0.038461538461538464
0 0.1971153846153846 0.4483173076923077 0.038461538461538464 0.04807692307692308