0 0.5949519230769231 0.7896634615384616 0.055288461538461536 0.03125
0 0.16105769230769232 0.5240384615384616 0.02403846153846154 0.026442307692307692
0 0.29086538461538464 0.4579326923076923 0.04807692307692308 0.021634615384615384
0 0.3389423076923077 0.5600961538461539 0.03125 0.026442307692307692
0 0.46875 0.3473557692307692 0.038461538461538464 0.021634615384615384
0 0.4050480769230769 0.26802884615384615 0.055288461538461536 0.03125
0 0.1814903846153846 0.42908653846153844 0.03125 0.026442307692307692
0 0.5432692307692307 0.546875 0.03125 0.03125
0 0.49158653846153844 0.4951923076923077 0.038461538461538464 0.03125
0 0.10576923076923077 0.5336538461538461 0.038461538461538464 0.014423076923076924
0 0.5516826923076923 0.1971153846153846 0.04807692307692308 0.038461538461538464