0 0.8269230769230769 0.6153846153846154 0.019230769230769232 0.03125
0 0.8497596153846154 0.6129807692307693 0.014423076923076924 0.019230769230769232
0 0.8641826923076923 0.6334134615384616 0.019230769230769232 0.014423076923076924
0 0.23677884615384615 0.6670673076923077 0.02403846153846154 0.026442307692307692
0 0.6598557692307693 0.051682692307692304 0.03365384615384615 0.03125
0 0.20793269230769232 0.17548076923076922 0.040865384615384616 0.036057692307692304
0 0.15144230769230768 0.265625 0.016826923076923076 0.026442307692307692
0 0.08533653846153846 0.5228365384615384 0.028846153846153848 0.026442307692307692
0 0.04447115384615385 0.49759615384615385 0.028846153846153848 0.03125
0 0.08052884615384616 0.5877403846153846 0.038461538461538464 0.03125
0 0.17307692307692307 0.9735576923076923 0.028846153846153848 0.026442307692307692
0 0.20432692307692307 0.9459134615384616 0.040865384615384616 0.026442307692307692
0 0.421875 0.5853365384615384 0.028846153846153848 0.04326923076923077
0 0.9507211538461539 0.16947115384615385 0.028846153846153848 0.03125
0 0.8966346153846154 0.44591346153846156 0.038461538461538464 0.04326923076923077
0 0.37259615384615385 0.24158653846153846 0.016826923076923076 0.02403846153846154
0 0.15985576923076922 0.3112980769230769 0.028846153846153848 0.026442307692307692
0 0.18870192307692307 0.28365384615384615 0.038461538461538464 0.026442307692307692
0 0.21995192307692307 0.27283653846153844 0.02403846153846154 0.040865384615384616
0 0.4266826923076923 0.24759615384615385 0.016826923076923076 0.026442307692307692
0 0.44711538461538464 0.19591346153846154 0.028846153846153848 0.03125
0 0.47475961538461536 0.04326923076923077 0.028846153846153848 0.040865384615384616
0 0.2920673076923077 0.6598557692307693 0.019230769230769232 0.03125
0 0.1971153846153846 0.6754807692307693 0.019230769230769232 0.026442307692307692
0 0.8774038461538461 0.7932692307692307 0.028846153846153848 0.036057692307692304
0 0.4098557692307692 0.8557692307692307 0.009615384615384616 0.026442307692307692
0 0.6682692307692307 0.38341346153846156 0.028846153846153848 0.0625
0 0.6310096153846154 0.36538461538461536 0.016826923076923076 0.04326923076923077
0 0.5973557692307693 0.3918269230769231 0.028846153846153848 0.026442307692307692
0 0.5853365384615384 0.33774038461538464 0.03365384615384615 0.052884615384615384
0 0.8233173076923077 0.33774038461538464 0.028846153846153848 0.04326923076923077
0 0.6201923076923077 0.48197115384615385 0.016826923076923076 0.026442307692307692
0 0.6117788461538461 0.5228365384615384 0.028846153846153848 0.026442307692307692
0 0.9507211538461539 0.45552884615384615 0.028846153846153848 0.036057692307692304
0 0.3473557692307692 0.5336538461538461 0.019230769230769232 0.02403846153846154