0 0.17307692307692307 0.38461538461538464 0.019230769230769232 0.03125
0 0.1502403846153846 0.3870192307692308 0.014423076923076924 0.019230769230769232
0 0.13581730769230768 0.36658653846153844 0.019230769230769232 0.014423076923076924
0 0.7632211538461539 0.3329326923076923 0.02403846153846154 0.026442307692307692
0 0.3401442307692308 0.9483173076923077 0.03365384615384615 0.03125
0 0.7920673076923077 0.8245192307692307 0.040865384615384616 0.036057692307692304
0 0.8485576923076923 0.734375 0.016826923076923076 0.026442307692307692
0 0.9146634615384616 0.47716346153846156 0.028846153846153848 0.026442307692307692
0 0.9555288461538461 0.5024038461538461 0.028846153846153848 0.03125
0 0.9194711538461539 0.41225961538461536 0.038461538461538464 0.03125
0 0.8269230769230769 0.026442307692307692 0.028846153846153848 0.026442307692307692
0 0.7956730769230769 0.054086538461538464 0.040865384615384616 0.026442307692307692
0 0.578125 0.41466346153846156 0.028846153846153848 0.04326923076923077
0 0.04927884615384615 0.8305288461538461 0.03125 0.03125
0 0.10336538461538461 0.5540865384615384 0.038461538461538464 0.04326923076923077
0 0.6274038461538461 0.7584134615384616 0.016826923076923076 0.02403846153846154
0 0.8401442307692307 0.6887019230769231 0.028846153846153848 0.026442307692307692
0 0.8112980769230769 0.7163461538461539 0.038461538461538464 0.026442307692307692
0 0.7800480769230769 0.7271634615384616 0.02403846153846154 0.040865384615384616
0 0.5733173076923077 0.7524038461538461 0.016826923076923076 0.026442307692307692
0 0.5528846153846154 0.8040865384615384 0.028846153846153848 0.03125
0 0.5252403846153846 0.9567307692307693 0.028846153846153848 0.040865384615384616
0 0.7079326923076923 0.3401442307692308 0.019230769230769232 0.03125
0 0.8028846153846154 0.3245192307692308 0.019230769230769232 0.026442307692307692
0 0.12259615384615384 0.20673076923076922 0.028846153846153848 0.036057692307692304
0 0.5901442307692307 0.14423076923076922 0.009615384615384616 0.026442307692307692
0 0.3317307692307692 0.6165865384615384 0.028846153846153848 0.0625
0 0.36899038461538464 0.6346153846153846 0.016826923076923076 0.04326923076923077
0 0.4026442307692308 0.6081730769230769 0.028846153846153848 0.026442307692307692
0 0.41466346153846156 0.6622596153846154 0.03365384615384615 0.052884615384615384
0 0.17668269230769232 0.6622596153846154 0.028846153846153848 0.04326923076923077
0 0.3798076923076923 0.5180288461538461 0.016826923076923076 0.026442307692307692
0 0.38822115384615385 0.47716346153846156 0.028846153846153848 0.026442307692307692
0 0.04927884615384615 0.5444711538461539 0.03125 0.036057692307692304
0 0.6526442307692307 0.46634615384615385 0.019230769230769232 0.02403846153846154