0 0.3557692307692308 0.6394230769230769 0.014423076923076924 0.016826923076923076
0 0.40384615384615385 0.671875 0.009615384615384616 0.014423076923076924
0 0.5721153846153846 0.4182692307692308 0.014423076923076924 0.004807692307692308
0 0.6310096153846154 0.4326923076923077 0.01201923076923077 0.009615384615384616
0 0.5024038461538461 0.5360576923076923 0.009615384615384616 0.007211538461538462
0 0.49399038461538464 0.515625 0.014423076923076924 0.009615384615384616
0 0.35216346153846156 0.6670673076923077 0.009615384615384616 0.009615384615384616
0 0.3137019230769231 0.640625 0.009615384615384616 0.009615384615384616
0 0.6105769230769231 0.4206730769230769 0.009615384615384616 0.004807692307692308
0 0.5625 0.6262019230769231 0.014423076923076924 0.009615384615384616
0 0.53125 0.5973557692307693 0.009615384615384616 0.01201923076923077
0 0.5745192307692307 0.4831730769230769 0.014423076923076924 0.009615384615384616
0 0.5372596153846154 0.4387019230769231 0.009615384615384616 0.009615384615384616
0 0.5901442307692307 0.4362980769230769 0.014423076923076924 0.007211538461538462
0 0.6514423076923077 0.06610576923076923 0.019230769230769232 0.014423076923076924
0 0.7548076923076923 0.06971153846153846 0.019230769230769232 0.009615384615384616
0 0.7920673076923077 0.078125 0.014423076923076924 0.016826923076923076
0 0.8329326923076923 0.06129807692307692 0.016826923076923076 0.009615384615384616
0 0.42908653846153844 0.5721153846153846 0.014423076923076924 0.009615384615384616
0 0.4074519230769231 0.7728365384615384 0.007211538461538462 0.009615384615384616
0 0.375 0.7512019230769231 0.014423076923076924 0.009615384615384616
0 0.31490384615384615 0.6742788461538461 0.014423076923076924 0.01201923076923077
0 0.21153846153846154 0.6322115384615384 0.014423076923076924 0.01201923076923077
0 0.453125 0.7824519230769231 0.014423076923076924 0.009615384615384616
0 0.4519230769230769 0.7475961538461539 0.009615384615384616 0.004807692307692308
0 0.4723557692307692 0.7307692307692307 0.009615384615384616 0.009615384615384616
0 0.43149038461538464 0.7103365384615384 0.014423076923076924 0.009615384615384616
0 0.4807692307692308 0.6742788461538461 0.009615384615384616 0.01201923076923077
0 0.59375 0.6730769230769231 0.009615384615384616 0.014423076923076924
0 0.5925480769230769 0.6947115384615384 0.01201923076923077 0.009615384615384616
0 0.5673076923076923 0.5901442307692307 0.016826923076923076 0.007211538461538462
0 0.5540865384615384 0.6129807692307693 0.01201923076923077 0.009615384615384616
0 0.5865384615384616 0.5048076923076923 0.014423076923076924 0.007211538461538462
0 0.6694711538461539 0.41586538461538464 0.016826923076923076 0.01201923076923077
0 0.546875 0.46153846153846156 0.014423076923076924 0.009615384615384616
0 0.4639423076923077 0.5528846153846154 0.014423076923076924 0.009615384615384616
0 0.4675480769230769 0.5709134615384616 0.014423076923076924 0.009615384615384616
0 0.5072115384615384 0.5913461538461539 0.01201923076923077 0.009615384615384616
0 0.7103365384615384 0.08653846153846154 0.019230769230769232 0.01201923076923077
0 0.6983173076923077 0.057692307692307696 0.014423076923076924 0.01201923076923077
0 0.6598557692307693 0.042067307692307696 0.02403846153846154 0.014423076923076924
0 0.6189903846153846 0.07692307692307693 0.019230769230769232 0.009615384615384616
0 0.6262019230769231 0.10576923076923077 0.016826923076923076 0.009615384615384616
0 0.6790865384615384 0.10576923076923077 0.014423076923076924 0.01201923076923077
0 0.7379807692307693 0.037259615384615384 0.014423076923076924 0.009615384615384616
0 0.6322115384615384 0.36899038461538464 0.014423076923076924 0.009615384615384616
0 0.5240384615384616 0.5300480769230769 0.019230769230769232 0.009615384615384616
0 0.5877403846153846 0.6237980769230769 0.016826923076923076 0.01201923076923077
0 0.5961538461538461 0.5913461538461539 0.014423076923076924 0.01201923076923077
0 0.4831730769230769 0.625 0.016826923076923076 0.014423076923076924
0 0.5420673076923077 0.6622596153846154 0.009615384615384616 0.01201923076923077
0 0.5649038461538461 0.6526442307692307 0.014423076923076924 0.009615384615384616
0 0.4579326923076923 0.6826923076923077 0.014423076923076924 0.009615384615384616
0 0.4483173076923077 0.6598557692307693 0.014423076923076924 0.009615384615384616
0 0.4375 0.6322115384615384 0.019230769230769232 0.01201923076923077
0 0.40865384615384615 0.5961538461538461 0.016826923076923076 0.009615384615384616
0 0.4170673076923077 0.5408653846153846 0.014423076923076924 0.009615384615384616
0 0.625 0.40625 0.014423076923076924 0.009615384615384616
0 0.8257211538461539 0.08533653846153846 0.009615384615384616 0.009615384615384616
0 0.5480769230769231 0.055288461538461536 0.019230769230769232 0.009615384615384616
0 0.7956730769230769 0.02403846153846154 0.014423076923076924 0.009615384615384616
0 0.8389423076923077 0.015625 0.019230769230769232 0.014423076923076924
0 0.8786057692307693 0.020432692307692308 0.014423076923076924 0.009615384615384616
0 0.9326923076923077 0.040865384615384616 0.014423076923076924 0.014423076923076924
0 0.5192307692307693 0.5528846153846154 0.014423076923076924 0.014423076923076924
0 0.5216346153846154 0.5769230769230769 0.014423076923076924 0.007211538461538462
0 0.5300480769230769 0.7331730769230769 0.014423076923076924 0.01201923076923077
0 0.5060096153846154 0.75 0.014423076923076924 0.01201923076923077
0 0.6213942307692307 0.6045673076923077 0.014423076923076924 0.014423076923076924
0 0.5925480769230769 0.5576923076923077 0.01201923076923077 0.01201923076923077
0 0.5697115384615384 0.3894230769230769 0.014423076923076924 0.009615384615384616
0 0.3954326923076923 0.7091346153846154 0.016826923076923076 0.009615384615384616
0 0.3762019230769231 0.6201923076923077 0.019230769230769232 0.01201923076923077
0 0.38100961538461536 0.6610576923076923 0.014423076923076924 0.014423076923076924
0 0.38341346153846156 0.5588942307692307 0.014423076923076924 0.009615384615384616
0 0.42908653846153844 0.78125 0.009615384615384616 0.009615384615384616
0 0.33653846153846156 0.7271634615384616 0.014423076923076924 0.009615384615384616
0 0.59375 0.41947115384615385 0.009615384615384616 0.009615384615384616
0 0.6225961538461539 0.38822115384615385 0.009615384615384616 0.004807692307692308
0 0.4675480769230769 0.051682692307692304 0.014423076923076924 0.009615384615384616
0 0.5745192307692307 0.036057692307692304 0.014423076923076924 0.009615384615384616
0 0.8137019230769231 0.039663461538461536 0.014423076923076924 0.009615384615384616
0 0.6814903846153846 0.65625 0.019230769230769232 0.009615384615384616
0 0.6478365384615384 0.6586538461538461 0.014423076923076924 0.01201923076923077
0 0.4675480769230769 0.5324519230769231 0.014423076923076924 0.009615384615384616
0 0.5216346153846154 0.47115384615384615 0.01201923076923077 0.01201923076923077
0 0.5685096153846154 0.43149038461538464 0.009615384615384616 0.004807692307692308
0 0.8737980769230769 0.09014423076923077 0.019230769230769232 0.014423076923076924
0 0.7415865384615384 0.09615384615384616 0.014423076923076924 0.016826923076923076
0 0.5144230769230769 0.6778846153846154 0.014423076923076924 0.014423076923076924
0 0.4987980769230769 0.7103365384615384 0.016826923076923076 0.009615384615384616
0 0.53125 0.6983173076923077 0.014423076923076924 0.019230769230769232
0 0.5552884615384616 0.6911057692307693 0.021634615384615384 0.014423076923076924
0 0.5288461538461539 0.6442307692307693 0.019230769230769232 0.01201923076923077
0 0.5096153846153846 0.6213942307692307 0.016826923076923076 0.014423076923076924
0 0.4795673076923077 0.5997596153846154 0.016826923076923076 0.014423076923076924
0 0.5564903846153846 0.5444711538461539 0.014423076923076924 0.014423076923076924
0 0.5300480769230769 0.5096153846153846 0.014423076923076924 0.01201923076923077
0 0.5048076923076923 0.4951923076923077 0.014423076923076924 0.009615384615384616
0 0.5072115384615384 0.4375 0.019230769230769232 0.014423076923076924
0 0.5661057692307693 0.45072115384615385 0.014423076923076924 0.009615384615384616
0 0.46875 0.5108173076923077 0.014423076923076924 0.009615384615384616
0 0.42427884615384615 0.5853365384615384 0.009615384615384616 0.004807692307692308
0 0.4639423076923077 0.7644230769230769 0.014423076923076924 0.009615384615384616
0 0.5925480769230769 0.7223557692307693 0.014423076923076924 0.014423076923076924
0 0.6370192307692307 0.6850961538461539 0.014423076923076924 0.009615384615384616
0 0.6334134615384616 0.625 0.019230769230769232 0.014423076923076924
0 0.6550480769230769 0.609375 0.01201923076923077 0.009615384615384616
0 0.5228365384615384 0.7800480769230769 0.014423076923076924 0.009615384615384616