0 0.6394230769230769 0.6442307692307693 0.016826923076923076 0.014423076923076924
0 0.671875 0.5961538461538461 0.014423076923076924 0.009615384615384616
0 0.4182692307692308 0.42788461538461536 0.004807692307692308 0.014423076923076924
0 0.4326923076923077 0.36899038461538464 0.009615384615384616 0.01201923076923077
0 0.5360576923076923 0.49759615384615385 0.007211538461538462 0.009615384615384616
0 0.515625 0.5060096153846154 0.009615384615384616 0.014423076923076924
0 0.6670673076923077 0.6478365384615384 0.009615384615384616 0.009615384615384616
0 0.640625 0.6862980769230769 0.009615384615384616 0.009615384615384616
0 0.4206730769230769 0.3894230769230769 0.004807692307692308 0.009615384615384616
0 0.6262019230769231 0.4375 0.009615384615384616 0.014423076923076924
0 0.5973557692307693 0.46875 0.01201923076923077 0.009615384615384616
0 0.4831730769230769 0.4254807692307692 0.009615384615384616 0.014423076923076924
0 0.4387019230769231 0.46274038461538464 0.009615384615384616 0.009615384615384616
0 0.4362980769230769 0.4098557692307692 0.007211538461538462 0.014423076923076924
0 0.06610576923076923 0.3485576923076923 0.014423076923076924 0.019230769230769232
0 0.06971153846153846 0.24519230769230768 0.009615384615384616 0.019230769230769232
0 0.078125 0.20793269230769232 0.016826923076923076 0.014423076923076924
0 0.06129807692307692 0.16706730769230768 0.009615384615384616 0.016826923076923076
0 0.5721153846153846 0.5709134615384616 0.009615384615384616 0.014423076923076924
0 0.7728365384615384 0.5925480769230769 0.009615384615384616 0.007211538461538462
0 0.7512019230769231 0.625 0.009615384615384616 0.014423076923076924
0 0.6742788461538461 0.6850961538461539 0.01201923076923077 0.014423076923076924
0 0.6322115384615384 0.7884615384615384 0.01201923076923077 0.014423076923076924
0 0.7824519230769231 0.546875 0.009615384615384616 0.016826923076923076
0 0.7475961538461539 0.5480769230769231 0.004807692307692308 0.009615384615384616
0 0.7307692307692307 0.5276442307692307 0.009615384615384616 0.009615384615384616
0 0.7103365384615384 0.5685096153846154 0.009615384615384616 0.014423076923076924
0 0.6742788461538461 0.5192307692307693 0.01201923076923077 0.009615384615384616
0 0.6730769230769231 0.40625 0.014423076923076924 0.009615384615384616
0 0.6947115384615384 0.4074519230769231 0.009615384615384616 0.01201923076923077
0 0.5901442307692307 0.4326923076923077 0.007211538461538462 0.016826923076923076
0 0.6129807692307693 0.44591346153846156 0.009615384615384616 0.01201923076923077
0 0.5048076923076923 0.41346153846153844 0.007211538461538462 0.014423076923076924
0 0.41586538461538464 0.33052884615384615 0.01201923076923077 0.016826923076923076
0 0.46153846153846156 0.453125 0.009615384615384616 0.014423076923076924
0 0.5528846153846154 0.5360576923076923 0.009615384615384616 0.014423076923076924
0 0.5709134615384616 0.5324519230769231 0.009615384615384616 0.014423076923076924
0 0.5913461538461539 0.49278846153846156 0.009615384615384616 0.01201923076923077
0 0.08653846153846154 0.28966346153846156 0.01201923076923077 0.019230769230769232
0 0.057692307692307696 0.3016826923076923 0.01201923076923077 0.014423076923076924
0 0.042067307692307696 0.3401442307692308 0.014423076923076924 0.02403846153846154
0 0.07692307692307693 0.38100961538461536 0.009615384615384616 0.019230769230769232
0 0.10576923076923077 0.3737980769230769 0.009615384615384616 0.016826923076923076
0 0.10576923076923077 0.32091346153846156 0.01201923076923077 0.014423076923076924
0 0.037259615384615384 0.2620192307692308 0.01201923076923077 0.014423076923076924
0 0.36899038461538464 0.36778846153846156 0.009615384615384616 0.014423076923076924
0 0.5300480769230769 0.47596153846153844 0.009615384615384616 0.019230769230769232
0 0.6237980769230769 0.41225961538461536 0.01201923076923077 0.016826923076923076
0 0.5913461538461539 0.40384615384615385 0.01201923076923077 0.014423076923076924
0 0.625 0.5168269230769231 0.014423076923076924 0.016826923076923076
0 0.6622596153846154 0.4579326923076923 0.01201923076923077 0.009615384615384616
0 0.6526442307692307 0.43509615384615385 0.009615384615384616 0.014423076923076924
0 0.6826923076923077 0.5420673076923077 0.009615384615384616 0.014423076923076924
0 0.6598557692307693 0.5516826923076923 0.009615384615384616 0.014423076923076924
0 0.6322115384615384 0.5625 0.01201923076923077 0.019230769230769232
0 0.5961538461538461 0.5913461538461539 0.009615384615384616 0.016826923076923076
0 0.5408653846153846 0.5829326923076923 0.009615384615384616 0.014423076923076924
0 0.40625 0.375 0.009615384615384616 0.014423076923076924
0 0.08533653846153846 0.17427884615384615 0.009615384615384616 0.009615384615384616
0 0.055288461538461536 0.4519230769230769 0.009615384615384616 0.019230769230769232
0 0.02403846153846154 0.20432692307692307 0.009615384615384616 0.014423076923076924
0 0.015625 0.16105769230769232 0.016826923076923076 0.019230769230769232
0 0.020432692307692308 0.12139423076923077 0.009615384615384616 0.014423076923076924
0 0.040865384615384616 0.0673076923076923 0.016826923076923076 0.014423076923076924
0 0.5528846153846154 0.4807692307692308 0.014423076923076924 0.014423076923076924
0 0.5769230769230769 0.47836538461538464 0.007211538461538462 0.014423076923076924
0 0.7331730769230769 0.4699519230769231 0.01201923076923077 0.014423076923076924
0 0.75 0.49399038461538464 0.01201923076923077 0.014423076923076924
0 0.6045673076923077 0.3786057692307692 0.014423076923076924 0.014423076923076924
0 0.5576923076923077 0.4074519230769231 0.01201923076923077 0.01201923076923077
0 0.3894230769230769 0.43028846153846156 0.009615384615384616 0.014423076923076924
0 0.7091346153846154 0.6045673076923077 0.009615384615384616 0.016826923076923076
0 0.6201923076923077 0.6237980769230769 0.01201923076923077 0.019230769230769232
0 0.6610576923076923 0.6189903846153846 0.014423076923076924 0.014423076923076924
0 0.5588942307692307 0.6165865384615384 0.009615384615384616 0.014423076923076924
0 0.78125 0.5709134615384616 0.009615384615384616 0.01201923076923077
0 0.7271634615384616 0.6634615384615384 0.009615384615384616 0.014423076923076924
0 0.41947115384615385 0.40625 0.009615384615384616 0.009615384615384616
0 0.38822115384615385 0.37740384615384615 0.004807692307692308 0.009615384615384616
0 0.051682692307692304 0.5324519230769231 0.009615384615384616 0.014423076923076924
0 0.036057692307692304 0.4254807692307692 0.009615384615384616 0.014423076923076924
0 0.039663461538461536 0.18629807692307693 0.009615384615384616 0.014423076923076924
0 0.65625 0.31850961538461536 0.009615384615384616 0.019230769230769232
0 0.6586538461538461 0.35216346153846156 0.01201923076923077 0.014423076923076924
0 0.5324519230769231 0.5324519230769231 0.009615384615384616 0.014423076923076924
0 0.47115384615384615 0.47836538461538464 0.01201923076923077 0.01201923076923077
0 0.43149038461538464 0.43149038461538464 0.004807692307692308 0.009615384615384616
0 0.09014423076923077 0.12620192307692307 0.014423076923076924 0.019230769230769232
0 0.09615384615384616 0.25841346153846156 0.016826923076923076 0.014423076923076924
0 0.6778846153846154 0.4855769230769231 0.014423076923076924 0.014423076923076924
0 0.7103365384615384 0.5012019230769231 0.009615384615384616 0.016826923076923076
0 0.6983173076923077 0.46875 0.019230769230769232 0.014423076923076924
0 0.6911057692307693 0.44471153846153844 0.014423076923076924 0.021634615384615384
0 0.6442307692307693 0.47115384615384615 0.01201923076923077 0.019230769230769232
0 0.6213942307692307 0.49038461538461536 0.014423076923076924 0.016826923076923076
0 0.5997596153846154 0.5204326923076923 0.014423076923076924 0.016826923076923076
0 0.5444711538461539 0.44350961538461536 0.014423076923076924 0.014423076923076924
0 0.5096153846153846 0.4699519230769231 0.01201923076923077 0.014423076923076924
0 0.4951923076923077 0.4951923076923077 0.009615384615384616 0.014423076923076924
0 0.4375 0.49278846153846156 0.014423076923076924 0.019230769230769232
0 0.45072115384615385 0.4338942307692308 0.009615384615384616 0.014423076923076924
0 0.5108173076923077 0.53125 0.009615384615384616 0.014423076923076924
0 0.5853365384615384 0.5757211538461539 0.004807692307692308 0.009615384615384616
0 0.7644230769230769 0.5360576923076923 0.009615384615384616 0.014423076923076924
0 0.7223557692307693 0.4074519230769231 0.014423076923076924 0.014423076923076924
0 0.6850961538461539 0.3629807692307692 0.009615384615384616 0.014423076923076924
0 0.625 0.36658653846153844 0.014423076923076924 0.019230769230769232
0 0.609375 0.3449519230769231 0.009615384615384616 0.01201923076923077
0 0.7800480769230769 0.47716346153846156 0.009615384615384616 0.014423076923076924