0 0.6442307692307693 0.3605769230769231 0.014423076923076924 0.016826923076923076
0 0.5961538461538461 0.328125 0.009615384615384616 0.014423076923076924
0 0.42788461538461536 0.5817307692307693 0.014423076923076924 0.004807692307692308
0 0.36899038461538464 0.5673076923076923 0.01201923076923077 0.009615384615384616
0 0.49759615384615385 0.4639423076923077 0.009615384615384616 0.007211538461538462
0 0.5060096153846154 0.484375 0.014423076923076924 0.009615384615384616
0 0.6478365384615384 0.3329326923076923 0.009615384615384616 0.009615384615384616
0 0.6862980769230769 0.359375 0.009615384615384616 0.009615384615384616
0 0.3894230769230769 0.5793269230769231 0.009615384615384616 0.004807692307692308
0 0.4375 0.3737980769230769 0.014423076923076924 0.009615384615384616
0 0.46875 0.4026442307692308 0.009615384615384616 0.01201923076923077
0 0.4254807692307692 0.5168269230769231 0.014423076923076924 0.009615384615384616
0 0.46274038461538464 0.5612980769230769 0.009615384615384616 0.009615384615384616
0 0.4098557692307692 0.5637019230769231 0.014423076923076924 0.007211538461538462
0 0.3485576923076923 0.9338942307692307 0.019230769230769232 0.014423076923076924
0 0.24519230769230768 0.9302884615384616 0.019230769230769232 0.009615384615384616
0 0.20793269230769232 0.921875 0.014423076923076924 0.016826923076923076
0 0.16706730769230768 0.9387019230769231 0.016826923076923076 0.009615384615384616
0 0.5709134615384616 0.42788461538461536 0.014423076923076924 0.009615384615384616
0 0.5925480769230769 0.22716346153846154 0.007211538461538462 0.009615384615384616
0 0.625 0.24879807692307693 0.014423076923076924 0.009615384615384616
0 0.6850961538461539 0.32572115384615385 0.014423076923076924 0.01201923076923077
0 0.7884615384615384 0.36778846153846156 0.014423076923076924 0.01201923076923077
0 0.546875 0.21754807692307693 0.014423076923076924 0.009615384615384616
0 0.5480769230769231 0.25240384615384615 0.009615384615384616 0.004807692307692308
0 0.5276442307692307 0.2692307692307692 0.009615384615384616 0.009615384615384616
0 0.5685096153846154 0.28966346153846156 0.014423076923076924 0.009615384615384616
0 0.5192307692307693 0.32572115384615385 0.009615384615384616 0.01201923076923077
0 0.40625 0.3269230769230769 0.009615384615384616 0.014423076923076924
0 0.4074519230769231 0.30528846153846156 0.01201923076923077 0.009615384615384616
0 0.4326923076923077 0.4098557692307692 0.016826923076923076 0.007211538461538462
0 0.44591346153846156 0.3870192307692308 0.01201923076923077 0.009615384615384616
0 0.41346153846153844 0.4951923076923077 0.014423076923076924 0.007211538461538462
0 0.33052884615384615 0.5841346153846154 0.016826923076923076 0.01201923076923077
0 0.453125 0.5384615384615384 0.014423076923076924 0.009615384615384616
0 0.5360576923076923 0.44711538461538464 0.014423076923076924 0.009615384615384616
0 0.5324519230769231 0.42908653846153844 0.014423076923076924 0.009615384615384616
0 0.49278846153846156 0.40865384615384615 0.01201923076923077 0.009615384615384616
0 0.28966346153846156 0.9134615384615384 0.019230769230769232 0.01201923076923077
0 0.3016826923076923 0.9423076923076923 0.014423076923076924 0.01201923076923077
0 0.3401442307692308 0.9579326923076923 0.02403846153846154 0.014423076923076924
0 0.38100961538461536 0.9230769230769231 0.019230769230769232 0.009615384615384616
0 0.3737980769230769 0.8942307692307693 0.016826923076923076 0.009615384615384616
0 0.32091346153846156 0.8942307692307693 0.014423076923076924 0.01201923076923077
0 0.2620192307692308 0.9627403846153846 0.014423076923076924 0.01201923076923077
0 0.36778846153846156 0.6310096153846154 0.014423076923076924 0.009615384615384616
0 0.47596153846153844 0.4699519230769231 0.019230769230769232 0.009615384615384616
0 0.41225961538461536 0.3762019230769231 0.016826923076923076 0.01201923076923077
0 0.40384615384615385 0.40865384615384615 0.014423076923076924 0.01201923076923077
0 0.5168269230769231 0.375 0.016826923076923076 0.014423076923076924
0 0.4579326923076923 0.33774038461538464 0.009615384615384616 0.01201923076923077
0 0.43509615384615385 0.3473557692307692 0.014423076923076924 0.009615384615384616
0 0.5420673076923077 0.3173076923076923 0.014423076923076924 0.009615384615384616
0 0.5516826923076923 0.3401442307692308 0.014423076923076924 0.009615384615384616
0 0.5625 0.36778846153846156 0.019230769230769232 0.01201923076923077
0 0.5913461538461539 0.40384615384615385 0.016826923076923076 0.009615384615384616
0 0.5829326923076923 0.45913461538461536 0.014423076923076924 0.009615384615384616
0 0.375 0.59375 0.014423076923076924 0.009615384615384616
0 0.17427884615384615 0.9146634615384616 0.009615384615384616 0.009615384615384616
0 0.4519230769230769 0.9447115384615384 0.019230769230769232 0.009615384615384616
0 0.20432692307692307 0.9759615384615384 0.014423076923076924 0.009615384615384616
0 0.16105769230769232 0.984375 0.019230769230769232 0.014423076923076924
0 0.12139423076923077 0.9795673076923077 0.014423076923076924 0.009615384615384616
0 0.0673076923076923 0.9591346153846154 0.014423076923076924 0.014423076923076924
0 0.4807692307692308 0.44711538461538464 0.014423076923076924 0.014423076923076924
0 0.47836538461538464 0.4230769230769231 0.014423076923076924 0.007211538461538462
0 0.4699519230769231 0.2668269230769231 0.014423076923076924 0.01201923076923077
0 0.49399038461538464 0.25 0.014423076923076924 0.01201923076923077
0 0.3786057692307692 0.3954326923076923 0.014423076923076924 0.014423076923076924
0 0.4074519230769231 0.4423076923076923 0.01201923076923077 0.01201923076923077
0 0.43028846153846156 0.6105769230769231 0.014423076923076924 0.009615384615384616
0 0.6045673076923077 0.29086538461538464 0.016826923076923076 0.009615384615384616
0 0.6237980769230769 0.3798076923076923 0.019230769230769232 0.01201923076923077
0 0.6189903846153846 0.3389423076923077 0.014423076923076924 0.014423076923076924
0 0.6165865384615384 0.4411057692307692 0.014423076923076924 0.009615384615384616
0 0.5709134615384616 0.21875 0.009615384615384616 0.009615384615384616
0 0.6634615384615384 0.27283653846153844 0.014423076923076924 0.009615384615384616
0 0.40625 0.5805288461538461 0.009615384615384616 0.009615384615384616
0 0.37740384615384615 0.6117788461538461 0.009615384615384616 0.004807692307692308
0 0.5324519230769231 0.9483173076923077 0.014423076923076924 0.009615384615384616
0 0.4254807692307692 0.9639423076923077 0.014423076923076924 0.009615384615384616
0 0.18629807692307693 0.9603365384615384 0.014423076923076924 0.009615384615384616
0 0.31850961538461536 0.34375 0.019230769230769232 0.009615384615384616
0 0.35216346153846156 0.34134615384615385 0.014423076923076924 0.01201923076923077
0 0.5324519230769231 0.4675480769230769 0.014423076923076924 0.009615384615384616
0 0.47836538461538464 0.5288461538461539 0.01201923076923077 0.01201923076923077
0 0.43149038461538464 0.5685096153846154 0.009615384615384616 0.004807692307692308
0 0.12620192307692307 0.9098557692307693 0.019230769230769232 0.014423076923076924
0 0.25841346153846156 0.9038461538461539 0.014423076923076924 0.016826923076923076
0 0.4855769230769231 0.32211538461538464 0.014423076923076924 0.014423076923076924
0 0.5012019230769231 0.28966346153846156 0.016826923076923076 0.009615384615384616
0 0.46875 0.3016826923076923 0.014423076923076924 0.019230769230769232
0 0.44471153846153844 0.3088942307692308 0.021634615384615384 0.014423076923076924
0 0.47115384615384615 0.3557692307692308 0.019230769230769232 0.01201923076923077
0 0.49038461538461536 0.3786057692307692 0.016826923076923076 0.014423076923076924
0 0.5204326923076923 0.40024038461538464 0.016826923076923076 0.014423076923076924
0 0.44350961538461536 0.45552884615384615 0.014423076923076924 0.014423076923076924
0 0.4699519230769231 0.49038461538461536 0.014423076923076924 0.01201923076923077
0 0.4951923076923077 0.5048076923076923 0.014423076923076924 0.009615384615384616
0 0.49278846153846156 0.5625 0.019230769230769232 0.014423076923076924
0 0.4338942307692308 0.5492788461538461 0.014423076923076924 0.009615384615384616
0 0.53125 0.4891826923076923 0.014423076923076924 0.009615384615384616
0 0.5757211538461539 0.41466346153846156 0.009615384615384616 0.004807692307692308
0 0.5360576923076923 0.23557692307692307 0.014423076923076924 0.009615384615384616
0 0.4074519230769231 0.2776442307692308 0.014423076923076924 0.014423076923076924
0 0.3629807692307692 0.31490384615384615 0.014423076923076924 0.009615384615384616
0 0.36658653846153844 0.375 0.019230769230769232 0.014423076923076924
0 0.3449519230769231 0.390625 0.01201923076923077 0.009615384615384616
0 0.47716346153846156 0.21995192307692307 0.014423076923076924 0.009615384615384616