1 0.16466346153846154 0.578125 0.028846153846153848 0.03125
1 0.46274038461538464 0.7379807692307693 0.03365384615384615 0.016826923076923076
1 0.5108173076923077 0.6742788461538461 0.038461538461538464 0.016826923076923076
1 0.47115384615384615 0.5216346153846154 0.028846153846153848 0.019230769230769232
1 0.48677884615384615 0.43509615384615385 0.026442307692307692 0.014423076923076924
1 0.22355769230769232 0.05889423076923077 0.03365384615384615 0.026442307692307692
1 0.9759615384615384 0.11177884615384616 0.03365384615384615 0.021634615384615384
1 0.3545673076923077 0.359375 0.038461538461538464 0.019230769230769232
1 0.6526442307692307 0.5733173076923077 0.016826923076923076 0.014423076923076924
1 0.6213942307692307 0.49399038461538464 0.026442307692307692 0.021634615384615384
1 0.6310096153846154 0.38822115384615385 0.016826923076923076 0.014423076923076924
1 0.7079326923076923 0.3605769230769231 0.019230769230769232 0.016826923076923076
1 0.7091346153846154 0.45913461538461536 0.016826923076923076 0.019230769230769232
1 0.8197115384615384 0.5793269230769231 0.026442307692307692 0.019230769230769232
1 0.8112980769230769 0.48197115384615385 0.028846153846153848 0.016826923076923076
1 0.8737980769230769 0.49278846153846156 0.021634615384615384 0.021634615384615384
1 0.8365384615384616 0.5204326923076923 0.021634615384615384 0.019230769230769232
1 0.8389423076923077 0.5432692307692307 0.026442307692307692 0.014423076923076924
1 0.18028846153846154 0.47836538461538464 0.021634615384615384 0.019230769230769232
1 0.15504807692307693 0.3004807692307692 0.026442307692307692 0.019230769230769232
1 0.1814903846153846 0.8497596153846154 0.019230769230769232 0.016826923076923076