1 0.421875 0.16466346153846154 0.03125 0.028846153846153848
1 0.2620192307692308 0.46274038461538464 0.016826923076923076 0.03365384615384615
1 0.32572115384615385 0.5108173076923077 0.016826923076923076 0.038461538461538464
1 0.47836538461538464 0.47115384615384615 0.019230769230769232 0.028846153846153848
1 0.5649038461538461 0.48677884615384615 0.014423076923076924 0.026442307692307692
1 0.9411057692307693 0.22355769230769232 0.026442307692307692 0.03365384615384615
1 0.8882211538461539 0.9759615384615384 0.021634615384615384 0.03365384615384615
1 0.640625 0.3545673076923077 0.019230769230769232 0.038461538461538464
1 0.4266826923076923 0.6526442307692307 0.014423076923076924 0.016826923076923076
1 0.5060096153846154 0.6213942307692307 0.021634615384615384 0.026442307692307692
1 0.6117788461538461 0.6310096153846154 0.014423076923076924 0.016826923076923076
1 0.6394230769230769 0.7079326923076923 0.016826923076923076 0.019230769230769232
1 0.5408653846153846 0.7091346153846154 0.019230769230769232 0.016826923076923076
1 0.4206730769230769 0.8197115384615384 0.019230769230769232 0.026442307692307692
1 0.5180288461538461 0.8112980769230769 0.016826923076923076 0.028846153846153848
1 0.5072115384615384 0.8737980769230769 0.021634615384615384 0.021634615384615384
1 0.4795673076923077 0.8365384615384616 0.019230769230769232 0.021634615384615384
1 0.4567307692307692 0.8389423076923077 0.014423076923076924 0.026442307692307692
1 0.5216346153846154 0.18028846153846154 0.019230769230769232 0.021634615384615384
1 0.6995192307692307 0.15504807692307693 0.019230769230769232 0.026442307692307692
1 0.1502403846153846 0.1814903846153846 0.016826923076923076 0.019230769230769232