0 0.30649038461538464 0.5324519230769231 0.02403846153846154 0.03365384615384615
0 0.5769230769230769 0.2932692307692308 0.009615384615384616 0.019230769230769232
0 0.796875 0.9206730769230769 0.019230769230769232 0.03365384615384615
0 0.3317307692307692 0.6778846153846154 0.014423076923076924 0.028846153846153848
0 0.5384615384615384 0.47836538461538464 0.014423076923076924 0.02403846153846154
0 0.5084134615384616 0.26322115384615385 0.014423076923076924 0.019230769230769232
0 0.5396634615384616 0.2692307692307692 0.009615384615384616 0.02403846153846154
0 0.2776442307692308 0.4074519230769231 0.016826923076923076 0.03365384615384615
0 0.3088942307692308 0.3786057692307692 0.01201923076923077 0.02403846153846154
0 0.47596153846153844 0.34615384615384615 0.014423076923076924 0.01201923076923077
0 0.4987980769230769 0.2403846153846154 0.014423076923076924 0.014423076923076924
0 0.4675480769230769 0.2247596153846154 0.009615384615384616 0.019230769230769232
0 0.6286057692307693 0.2247596153846154 0.016826923076923076 0.019230769230769232
0 0.35336538461538464 0.25961538461538464 0.02403846153846154 0.028846153846153848
0 0.4110576923076923 0.41947115384615385 0.014423076923076924 0.028846153846153848
0 0.44591346153846156 0.8858173076923077 0.016826923076923076 0.028846153846153848
0 0.34615384615384615 0.7920673076923077 0.021634615384615384 0.019230769230769232
0 0.3317307692307692 0.7560096153846154 0.019230769230769232 0.02403846153846154
0 0.3786057692307692 0.9182692307692307 0.021634615384615384 0.03365384615384615
0 0.22235576923076922 0.22956730769230768 0.016826923076923076 0.02403846153846154
0 0.27283653846153844 0.5372596153846154 0.014423076923076924 0.02403846153846154
0 0.5132211538461539 0.4855769230769231 0.014423076923076924 0.03365384615384615
0 0.5528846153846154 0.13581730769230768 0.016826923076923076 0.02403846153846154
0 0.4987980769230769 0.19591346153846154 0.009615384615384616 0.019230769230769232