0 0.11538461538461539 0.5757211538461539 0.04567307692307692 0.02403846153846154
0 0.328125 0.3545673076923077 0.02403846153846154 0.016826923076923076
0 0.7211538461538461 0.35697115384615385 0.016826923076923076 0.019230769230769232
0 0.6322115384615384 0.3894230769230769 0.02403846153846154 0.009615384615384616
0 0.5432692307692307 0.7163461538461539 0.038461538461538464 0.028846153846153848
0 0.5024038461538461 0.6730769230769231 0.028846153846153848 0.02403846153846154
0 0.8365384615384616 0.4795673076923077 0.028846153846153848 0.016826923076923076
0 0.6574519230769231 0.5709134615384616 0.028846153846153848 0.019230769230769232
0 0.6262019230769231 0.49278846153846156 0.02403846153846154 0.016826923076923076
0 0.9050480769230769 0.4891826923076923 0.028846153846153848 0.016826923076923076
0 0.4483173076923077 0.7427884615384616 0.02403846153846154 0.016826923076923076
0 0.4735576923076923 0.4338942307692308 0.016826923076923076 0.016826923076923076
0 0.7235576923076923 0.4567307692307692 0.02403846153846154 0.014423076923076924
0 0.8509615384615384 0.578125 0.02403846153846154 0.014423076923076924
0 0.8701923076923077 0.5204326923076923 0.028846153846153848 0.016826923076923076
0 0.12980769230769232 0.47716346153846156 0.028846153846153848 0.014423076923076924