0 0.42427884615384615 0.11538461538461539 0.02403846153846154 0.04567307692307692
0 0.6454326923076923 0.328125 0.016826923076923076 0.02403846153846154
0 0.6430288461538461 0.7211538461538461 0.019230769230769232 0.016826923076923076
0 0.6105769230769231 0.6322115384615384 0.009615384615384616 0.02403846153846154
0 0.28365384615384615 0.5432692307692307 0.028846153846153848 0.038461538461538464
0 0.3269230769230769 0.5024038461538461 0.02403846153846154 0.028846153846153848
0 0.5204326923076923 0.8365384615384616 0.016826923076923076 0.028846153846153848
0 0.42908653846153844 0.6574519230769231 0.019230769230769232 0.028846153846153848
0 0.5072115384615384 0.6262019230769231 0.016826923076923076 0.02403846153846154
0 0.5108173076923077 0.9050480769230769 0.016826923076923076 0.028846153846153848
0 0.25721153846153844 0.4483173076923077 0.016826923076923076 0.02403846153846154
0 0.5661057692307693 0.4735576923076923 0.016826923076923076 0.016826923076923076
0 0.5432692307692307 0.7235576923076923 0.014423076923076924 0.02403846153846154
0 0.421875 0.8509615384615384 0.014423076923076924 0.02403846153846154
0 0.4795673076923077 0.8701923076923077 0.016826923076923076 0.028846153846153848
0 0.5228365384615384 0.12980769230769232 0.014423076923076924 0.028846153846153848