0 0.5372596153846154 0.40625 0.057692307692307696 0.038461538461538464
0 0.32572115384615385 0.42427884615384615 0.057692307692307696 0.04326923076923077
0 0.4387019230769231 0.14182692307692307 0.04326923076923077 0.02403846153846154
0 0.47115384615384615 0.5625 0.02403846153846154 0.02403846153846154
0 0.38100961538461536 0.6490384615384616 0.04326923076923077 0.028846153846153848
0 0.39663461538461536 0.9423076923076923 0.038461538461538464 0.028846153846153848
0 0.6911057692307693 0.45552884615384615 0.038461538461538464 0.03125
0 0.7596153846153846 0.5733173076923077 0.038461538461538464 0.028846153846153848
0 0.9795673076923077 0.578125 0.026442307692307692 0.02403846153846154
0 0.9471153846153846 0.6670673076923077 0.03365384615384615 0.028846153846153848
0 0.6322115384615384 0.07572115384615384 0.028846153846153848 0.02403846153846154
0 0.5168269230769231 0.03485576923076923 0.03365384615384615 0.016826923076923076
0 0.47716346153846156 0.5240384615384616 0.01201923076923077 0.019230769230769232
0 0.5036057692307693 0.5456730769230769 0.016826923076923076 0.009615384615384616
0 0.11899038461538461 0.5492788461538461 0.021634615384615384 0.016826923076923076
0 0.09615384615384616 0.3245192307692308 0.02403846153846154 0.019230769230769232
0 0.24639423076923078 0.026442307692307692 0.026442307692307692 0.016826923076923076