0 0.59375 0.5372596153846154 0.038461538461538464 0.057692307692307696
0 0.5757211538461539 0.32572115384615385 0.04326923076923077 0.057692307692307696
0 0.8581730769230769 0.4387019230769231 0.02403846153846154 0.04326923076923077
0 0.4375 0.47115384615384615 0.02403846153846154 0.02403846153846154
0 0.35096153846153844 0.38100961538461536 0.028846153846153848 0.04326923076923077
0 0.057692307692307696 0.39663461538461536 0.028846153846153848 0.038461538461538464
0 0.5444711538461539 0.6911057692307693 0.03125 0.038461538461538464
0 0.4266826923076923 0.7596153846153846 0.028846153846153848 0.038461538461538464
0 0.421875 0.9795673076923077 0.02403846153846154 0.026442307692307692
0 0.3329326923076923 0.9471153846153846 0.028846153846153848 0.03365384615384615
0 0.9242788461538461 0.6322115384615384 0.02403846153846154 0.028846153846153848
0 0.9651442307692307 0.5168269230769231 0.016826923076923076 0.03365384615384615
0 0.47596153846153844 0.47716346153846156 0.019230769230769232 0.01201923076923077
0 0.4543269230769231 0.5036057692307693 0.009615384615384616 0.016826923076923076
0 0.45072115384615385 0.11899038461538461 0.016826923076923076 0.021634615384615384
0 0.6754807692307693 0.09615384615384616 0.019230769230769232 0.02403846153846154
0 0.9735576923076923 0.24639423076923078 0.016826923076923076 0.026442307692307692