0 0.23076923076923078 0.6346153846153846 0.019230769230769232 0.009615384615384616
0 0.30528846153846156 0.6418269230769231 0.014423076923076924 0.007211538461538462
0 0.3076923076923077 0.625 0.009615384615384616 0.007211538461538462
0 0.2608173076923077 0.3581730769230769 0.019230769230769232 0.009615384615384616
0 0.17548076923076922 0.7680288461538461 0.019230769230769232 0.009615384615384616
0 0.1875 0.8004807692307693 0.019230769230769232 0.009615384615384616
0 0.11899038461538461 0.7271634615384616 0.01201923076923077 0.01201923076923077
0 0.2800480769230769 0.5540865384615384 0.014423076923076924 0.01201923076923077
0 0.3737980769230769 0.5204326923076923 0.01201923076923077 0.009615384615384616
0 0.34975961538461536 0.5252403846153846 0.014423076923076924 0.01201923076923077
0 0.3545673076923077 0.5036057692307693 0.014423076923076924 0.009615384615384616
0 0.3545673076923077 0.4423076923076923 0.014423076923076924 0.01201923076923077
0 0.3076923076923077 0.6730769230769231 0.014423076923076924 0.007211538461538462
0 0.33052884615384615 0.5949519230769231 0.014423076923076924 0.007211538461538462
0 0.3389423076923077 0.5480769230769231 0.01201923076923077 0.004807692307692308
0 0.27403846153846156 0.42788461538461536 0.019230769230769232 0.01201923076923077
0 0.31009615384615385 0.4387019230769231 0.019230769230769232 0.01201923076923077
0 0.5504807692307693 0.5060096153846154 0.014423076923076924 0.014423076923076924
0 0.48677884615384615 0.45552884615384615 0.019230769230769232 0.01201923076923077
0 0.35336538461538464 0.36538461538461536 0.019230769230769232 0.014423076923076924
0 0.43028846153846156 0.3870192307692308 0.014423076923076924 0.01201923076923077
0 0.48677884615384615 0.3762019230769231 0.019230769230769232 0.014423076923076924
0 0.25841346153846156 0.7944711538461539 0.019230769230769232 0.009615384615384616
0 0.3737980769230769 0.33774038461538464 0.019230769230769232 0.014423076923076924
0 0.44591346153846156 0.41586538461538464 0.019230769230769232 0.014423076923076924
0 0.3076923076923077 0.6069711538461539 0.009615384615384616 0.009615384615384616
0 0.2920673076923077 0.5769230769230769 0.014423076923076924 0.009615384615384616
0 0.2668269230769231 0.46875 0.019230769230769232 0.01201923076923077
0 0.23557692307692307 0.45913461538461536 0.009615384615384616 0.01201923076923077
0 0.3004807692307692 0.46274038461538464 0.014423076923076924 0.009615384615384616
0 0.3485576923076923 0.5685096153846154 0.019230769230769232 0.009615384615384616
0 0.38822115384615385 0.5384615384615384 0.01201923076923077 0.014423076923076924
0 0.6382211538461539 0.49759615384615385 0.019230769230769232 0.014423076923076924
0 0.5324519230769231 0.46033653846153844 0.014423076923076924 0.01201923076923077
0 0.5552884615384616 0.4651442307692308 0.014423076923076924 0.009615384615384616
0 0.46153846153846156 0.48197115384615385 0.019230769230769232 0.007211538461538462
0 0.5168269230769231 0.5048076923076923 0.019230769230769232 0.009615384615384616
0 0.3245192307692308 0.5564903846153846 0.009615384615384616 0.009615384615384616
0 0.4170673076923077 0.6538461538461539 0.014423076923076924 0.009615384615384616
0 0.4543269230769231 0.33774038461538464 0.019230769230769232 0.01201923076923077
0 0.3894230769230769 0.3713942307692308 0.019230769230769232 0.014423076923076924
0 0.29927884615384615 0.39783653846153844 0.019230769230769232 0.009615384615384616
0 0.29447115384615385 0.4879807692307692 0.014423076923076924 0.007211538461538462
0 0.3545673076923077 0.47475961538461536 0.019230769230769232 0.014423076923076924
0 0.27524038461538464 0.6430288461538461 0.014423076923076924 0.009615384615384616
0 0.25600961538461536 0.6418269230769231 0.01201923076923077 0.009615384615384616
0 0.24519230769230768 0.6754807692307693 0.014423076923076924 0.01201923076923077
0 0.2283653846153846 0.6971153846153846 0.01201923076923077 0.01201923076923077
0 0.32211538461538464 0.7596153846153846 0.014423076923076924 0.01201923076923077
0 0.38461538461538464 0.6069711538461539 0.019230769230769232 0.007211538461538462
0 0.4735576923076923 0.6165865384615384 0.019230769230769232 0.009615384615384616
0 0.5528846153846154 0.3858173076923077 0.014423076923076924 0.009615384615384616
0 0.5985576923076923 0.41586538461538464 0.019230769230769232 0.01201923076923077
0 0.1875 0.6586538461538461 0.014423076923076924 0.009615384615384616
0 0.14302884615384615 0.6911057692307693 0.014423076923076924 0.007211538461538462
0 0.19591346153846154 0.6754807692307693 0.019230769230769232 0.01201923076923077
0 0.22115384615384615 0.6646634615384616 0.019230769230769232 0.009615384615384616
0 0.18389423076923078 0.7055288461538461 0.019230769230769232 0.009615384615384616
0 0.14182692307692307 0.7848557692307693 0.019230769230769232 0.009615384615384616
0 0.11298076923076923 0.7788461538461539 0.014423076923076924 0.014423076923076924
0 0.5841346153846154 0.5024038461538461 0.02403846153846154 0.014423076923076924
0 0.6105769230769231 0.5396634615384616 0.014423076923076924 0.014423076923076924
0 0.6009615384615384 0.5204326923076923 0.019230769230769232 0.009615384615384616
0 0.5540865384615384 0.5276442307692307 0.028846153846153848 0.01201923076923077
0 0.5264423076923077 0.4338942307692308 0.02403846153846154 0.014423076923076924
0 0.4807692307692308 0.40625 0.019230769230769232 0.014423076923076924
0 0.5168269230769231 0.390625 0.019230769230769232 0.01201923076923077
0 0.33533653846153844 0.31490384615384615 0.019230769230769232 0.009615384615384616
0 0.3401442307692308 0.40024038461538464 0.02403846153846154 0.016826923076923076
0 0.3641826923076923 0.4254807692307692 0.01201923076923077 0.01201923076923077
0 0.3798076923076923 0.47716346153846156 0.014423076923076924 0.014423076923076924
0 0.44591346153846156 0.5180288461538461 0.019230769230769232 0.014423076923076924
0 0.28365384615384615 0.5072115384615384 0.019230769230769232 0.01201923076923077
0 0.34375 0.6201923076923077 0.019230769230769232 0.014423076923076924
0 0.4387019230769231 0.4411057692307692 0.02403846153846154 0.014423076923076924
0 0.7692307692307693 0.484375 0.019230769230769232 0.019230769230769232
0 0.7584134615384616 0.4338942307692308 0.03365384615384615 0.014423076923076924
0 0.6165865384615384 0.45552884615384615 0.028846153846153848 0.009615384615384616
0 0.6105769230769231 0.5769230769230769 0.02403846153846154 0.014423076923076924
0 0.4987980769230769 0.3449519230769231 0.019230769230769232 0.016826923076923076