0 0.7692307692307693 0.36538461538461536 0.019230769230769232 0.009615384615384616
0 0.6947115384615384 0.3581730769230769 0.014423076923076924 0.007211538461538462
0 0.6923076923076923 0.375 0.009615384615384616 0.007211538461538462
0 0.7391826923076923 0.6418269230769231 0.019230769230769232 0.009615384615384616
0 0.8245192307692307 0.23197115384615385 0.019230769230769232 0.009615384615384616
0 0.8125 0.19951923076923078 0.019230769230769232 0.009615384615384616
0 0.8810096153846154 0.27283653846153844 0.01201923076923077 0.01201923076923077
0 0.7199519230769231 0.44591346153846156 0.014423076923076924 0.01201923076923077
0 0.6262019230769231 0.4795673076923077 0.01201923076923077 0.009615384615384616
0 0.6502403846153846 0.47475961538461536 0.014423076923076924 0.01201923076923077
0 0.6454326923076923 0.4963942307692308 0.014423076923076924 0.009615384615384616
0 0.6454326923076923 0.5576923076923077 0.014423076923076924 0.01201923076923077
0 0.6923076923076923 0.3269230769230769 0.014423076923076924 0.007211538461538462
0 0.6694711538461539 0.4050480769230769 0.014423076923076924 0.007211538461538462
0 0.6610576923076923 0.4519230769230769 0.01201923076923077 0.004807692307692308
0 0.7259615384615384 0.5721153846153846 0.019230769230769232 0.01201923076923077
0 0.6899038461538461 0.5612980769230769 0.019230769230769232 0.01201923076923077
0 0.4495192307692308 0.49399038461538464 0.014423076923076924 0.014423076923076924
0 0.5132211538461539 0.5444711538461539 0.019230769230769232 0.01201923076923077
0 0.6466346153846154 0.6346153846153846 0.019230769230769232 0.014423076923076924
0 0.5697115384615384 0.6129807692307693 0.014423076923076924 0.01201923076923077
0 0.5132211538461539 0.6237980769230769 0.019230769230769232 0.014423076923076924
0 0.7415865384615384 0.20552884615384615 0.019230769230769232 0.009615384615384616
0 0.6262019230769231 0.6622596153846154 0.019230769230769232 0.014423076923076924
0 0.5540865384615384 0.5841346153846154 0.019230769230769232 0.014423076923076924
0 0.6923076923076923 0.39302884615384615 0.009615384615384616 0.009615384615384616
0 0.7079326923076923 0.4230769230769231 0.014423076923076924 0.009615384615384616
0 0.7331730769230769 0.53125 0.019230769230769232 0.01201923076923077
0 0.7644230769230769 0.5408653846153846 0.009615384615384616 0.01201923076923077
0 0.6995192307692307 0.5372596153846154 0.014423076923076924 0.009615384615384616
0 0.6514423076923077 0.43149038461538464 0.019230769230769232 0.009615384615384616
0 0.6117788461538461 0.46153846153846156 0.01201923076923077 0.014423076923076924
0 0.36177884615384615 0.5024038461538461 0.019230769230769232 0.014423076923076924
0 0.4675480769230769 0.5396634615384616 0.014423076923076924 0.01201923076923077
0 0.44471153846153844 0.5348557692307693 0.014423076923076924 0.009615384615384616
0 0.5384615384615384 0.5180288461538461 0.019230769230769232 0.007211538461538462
0 0.4831730769230769 0.4951923076923077 0.019230769230769232 0.009615384615384616
0 0.6754807692307693 0.44350961538461536 0.009615384615384616 0.009615384615384616
0 0.5829326923076923 0.34615384615384615 0.014423076923076924 0.009615384615384616
0 0.5456730769230769 0.6622596153846154 0.019230769230769232 0.01201923076923077
0 0.6105769230769231 0.6286057692307693 0.019230769230769232 0.014423076923076924
0 0.7007211538461539 0.6021634615384616 0.019230769230769232 0.009615384615384616
0 0.7055288461538461 0.5120192307692307 0.014423076923076924 0.007211538461538462
0 0.6454326923076923 0.5252403846153846 0.019230769230769232 0.014423076923076924
0 0.7247596153846154 0.35697115384615385 0.014423076923076924 0.009615384615384616
0 0.7439903846153846 0.3581730769230769 0.01201923076923077 0.009615384615384616
0 0.7548076923076923 0.3245192307692308 0.014423076923076924 0.01201923076923077
0 0.7716346153846154 0.30288461538461536 0.01201923076923077 0.01201923076923077
0 0.6778846153846154 0.2403846153846154 0.014423076923076924 0.01201923076923077
0 0.6153846153846154 0.39302884615384615 0.019230769230769232 0.007211538461538462
0 0.5264423076923077 0.38341346153846156 0.019230769230769232 0.009615384615384616
0 0.44711538461538464 0.6141826923076923 0.014423076923076924 0.009615384615384616
0 0.4014423076923077 0.5841346153846154 0.019230769230769232 0.01201923076923077
0 0.8125 0.34134615384615385 0.014423076923076924 0.009615384615384616
0 0.8569711538461539 0.3088942307692308 0.014423076923076924 0.009615384615384616
0 0.8040865384615384 0.3245192307692308 0.019230769230769232 0.01201923076923077
0 0.7788461538461539 0.33533653846153844 0.019230769230769232 0.009615384615384616
0 0.8161057692307693 0.29447115384615385 0.019230769230769232 0.009615384615384616
0 0.8581730769230769 0.21514423076923078 0.019230769230769232 0.009615384615384616
0 0.8870192307692307 0.22115384615384615 0.014423076923076924 0.014423076923076924
0 0.41586538461538464 0.49759615384615385 0.02403846153846154 0.014423076923076924
0 0.3894230769230769 0.46033653846153844 0.014423076923076924 0.014423076923076924
0 0.39903846153846156 0.4795673076923077 0.019230769230769232 0.009615384615384616
0 0.44591346153846156 0.4723557692307692 0.028846153846153848 0.01201923076923077
0 0.4735576923076923 0.5661057692307693 0.02403846153846154 0.014423076923076924
0 0.5192307692307693 0.59375 0.019230769230769232 0.014423076923076924
0 0.4831730769230769 0.609375 0.019230769230769232 0.01201923076923077
0 0.6646634615384616 0.6850961538461539 0.019230769230769232 0.009615384615384616
0 0.6598557692307693 0.5997596153846154 0.02403846153846154 0.016826923076923076
0 0.6358173076923077 0.5745192307692307 0.01201923076923077 0.01201923076923077
0 0.6201923076923077 0.5228365384615384 0.014423076923076924 0.014423076923076924
0 0.5540865384615384 0.48197115384615385 0.019230769230769232 0.014423076923076924
0 0.7163461538461539 0.49278846153846156 0.019230769230769232 0.01201923076923077
0 0.65625 0.3798076923076923 0.019230769230769232 0.014423076923076924
0 0.5612980769230769 0.5588942307692307 0.02403846153846154 0.014423076923076924
0 0.23076923076923078 0.515625 0.019230769230769232 0.019230769230769232
0 0.24158653846153846 0.5661057692307693 0.03365384615384615 0.014423076923076924
0 0.38341346153846156 0.5444711538461539 0.028846153846153848 0.009615384615384616
0 0.3894230769230769 0.4230769230769231 0.02403846153846154 0.014423076923076924
0 0.5012019230769231 0.6550480769230769 0.019230769230769232 0.016826923076923076