0 0.0625 0.3918269230769231 0.038461538461538464 0.05048076923076923
0 0.16706730769230768 0.44711538461538464 0.04326923076923077 0.04326923076923077
0 0.21995192307692307 0.5516826923076923 0.04807692307692308 0.04807692307692308
0 0.28966346153846156 0.40865384615384615 0.052884615384615384 0.04326923076923077
0 0.34975961538461536 0.4170673076923077 0.03365384615384615 0.04326923076923077
0 0.38461538461538464 0.3737980769230769 0.038461538461538464 0.04326923076923077
0 0.5324519230769231 0.2980769230769231 0.038461538461538464 0.036057692307692304
0 0.6057692307692307 0.2848557692307692 0.04326923076923077 0.04326923076923077
0 0.7019230769230769 0.3581730769230769 0.02403846153846154 0.028846153846153848
0 0.6201923076923077 0.5144230769230769 0.03365384615384615 0.04326923076923077
0 0.6346153846153846 0.6189903846153846 0.04326923076923077 0.05048076923076923
0 0.5108173076923077 0.6838942307692307 0.05048076923076923 0.04326923076923077
0 0.39302884615384615 0.6802884615384616 0.04326923076923077 0.04326923076923077
0 0.24519230769230768 0.36899038461538464 0.014423076923076924 0.016826923076923076