0 0.3918269230769231 0.9375 0.05048076923076923 0.036057692307692304
0 0.44711538461538464 0.8329326923076923 0.04326923076923077 0.04326923076923077
0 0.5516826923076923 0.7800480769230769 0.04807692307692308 0.04807692307692308
0 0.40865384615384615 0.7103365384615384 0.04326923076923077 0.052884615384615384
0 0.4170673076923077 0.6502403846153846 0.04326923076923077 0.03365384615384615
0 0.3737980769230769 0.6153846153846154 0.04326923076923077 0.038461538461538464
0 0.2980769230769231 0.4675480769230769 0.036057692307692304 0.038461538461538464
0 0.2848557692307692 0.3942307692307692 0.04326923076923077 0.04326923076923077
0 0.3581730769230769 0.2980769230769231 0.028846153846153848 0.02403846153846154
0 0.5144230769230769 0.3798076923076923 0.04326923076923077 0.03365384615384615
0 0.6189903846153846 0.36538461538461536 0.05048076923076923 0.04326923076923077
0 0.6838942307692307 0.4891826923076923 0.04326923076923077 0.05048076923076923
0 0.6802884615384616 0.6069711538461539 0.04326923076923077 0.04326923076923077
0 0.36899038461538464 0.7548076923076923 0.016826923076923076 0.014423076923076924