0 0.9375 0.6081730769230769 0.038461538461538464 0.05048076923076923
0 0.8329326923076923 0.5528846153846154 0.04326923076923077 0.04326923076923077
0 0.7800480769230769 0.4483173076923077 0.04807692307692308 0.04807692307692308
0 0.7103365384615384 0.5913461538461539 0.052884615384615384 0.04326923076923077
0 0.6502403846153846 0.5829326923076923 0.03365384615384615 0.04326923076923077
0 0.6153846153846154 0.6262019230769231 0.038461538461538464 0.04326923076923077
0 0.4675480769230769 0.7019230769230769 0.038461538461538464 0.036057692307692304
0 0.3942307692307692 0.7151442307692307 0.04326923076923077 0.04326923076923077
0 0.2980769230769231 0.6418269230769231 0.02403846153846154 0.028846153846153848
0 0.3798076923076923 0.4855769230769231 0.03365384615384615 0.04326923076923077
0 0.36538461538461536 0.38100961538461536 0.04326923076923077 0.05048076923076923
0 0.4891826923076923 0.3161057692307692 0.05048076923076923 0.04326923076923077
0 0.6069711538461539 0.31971153846153844 0.04326923076923077 0.04326923076923077
0 0.7548076923076923 0.6310096153846154 0.014423076923076924 0.016826923076923076