0 0.6598557692307693 0.7331730769230769 0.009615384615384616 0.019230769230769232
0 0.6778846153846154 0.5348557692307693 0.009615384615384616 0.009615384615384616
0 0.6490384615384616 0.5372596153846154 0.01201923076923077 0.016826923076923076
0 0.6370192307692307 0.6286057692307693 0.014423076923076924 0.014423076923076924
0 0.6346153846153846 0.5528846153846154 0.009615384615384616 0.01201923076923077
0 0.7211538461538461 0.5408653846153846 0.007211538461538462 0.014423076923076924
0 0.6370192307692307 0.7163461538461539 0.009615384615384616 0.016826923076923076
0 0.5913461538461539 0.7283653846153846 0.009615384615384616 0.01201923076923077
0 0.6033653846153846 0.6778846153846154 0.009615384615384616 0.01201923076923077
0 0.5829326923076923 0.5516826923076923 0.007211538461538462 0.014423076923076924
0 0.5997596153846154 0.5036057692307693 0.009615384615384616 0.014423076923076924
0 0.49038461538461536 0.5360576923076923 0.009615384615384616 0.01201923076923077
0 0.4074519230769231 0.5697115384615384 0.01201923076923077 0.014423076923076924
0 0.5300480769230769 0.37259615384615385 0.01201923076923077 0.019230769230769232
0 0.49158653846153844 0.390625 0.01201923076923077 0.01201923076923077
0 0.4423076923076923 0.49759615384615385 0.007211538461538462 0.014423076923076924
0 0.45072115384615385 0.6754807692307693 0.009615384615384616 0.01201923076923077
0 0.484375 0.640625 0.009615384615384616 0.01201923076923077
0 0.5276442307692307 0.6995192307692307 0.009615384615384616 0.019230769230769232
0 0.6069711538461539 0.5997596153846154 0.009615384615384616 0.014423076923076924
0 0.5745192307692307 0.6778846153846154 0.009615384615384616 0.014423076923076924
0 0.5084134615384616 0.7548076923076923 0.009615384615384616 0.014423076923076924
0 0.5576923076923077 0.5625 0.01201923076923077 0.014423076923076924
0 0.4735576923076923 0.5456730769230769 0.01201923076923077 0.014423076923076924
0 0.5084134615384616 0.5204326923076923 0.014423076923076924 0.021634615384615384
0 0.4495192307692308 0.46274038461538464 0.009615384615384616 0.019230769230769232
0 0.6814903846153846 0.4807692307692308 0.01201923076923077 0.016826923076923076
0 0.4951923076923077 0.59375 0.014423076923076924 0.019230769230769232
0 0.43509615384615385 0.5793269230769231 0.01201923076923077 0.016826923076923076
0 0.5084134615384616 0.6466346153846154 0.007211538461538462 0.016826923076923076
0 0.4230769230769231 0.6322115384615384 0.009615384615384616 0.019230769230769232
0 0.5769230769230769 0.6382211538461539 0.01201923076923077 0.019230769230769232
0 0.53125 0.5588942307692307 0.01201923076923077 0.009615384615384616
0 0.5360576923076923 0.5300480769230769 0.009615384615384616 0.019230769230769232
0 0.4206730769230769 0.6862980769230769 0.014423076923076924 0.014423076923076924
0 0.5492788461538461 0.6971153846153846 0.01201923076923077 0.019230769230769232
0 0.5408653846153846 0.6009615384615384 0.01201923076923077 0.019230769230769232
0 0.5120192307692307 0.5576923076923077 0.009615384615384616 0.009615384615384616
0 0.47716346153846156 0.5036057692307693 0.016826923076923076 0.014423076923076924
0 0.4266826923076923 0.4699519230769231 0.01201923076923077 0.016826923076923076
0 0.59375 0.7836538461538461 0.01201923076923077 0.014423076923076924
0 0.5252403846153846 0.6550480769230769 0.014423076923076924 0.019230769230769232
0 0.53125 0.7487980769230769 0.014423076923076924 0.016826923076923076