0 0.7331730769230769 0.3401442307692308 0.019230769230769232 0.009615384615384616
0 0.5348557692307693 0.32211538461538464 0.009615384615384616 0.009615384615384616
0 0.5372596153846154 0.35096153846153844 0.016826923076923076 0.01201923076923077
0 0.6286057692307693 0.3629807692307692 0.014423076923076924 0.014423076923076924
0 0.5528846153846154 0.36538461538461536 0.01201923076923077 0.009615384615384616
0 0.5408653846153846 0.27884615384615385 0.014423076923076924 0.007211538461538462
0 0.7163461538461539 0.3629807692307692 0.016826923076923076 0.009615384615384616
0 0.7283653846153846 0.40865384615384615 0.01201923076923077 0.009615384615384616
0 0.6778846153846154 0.39663461538461536 0.01201923076923077 0.009615384615384616
0 0.5516826923076923 0.4170673076923077 0.014423076923076924 0.007211538461538462
0 0.5036057692307693 0.40024038461538464 0.014423076923076924 0.009615384615384616
0 0.5360576923076923 0.5096153846153846 0.01201923076923077 0.009615384615384616
0 0.5697115384615384 0.5925480769230769 0.014423076923076924 0.01201923076923077
0 0.37259615384615385 0.4699519230769231 0.019230769230769232 0.01201923076923077
0 0.390625 0.5084134615384616 0.01201923076923077 0.01201923076923077
0 0.49759615384615385 0.5576923076923077 0.014423076923076924 0.007211538461538462
0 0.6754807692307693 0.5492788461538461 0.01201923076923077 0.009615384615384616
0 0.640625 0.515625 0.01201923076923077 0.009615384615384616
0 0.6995192307692307 0.4723557692307692 0.019230769230769232 0.009615384615384616
0 0.5997596153846154 0.39302884615384615 0.014423076923076924 0.009615384615384616
0 0.6778846153846154 0.4254807692307692 0.014423076923076924 0.009615384615384616
0 0.7548076923076923 0.49158653846153844 0.014423076923076924 0.009615384615384616
0 0.5625 0.4423076923076923 0.014423076923076924 0.01201923076923077
0 0.5456730769230769 0.5264423076923077 0.014423076923076924 0.01201923076923077
0 0.5204326923076923 0.49158653846153844 0.021634615384615384 0.014423076923076924
0 0.46274038461538464 0.5504807692307693 0.019230769230769232 0.009615384615384616
0 0.4807692307692308 0.31850961538461536 0.016826923076923076 0.01201923076923077
0 0.59375 0.5048076923076923 0.019230769230769232 0.014423076923076924
0 0.5793269230769231 0.5649038461538461 0.016826923076923076 0.01201923076923077
0 0.6466346153846154 0.49158653846153844 0.016826923076923076 0.007211538461538462
0 0.6322115384615384 0.5769230769230769 0.019230769230769232 0.009615384615384616
0 0.6382211538461539 0.4230769230769231 0.019230769230769232 0.01201923076923077
0 0.5588942307692307 0.46875 0.009615384615384616 0.01201923076923077
0 0.5300480769230769 0.4639423076923077 0.019230769230769232 0.009615384615384616
0 0.6862980769230769 0.5793269230769231 0.014423076923076924 0.014423076923076924
0 0.6971153846153846 0.45072115384615385 0.019230769230769232 0.01201923076923077
0 0.6009615384615384 0.45913461538461536 0.019230769230769232 0.01201923076923077
0 0.5576923076923077 0.4879807692307692 0.009615384615384616 0.009615384615384616
0 0.5036057692307693 0.5228365384615384 0.014423076923076924 0.016826923076923076
0 0.4699519230769231 0.5733173076923077 0.016826923076923076 0.01201923076923077
0 0.7836538461538461 0.40625 0.014423076923076924 0.01201923076923077
0 0.6550480769230769 0.47475961538461536 0.019230769230769232 0.014423076923076924
0 0.7487980769230769 0.46875 0.016826923076923076 0.014423076923076924