1 0.5144230769230769 0.3125 0.04326923076923077 0.04807692307692308
1 0.8557692307692307 0.23677884615384615 0.028846153846153848 0.04326923076923077
1 0.8425480769230769 0.0625 0.019230769230769232 0.026442307692307692
1 0.7151442307692307 0.18870192307692307 0.02403846153846154 0.028846153846153848
1 0.5925480769230769 0.1875 0.03365384615384615 0.04326923076923077
1 0.8100961538461539 0.6442307692307693 0.02403846153846154 0.019230769230769232
1 0.7067307692307693 0.5841346153846154 0.021634615384615384 0.03365384615384615
1 0.6286057692307693 0.4795673076923077 0.02403846153846154 0.03365384615384615
1 0.6466346153846154 0.45552884615384615 0.028846153846153848 0.03365384615384615
1 0.6358173076923077 0.41586538461538464 0.019230769230769232 0.038461538461538464
1 0.22115384615384615 0.8798076923076923 0.02403846153846154 0.03365384615384615
1 0.7475961538461539 0.8882211538461539 0.03125 0.021634615384615384
1 0.16706730769230768 0.43990384615384615 0.028846153846153848 0.03365384615384615