0 0.48197115384615385 0.41947115384615385 0.014423076923076924 0.014423076923076924
0 0.5865384615384616 0.41586538461538464 0.019230769230769232 0.009615384615384616
0 0.5240384615384616 0.47475961538461536 0.019230769230769232 0.014423076923076924
0 0.5516826923076923 0.5288461538461539 0.019230769230769232 0.019230769230769232
0 0.5216346153846154 0.33533653846153844 0.014423076923076924 0.014423076923076924
0 0.6322115384615384 0.35096153846153844 0.014423076923076924 0.019230769230769232
0 0.4254807692307692 0.375 0.01201923076923077 0.014423076923076924
0 0.4579326923076923 0.5216346153846154 0.02403846153846154 0.014423076923076924
0 0.6081730769230769 0.3870192307692308 0.014423076923076924 0.014423076923076924
0 0.6009615384615384 0.44350961538461536 0.02403846153846154 0.014423076923076924
0 0.6382211538461539 0.4182692307692308 0.019230769230769232 0.014423076923076924
0 0.484375 0.4891826923076923 0.019230769230769232 0.014423076923076924
0 0.46875 0.5757211538461539 0.028846153846153848 0.014423076923076924
0 0.47596153846153844 0.30649038461538464 0.019230769230769232 0.014423076923076924
0 0.5709134615384616 0.3737980769230769 0.019230769230769232 0.014423076923076924
0 0.5673076923076923 0.3329326923076923 0.019230769230769232 0.014423076923076924
0 0.6069711538461539 0.33653846153846156 0.019230769230769232 0.019230769230769232
0 0.5697115384615384 0.47596153846153844 0.02403846153846154 0.009615384615384616
0 0.5612980769230769 0.4230769230769231 0.014423076923076924 0.019230769230769232
0 0.4639423076923077 0.375 0.019230769230769232 0.014423076923076924
0 0.5853365384615384 0.296875 0.03125 0.014423076923076924
0 0.5216346153846154 0.27524038461538464 0.02403846153846154 0.014423076923076924
0 0.484375 0.2668269230769231 0.019230769230769232 0.014423076923076924
0 0.5336538461538461 0.296875 0.014423076923076924 0.014423076923076924
0 0.5036057692307693 0.2980769230769231 0.019230769230769232 0.014423076923076924
0 0.5492788461538461 0.4050480769230769 0.014423076923076924 0.019230769230769232
0 0.6346153846153846 0.4675480769230769 0.019230769230769232 0.019230769230769232