0 0.5805288461538461 0.48197115384615385 0.014423076923076924 0.014423076923076924
0 0.5841346153846154 0.5865384615384616 0.009615384615384616 0.019230769230769232
0 0.5252403846153846 0.5240384615384616 0.014423076923076924 0.019230769230769232
0 0.47115384615384615 0.5516826923076923 0.019230769230769232 0.019230769230769232
0 0.6646634615384616 0.5216346153846154 0.014423076923076924 0.014423076923076924
0 0.6490384615384616 0.6322115384615384 0.019230769230769232 0.014423076923076924
0 0.625 0.4254807692307692 0.014423076923076924 0.01201923076923077
0 0.47836538461538464 0.4579326923076923 0.014423076923076924 0.02403846153846154
0 0.6129807692307693 0.6081730769230769 0.014423076923076924 0.014423076923076924
0 0.5564903846153846 0.6009615384615384 0.014423076923076924 0.02403846153846154
0 0.5817307692307693 0.6382211538461539 0.014423076923076924 0.019230769230769232
0 0.5108173076923077 0.484375 0.014423076923076924 0.019230769230769232
0 0.42427884615384615 0.46875 0.014423076923076924 0.028846153846153848
0 0.6935096153846154 0.47596153846153844 0.014423076923076924 0.019230769230769232
0 0.6262019230769231 0.5709134615384616 0.014423076923076924 0.019230769230769232
0 0.6670673076923077 0.5673076923076923 0.014423076923076924 0.019230769230769232
0 0.6634615384615384 0.6069711538461539 0.019230769230769232 0.019230769230769232
0 0.5240384615384616 0.5697115384615384 0.009615384615384616 0.02403846153846154
0 0.5769230769230769 0.5612980769230769 0.019230769230769232 0.014423076923076924
0 0.625 0.4639423076923077 0.014423076923076924 0.019230769230769232
0 0.703125 0.5853365384615384 0.014423076923076924 0.03125
0 0.7247596153846154 0.5216346153846154 0.014423076923076924 0.02403846153846154
0 0.7331730769230769 0.484375 0.014423076923076924 0.019230769230769232
0 0.703125 0.5336538461538461 0.014423076923076924 0.014423076923076924
0 0.7019230769230769 0.5036057692307693 0.014423076923076924 0.019230769230769232
0 0.5949519230769231 0.5492788461538461 0.019230769230769232 0.014423076923076924
0 0.5324519230769231 0.6346153846153846 0.019230769230769232 0.019230769230769232