0 0.48677884615384615 0.5204326923076923 0.014423076923076924 0.014423076923076924
0 0.5408653846153846 0.5192307692307693 0.019230769230769232 0.021634615384615384
0 0.3401442307692308 0.7584134615384616 0.016826923076923076 0.016826923076923076
0 0.3401442307692308 0.6129807692307693 0.014423076923076924 0.019230769230769232
0 0.3701923076923077 0.5649038461538461 0.014423076923076924 0.019230769230769232
0 0.40625 0.5504807692307693 0.016826923076923076 0.021634615384615384
0 0.3786057692307692 0.5084134615384616 0.014423076923076924 0.021634615384615384
0 0.3425480769230769 0.5192307692307693 0.019230769230769232 0.021634615384615384
0 0.2920673076923077 0.5300480769230769 0.016826923076923076 0.021634615384615384
0 0.41947115384615385 0.6334134615384616 0.009615384615384616 0.021634615384615384
0 0.421875 0.5841346153846154 0.014423076923076924 0.019230769230769232
0 0.27524038461538464 0.7139423076923077 0.01201923076923077 0.016826923076923076
0 0.5649038461538461 0.5733173076923077 0.009615384615384616 0.019230769230769232
0 0.6117788461538461 0.5252403846153846 0.014423076923076924 0.021634615384615384
0 0.39663461538461536 0.39903846153846156 0.019230769230769232 0.019230769230769232
0 0.4387019230769231 0.5504807692307693 0.014423076923076924 0.021634615384615384
0 0.3870192307692308 0.5997596153846154 0.016826923076923076 0.021634615384615384
0 0.38341346153846156 0.7307692307692307 0.01201923076923077 0.016826923076923076
0 0.4206730769230769 0.7163461538461539 0.01201923076923077 0.016826923076923076
0 0.45072115384615385 0.7247596153846154 0.014423076923076924 0.021634615384615384
0 0.4338942307692308 0.6911057692307693 0.016826923076923076 0.016826923076923076
0 0.4795673076923077 0.6802884615384616 0.01201923076923077 0.021634615384615384
0 0.7391826923076923 0.4014423076923077 0.016826923076923076 0.02403846153846154