0 0.5204326923076923 0.5132211538461539 0.014423076923076924 0.014423076923076924
0 0.5192307692307693 0.45913461538461536 0.021634615384615384 0.019230769230769232
0 0.7584134615384616 0.6598557692307693 0.016826923076923076 0.016826923076923076
0 0.6129807692307693 0.6598557692307693 0.019230769230769232 0.014423076923076924
0 0.5649038461538461 0.6298076923076923 0.019230769230769232 0.014423076923076924
0 0.5504807692307693 0.59375 0.021634615384615384 0.016826923076923076
0 0.5084134615384616 0.6213942307692307 0.021634615384615384 0.014423076923076924
0 0.5192307692307693 0.6574519230769231 0.021634615384615384 0.019230769230769232
0 0.5300480769230769 0.7079326923076923 0.021634615384615384 0.016826923076923076
0 0.6334134615384616 0.5805288461538461 0.021634615384615384 0.009615384615384616
0 0.5841346153846154 0.578125 0.019230769230769232 0.014423076923076924
0 0.7139423076923077 0.7247596153846154 0.016826923076923076 0.01201923076923077
0 0.5733173076923077 0.43509615384615385 0.019230769230769232 0.009615384615384616
0 0.5252403846153846 0.38822115384615385 0.021634615384615384 0.014423076923076924
0 0.39903846153846156 0.6033653846153846 0.019230769230769232 0.019230769230769232
0 0.5504807692307693 0.5612980769230769 0.021634615384615384 0.014423076923076924
0 0.5997596153846154 0.6129807692307693 0.021634615384615384 0.016826923076923076
0 0.7307692307692307 0.6165865384615384 0.016826923076923076 0.01201923076923077
0 0.7163461538461539 0.5793269230769231 0.016826923076923076 0.01201923076923077
0 0.7247596153846154 0.5492788461538461 0.021634615384615384 0.014423076923076924
0 0.6911057692307693 0.5661057692307693 0.016826923076923076 0.016826923076923076
0 0.6802884615384616 0.5204326923076923 0.021634615384615384 0.01201923076923077
0 0.4014423076923077 0.2608173076923077 0.02403846153846154 0.016826923076923076