0 0.34975961538461536 0.27163461538461536 0.04326923076923077 0.0625
0 0.44350961538461536 0.3125 0.02403846153846154 0.04326923076923077
0 0.6730769230769231 0.3293269230769231 0.028846153846153848 0.04807692307692308
0 0.6045673076923077 0.42908653846153844 0.038461538461538464 0.052884615384615384
0 0.5336538461538461 0.6935096153846154 0.028846153846153848 0.036057692307692304
0 0.6286057692307693 0.6502403846153846 0.028846153846153848 0.055288461538461536
0 0.7211538461538461 0.6875 0.0625 0.06971153846153846
0 0.9459134615384616 0.8269230769230769 0.02403846153846154 0.036057692307692304
0 0.7848557692307693 0.41346153846153844 0.02403846153846154 0.028846153846153848
0 0.3629807692307692 0.6418269230769231 0.019230769230769232 0.021634615384615384
0 0.21033653846153846 0.6610576923076923 0.016826923076923076 0.03365384615384615
0 0.19230769230769232 0.6237980769230769 0.02403846153846154 0.019230769230769232
0 0.38341346153846156 0.5360576923076923 0.016826923076923076 0.021634615384615384
0 0.4182692307692308 0.3112980769230769 0.014423076923076924 0.028846153846153848
0 0.27403846153846156 0.5444711538461539 0.09615384615384616 0.12259615384615384