0 0.6322115384615384 0.4723557692307692 0.009615384615384616 0.016826923076923076
0 0.7379807692307693 0.5192307692307693 0.019230769230769232 0.02403846153846154
0 0.48197115384615385 0.6009615384615384 0.014423076923076924 0.019230769230769232
0 0.3125 0.6310096153846154 0.014423076923076924 0.028846153846153848
0 0.37259615384615385 0.49158653846153844 0.014423076923076924 0.02403846153846154
0 0.46875 0.43028846153846156 0.014423076923076924 0.019230769230769232
0 0.3641826923076923 0.6009615384615384 0.004807692307692308 0.019230769230769232
0 0.5288461538461539 0.6225961538461539 0.014423076923076924 0.014423076923076924
0 0.484375 0.5324519230769231 0.014423076923076924 0.014423076923076924
0 0.5516826923076923 0.5372596153846154 0.019230769230769232 0.028846153846153848
0 0.6189903846153846 0.4170673076923077 0.007211538461538462 0.01201923076923077
0 0.4074519230769231 0.45552884615384615 0.009615384615384616 0.019230769230769232
0 0.3870192307692308 0.4579326923076923 0.009615384615384616 0.019230769230769232
0 0.2956730769230769 0.43149038461538464 0.009615384615384616 0.028846153846153848
0 0.41225961538461536 0.5048076923076923 0.01201923076923077 0.021634615384615384
0 0.3894230769230769 0.5985576923076923 0.009615384615384616 0.014423076923076924
0 0.4230769230769231 0.7235576923076923 0.009615384615384616 0.021634615384615384
0 0.6189903846153846 0.5649038461538461 0.009615384615384616 0.02403846153846154
0 0.6382211538461539 0.5372596153846154 0.009615384615384616 0.019230769230769232
0 0.6454326923076923 0.5120192307692307 0.014423076923076924 0.016826923076923076
0 0.43990384615384615 0.4579326923076923 0.009615384615384616 0.02403846153846154
0 0.4266826923076923 0.5528846153846154 0.01201923076923077 0.021634615384615384
0 0.36658653846153844 0.5516826923076923 0.009615384615384616 0.019230769230769232
0 0.44471153846153844 0.6947115384615384 0.014423076923076924 0.014423076923076924
0 0.5841346153846154 0.453125 0.009615384615384616 0.016826923076923076
0 0.5721153846153846 0.6394230769230769 0.009615384615384616 0.019230769230769232
0 0.5829326923076923 0.6983173076923077 0.014423076923076924 0.014423076923076924
0 0.5817307692307693 0.6694711538461539 0.01201923076923077 0.019230769230769232
0 0.47475961538461536 0.6574519230769231 0.014423076923076924 0.019230769230769232
0 0.4074519230769231 0.65625 0.014423076923076924 0.02403846153846154
0 0.4362980769230769 0.5012019230769231 0.009615384615384616 0.019230769230769232
0 0.5432692307692307 0.5829326923076923 0.014423076923076924 0.021634615384615384
0 0.5324519230769231 0.46875 0.014423076923076924 0.014423076923076924
0 0.5829326923076923 0.5012019230769231 0.014423076923076924 0.016826923076923076
0 0.25600961538461536 0.375 0.016826923076923076 0.026442307692307692