0 0.36778846153846156 0.5276442307692307 0.009615384615384616 0.016826923076923076
0 0.2620192307692308 0.4807692307692308 0.019230769230769232 0.02403846153846154
0 0.5180288461538461 0.39903846153846156 0.014423076923076924 0.019230769230769232
0 0.6875 0.36899038461538464 0.014423076923076924 0.028846153846153848
0 0.6274038461538461 0.5084134615384616 0.014423076923076924 0.02403846153846154
0 0.53125 0.5697115384615384 0.014423076923076924 0.019230769230769232
0 0.6358173076923077 0.39903846153846156 0.004807692307692308 0.019230769230769232
0 0.47115384615384615 0.37740384615384615 0.014423076923076924 0.014423076923076924
0 0.515625 0.4675480769230769 0.014423076923076924 0.014423076923076924
0 0.4483173076923077 0.46274038461538464 0.019230769230769232 0.028846153846153848
0 0.38100961538461536 0.5829326923076923 0.007211538461538462 0.01201923076923077
0 0.5925480769230769 0.5444711538461539 0.009615384615384616 0.019230769230769232
0 0.6129807692307693 0.5420673076923077 0.009615384615384616 0.019230769230769232
0 0.7043269230769231 0.5685096153846154 0.009615384615384616 0.028846153846153848
0 0.5877403846153846 0.4951923076923077 0.01201923076923077 0.021634615384615384
0 0.6105769230769231 0.4014423076923077 0.009615384615384616 0.014423076923076924
0 0.5769230769230769 0.2764423076923077 0.009615384615384616 0.021634615384615384
0 0.38100961538461536 0.43509615384615385 0.009615384615384616 0.02403846153846154
0 0.36177884615384615 0.46274038461538464 0.009615384615384616 0.019230769230769232
0 0.3545673076923077 0.4879807692307692 0.014423076923076924 0.016826923076923076
0 0.5600961538461539 0.5420673076923077 0.009615384615384616 0.02403846153846154
0 0.5733173076923077 0.44711538461538464 0.01201923076923077 0.021634615384615384
0 0.6334134615384616 0.4483173076923077 0.009615384615384616 0.019230769230769232
0 0.5552884615384616 0.30528846153846156 0.014423076923076924 0.014423076923076924
0 0.41586538461538464 0.546875 0.009615384615384616 0.016826923076923076
0 0.42788461538461536 0.3605769230769231 0.009615384615384616 0.019230769230769232
0 0.4170673076923077 0.3016826923076923 0.014423076923076924 0.014423076923076924
0 0.4182692307692308 0.33052884615384615 0.01201923076923077 0.019230769230769232
0 0.5252403846153846 0.3425480769230769 0.014423076923076924 0.019230769230769232
0 0.5925480769230769 0.34375 0.014423076923076924 0.02403846153846154
0 0.5637019230769231 0.4987980769230769 0.009615384615384616 0.019230769230769232
0 0.4567307692307692 0.4170673076923077 0.014423076923076924 0.021634615384615384
0 0.4675480769230769 0.53125 0.014423076923076924 0.014423076923076924
0 0.4170673076923077 0.4987980769230769 0.014423076923076924 0.016826923076923076
0 0.7439903846153846 0.625 0.016826923076923076 0.026442307692307692