0 0.6322115384615384 0.7836538461538461 0.0673076923076923 0.04326923076923077
0 0.40865384615384615 0.5649038461538461 0.057692307692307696 0.03365384615384615
0 0.421875 0.8689903846153846 0.07211538461538461 0.03365384615384615
0 0.9639423076923077 0.7872596153846154 0.019230769230769232 0.019230769230769232
0 0.8858173076923077 0.7307692307692307 0.03125 0.014423076923076924
0 0.6514423076923077 0.45552884615384615 0.0625 0.04326923076923077
0 0.5649038461538461 0.21153846153846154 0.0673076923076923 0.04807692307692308
0 0.125 0.49759615384615385 0.04326923076923077 0.028846153846153848
0 0.10697115384615384 0.19471153846153846 0.04807692307692308 0.02403846153846154
0 0.04927884615384615 0.3088942307692308 0.04807692307692308 0.03125
0 0.06009615384615385 0.3713942307692308 0.04807692307692308 0.04807692307692308