0 0.7836538461538461 0.36778846153846156 0.04326923076923077 0.0673076923076923
0 0.5649038461538461 0.5913461538461539 0.03365384615384615 0.057692307692307696
0 0.8689903846153846 0.578125 0.03365384615384615 0.07211538461538461
0 0.7872596153846154 0.036057692307692304 0.019230769230769232 0.019230769230769232
0 0.7307692307692307 0.1141826923076923 0.014423076923076924 0.03125
0 0.45552884615384615 0.3485576923076923 0.04326923076923077 0.0625
0 0.21153846153846154 0.43509615384615385 0.04807692307692308 0.0673076923076923
0 0.49759615384615385 0.875 0.028846153846153848 0.04326923076923077
0 0.19471153846153846 0.8930288461538461 0.02403846153846154 0.04807692307692308
0 0.3088942307692308 0.9507211538461539 0.03125 0.04807692307692308
0 0.3713942307692308 0.9399038461538461 0.04807692307692308 0.04807692307692308