0 0.21634615384615385 0.6322115384615384 0.04326923076923077 0.0673076923076923
0 0.43509615384615385 0.40865384615384615 0.03365384615384615 0.057692307692307696
0 0.1310096153846154 0.421875 0.036057692307692304 0.07211538461538461
0 0.2127403846153846 0.9639423076923077 0.019230769230769232 0.019230769230769232
0 0.2692307692307692 0.8858173076923077 0.014423076923076924 0.03125
0 0.5444711538461539 0.6514423076923077 0.04326923076923077 0.0625
0 0.7884615384615384 0.5649038461538461 0.04807692307692308 0.0673076923076923
0 0.5024038461538461 0.125 0.028846153846153848 0.04326923076923077
0 0.8052884615384616 0.10697115384615384 0.02403846153846154 0.04807692307692308
0 0.6911057692307693 0.04927884615384615 0.03125 0.04807692307692308
0 0.6286057692307693 0.06009615384615385 0.04807692307692308 0.04807692307692308