0 0.6610576923076923 0.5721153846153846 0.03365384615384615 0.02403846153846154
0 0.6262019230769231 0.3870192307692308 0.028846153846153848 0.019230769230769232
0 0.71875 0.35697115384615385 0.03365384615384615 0.02403846153846154
0 0.71875 0.46634615384615385 0.03365384615384615 0.02403846153846154
0 0.8713942307692307 0.5480769230769231 0.02403846153846154 0.014423076923076924
0 0.8449519230769231 0.5793269230769231 0.028846153846153848 0.01201923076923077
0 0.8389423076923077 0.47836538461538464 0.02403846153846154 0.01201923076923077
0 0.8641826923076923 0.5228365384615384 0.02403846153846154 0.009615384615384616
0 0.9086538461538461 0.4879807692307692 0.016826923076923076 0.019230769230769232
0 0.6201923076923077 0.4987980769230769 0.02403846153846154 0.019230769230769232
0 0.46875 0.4326923076923077 0.028846153846153848 0.009615384615384616
0 0.4567307692307692 0.5216346153846154 0.019230769230769232 0.01201923076923077
0 0.5516826923076923 0.7163461538461539 0.04567307692307692 0.038461538461538464
0 0.5 0.6766826923076923 0.02403846153846154 0.02403846153846154
0 0.4483173076923077 0.7415865384615384 0.028846153846153848 0.019230769230769232
0 0.11538461538461539 0.5793269230769231 0.03365384615384615 0.019230769230769232
0 0.12980769230769232 0.4735576923076923 0.028846153846153848 0.019230769230769232
0 0.17548076923076922 0.052884615384615384 0.038461538461538464 0.02403846153846154
0 0.3269230769230769 0.3545673076923077 0.03365384615384615 0.014423076923076924
0 0.2932692307692308 0.08774038461538461 0.02403846153846154 0.014423076923076924
0 0.3762019230769231 0.9459134615384616 0.02403846153846154 0.01201923076923077