0 0.3389423076923077 0.42788461538461536 0.03365384615384615 0.02403846153846154
0 0.3737980769230769 0.6129807692307693 0.028846153846153848 0.019230769230769232
0 0.28125 0.6430288461538461 0.03365384615384615 0.02403846153846154
0 0.28125 0.5336538461538461 0.03365384615384615 0.02403846153846154
0 0.12860576923076922 0.4519230769230769 0.02403846153846154 0.014423076923076924
0 0.15504807692307693 0.4206730769230769 0.028846153846153848 0.01201923076923077
0 0.16105769230769232 0.5216346153846154 0.02403846153846154 0.01201923076923077
0 0.13581730769230768 0.47716346153846156 0.02403846153846154 0.009615384615384616
0 0.09134615384615384 0.5120192307692307 0.016826923076923076 0.019230769230769232
0 0.3798076923076923 0.5012019230769231 0.02403846153846154 0.019230769230769232
0 0.53125 0.5673076923076923 0.028846153846153848 0.009615384615384616
0 0.5432692307692307 0.47836538461538464 0.019230769230769232 0.01201923076923077
0 0.4483173076923077 0.28365384615384615 0.04567307692307692 0.038461538461538464
0 0.5 0.3233173076923077 0.02403846153846154 0.02403846153846154
0 0.5516826923076923 0.25841346153846156 0.028846153846153848 0.019230769230769232
0 0.8846153846153846 0.4206730769230769 0.03365384615384615 0.019230769230769232
0 0.8701923076923077 0.5264423076923077 0.028846153846153848 0.019230769230769232
0 0.8245192307692307 0.9471153846153846 0.038461538461538464 0.02403846153846154
0 0.6730769230769231 0.6454326923076923 0.03365384615384615 0.014423076923076924
0 0.7067307692307693 0.9122596153846154 0.02403846153846154 0.014423076923076924
0 0.6237980769230769 0.054086538461538464 0.02403846153846154 0.01201923076923077