0 0.3485576923076923 0.3233173076923077 0.0625 0.038461538461538464
0 0.49759615384615385 0.23557692307692307 0.055288461538461536 0.04326923076923077
0 0.5985576923076923 0.2283653846153846 0.02403846153846154 0.02403846153846154
0 0.6394230769230769 0.20673076923076922 0.028846153846153848 0.03125
0 0.6814903846153846 0.5012019230769231 0.052884615384615384 0.028846153846153848
0 0.7800480769230769 0.5540865384615384 0.038461538461538464 0.028846153846153848
0 0.25721153846153844 0.6730769230769231 0.052884615384615384 0.05048076923076923
0 0.3137019230769231 0.4807692307692308 0.028846153846153848 0.019230769230769232
0 0.38341346153846156 0.7079326923076923 0.028846153846153848 0.02403846153846154
0 0.34975961538461536 0.7235576923076923 0.021634615384615384 0.03125
0 0.4483173076923077 0.36899038461538464 0.04807692307692308 0.028846153846153848
0 0.4807692307692308 0.6298076923076923 0.038461538461538464 0.03365384615384615
0 0.6526442307692307 0.6610576923076923 0.03365384615384615 0.028846153846153848
0 0.28725961538461536 0.8942307692307693 0.02403846153846154 0.019230769230769232
0 0.6009615384615384 0.4074519230769231 0.036057692307692304 0.028846153846153848
0 0.48197115384615385 0.5300480769230769 0.02403846153846154 0.02403846153846154
0 0.39663461538461536 0.5564903846153846 0.038461538461538464 0.03365384615384615
0 0.6189903846153846 0.25961538461538464 0.021634615384615384 0.019230769230769232