0 0.6514423076923077 0.6766826923076923 0.0625 0.038461538461538464
0 0.5024038461538461 0.7644230769230769 0.055288461538461536 0.04326923076923077
0 0.4014423076923077 0.7716346153846154 0.02403846153846154 0.02403846153846154
0 0.3605769230769231 0.7932692307692307 0.028846153846153848 0.03125
0 0.31850961538461536 0.4987980769230769 0.052884615384615384 0.028846153846153848
0 0.21995192307692307 0.44591346153846156 0.038461538461538464 0.028846153846153848
0 0.7427884615384616 0.3269230769230769 0.052884615384615384 0.05048076923076923
0 0.6862980769230769 0.5192307692307693 0.028846153846153848 0.019230769230769232
0 0.6165865384615384 0.2920673076923077 0.028846153846153848 0.02403846153846154
0 0.6502403846153846 0.2764423076923077 0.021634615384615384 0.03125
0 0.5516826923076923 0.6310096153846154 0.04807692307692308 0.028846153846153848
0 0.5192307692307693 0.3701923076923077 0.038461538461538464 0.03365384615384615
0 0.3473557692307692 0.3389423076923077 0.03365384615384615 0.028846153846153848
0 0.7127403846153846 0.10576923076923077 0.02403846153846154 0.019230769230769232
0 0.39903846153846156 0.5925480769230769 0.036057692307692304 0.028846153846153848
0 0.5180288461538461 0.4699519230769231 0.02403846153846154 0.02403846153846154
0 0.6033653846153846 0.44350961538461536 0.038461538461538464 0.03365384615384615
0 0.38100961538461536 0.7403846153846154 0.021634615384615384 0.019230769230769232