0 0.16466346153846154 0.008413461538461538 0.028846153846153848 0.01201923076923077
0 0.23557692307692307 0.07692307692307693 0.02403846153846154 0.019230769230769232
0 0.16105769230769232 0.23076923076923078 0.021634615384615384 0.026442307692307692
0 0.04447115384615385 0.31490384615384615 0.019230769230769232 0.028846153846153848
0 0.13701923076923078 0.3329326923076923 0.026442307692307692 0.026442307692307692
0 0.3269230769230769 0.25240384615384615 0.014423076923076924 0.021634615384615384
0 0.23557692307692307 0.25600961538461536 0.02403846153846154 0.019230769230769232
0 0.36658653846153844 0.18629807692307693 0.02403846153846154 0.028846153846153848
0 0.2668269230769231 0.13221153846153846 0.026442307692307692 0.02403846153846154
0 0.2608173076923077 0.1622596153846154 0.021634615384615384 0.019230769230769232
0 0.6262019230769231 0.1814903846153846 0.019230769230769232 0.021634615384615384
0 0.4675480769230769 0.43990384615384615 0.014423076923076924 0.028846153846153848
0 0.5192307692307693 0.5805288461538461 0.019230769230769232 0.02403846153846154
0 0.46875 0.5396634615384616 0.021634615384615384 0.019230769230769232
0 0.3329326923076923 0.5108173076923077 0.019230769230769232 0.026442307692307692
0 0.38341346153846156 0.4495192307692308 0.026442307692307692 0.028846153846153848
0 0.5697115384615384 0.45552884615384615 0.014423076923076924 0.028846153846153848
0 0.6201923076923077 0.45072115384615385 0.02403846153846154 0.019230769230769232
0 0.6454326923076923 0.265625 0.014423076923076924 0.014423076923076924
0 0.6514423076923077 0.31009615384615385 0.019230769230769232 0.02403846153846154
0 0.6045673076923077 0.40625 0.019230769230769232 0.019230769230769232
0 0.5144230769230769 0.3954326923076923 0.021634615384615384 0.02403846153846154
0 0.6334134615384616 0.3798076923076923 0.019230769230769232 0.014423076923076924
0 0.29447115384615385 0.47115384615384615 0.014423076923076924 0.014423076923076924
0 0.19951923076923078 0.4855769230769231 0.019230769230769232 0.019230769230769232
0 0.15264423076923078 0.5745192307692307 0.021634615384615384 0.019230769230769232
0 0.41947115384615385 0.6189903846153846 0.02403846153846154 0.026442307692307692
0 0.33052884615384615 0.6045673076923077 0.019230769230769232 0.026442307692307692
0 0.35096153846153844 0.6646634615384616 0.028846153846153848 0.026442307692307692
0 0.296875 0.5600961538461539 0.019230769230769232 0.028846153846153848
0 0.3798076923076923 0.5877403846153846 0.01201923076923077 0.01201923076923077
0 0.46274038461538464 0.3605769230769231 0.014423076923076924 0.021634615384615384
0 0.46033653846153844 0.40024038461538464 0.014423076923076924 0.02403846153846154
0 0.4026442307692308 0.38100961538461536 0.021634615384615384 0.026442307692307692
0 0.3798076923076923 0.3545673076923077 0.019230769230769232 0.021634615384615384
0 0.3425480769230769 0.3125 0.021634615384615384 0.026442307692307692
0 0.41947115384615385 0.31971153846153844 0.021634615384615384 0.02403846153846154
0 0.2980769230769231 0.018028846153846152 0.019230769230769232 0.02403846153846154
0 0.040865384615384616 0.09254807692307693 0.019230769230769232 0.026442307692307692
0 0.3629807692307692 0.030048076923076924 0.026442307692307692 0.02403846153846154
0 0.17548076923076922 0.38341346153846156 0.014423076923076924 0.019230769230769232
0 0.0829326923076923 0.40384615384615385 0.028846153846153848 0.014423076923076924
0 0.21995192307692307 0.34375 0.01201923076923077 0.019230769230769232
0 0.30288461538461536 0.3786057692307692 0.019230769230769232 0.019230769230769232
0 0.1778846153846154 0.4495192307692308 0.01201923076923077 0.026442307692307692
0 0.2644230769230769 0.45072115384615385 0.019230769230769232 0.03365384615384615
0 0.5060096153846154 0.19951923076923078 0.019230769230769232 0.021634615384615384
0 0.22355769230769232 0.18509615384615385 0.026442307692307692 0.028846153846153848
0 0.21153846153846154 0.12860576923076922 0.019230769230769232 0.019230769230769232
0 0.17668269230769232 0.15985576923076922 0.028846153846153848 0.02403846153846154
0 0.008413461538461538 0.44711538461538464 0.014423076923076924 0.021634615384615384
0 0.01201923076923077 0.3894230769230769 0.014423076923076924 0.019230769230769232
0 0.004807692307692308 0.28966346153846156 0.004807692307692308 0.03365384615384615
0 0.10336538461538461 0.4543269230769231 0.021634615384615384 0.019230769230769232