0 0.8353365384615384 0.9915865384615384 0.028846153846153848 0.01201923076923077
0 0.7644230769230769 0.9230769230769231 0.02403846153846154 0.019230769230769232
0 0.8389423076923077 0.7692307692307693 0.021634615384615384 0.026442307692307692
0 0.9555288461538461 0.6850961538461539 0.019230769230769232 0.028846153846153848
0 0.8629807692307693 0.6670673076923077 0.026442307692307692 0.026442307692307692
0 0.6730769230769231 0.7475961538461539 0.014423076923076924 0.021634615384615384
0 0.7644230769230769 0.7439903846153846 0.02403846153846154 0.019230769230769232
0 0.6334134615384616 0.8137019230769231 0.02403846153846154 0.028846153846153848
0 0.7331730769230769 0.8677884615384616 0.026442307692307692 0.02403846153846154
0 0.7391826923076923 0.8377403846153846 0.021634615384615384 0.019230769230769232
0 0.3737980769230769 0.8185096153846154 0.019230769230769232 0.021634615384615384
0 0.5324519230769231 0.5600961538461539 0.014423076923076924 0.028846153846153848
0 0.4807692307692308 0.41947115384615385 0.019230769230769232 0.02403846153846154
0 0.53125 0.46033653846153844 0.021634615384615384 0.019230769230769232
0 0.6670673076923077 0.4891826923076923 0.019230769230769232 0.026442307692307692
0 0.6165865384615384 0.5504807692307693 0.026442307692307692 0.028846153846153848
0 0.43028846153846156 0.5444711538461539 0.014423076923076924 0.028846153846153848
0 0.3798076923076923 0.5492788461538461 0.02403846153846154 0.019230769230769232
0 0.3545673076923077 0.734375 0.014423076923076924 0.014423076923076924
0 0.3485576923076923 0.6899038461538461 0.019230769230769232 0.02403846153846154
0 0.3954326923076923 0.59375 0.019230769230769232 0.019230769230769232
0 0.4855769230769231 0.6045673076923077 0.021634615384615384 0.02403846153846154
0 0.36658653846153844 0.6201923076923077 0.019230769230769232 0.014423076923076924
0 0.7055288461538461 0.5288461538461539 0.014423076923076924 0.014423076923076924
0 0.8004807692307693 0.5144230769230769 0.019230769230769232 0.019230769230769232
0 0.8473557692307693 0.4254807692307692 0.021634615384615384 0.019230769230769232
0 0.5805288461538461 0.38100961538461536 0.02403846153846154 0.026442307692307692
0 0.6694711538461539 0.3954326923076923 0.019230769230769232 0.026442307692307692
0 0.6490384615384616 0.33533653846153844 0.028846153846153848 0.026442307692307692
0 0.703125 0.43990384615384615 0.019230769230769232 0.028846153846153848
0 0.6201923076923077 0.41225961538461536 0.01201923076923077 0.01201923076923077
0 0.5372596153846154 0.6394230769230769 0.014423076923076924 0.021634615384615384
0 0.5396634615384616 0.5997596153846154 0.014423076923076924 0.02403846153846154
0 0.5973557692307693 0.6189903846153846 0.021634615384615384 0.026442307692307692
0 0.6201923076923077 0.6454326923076923 0.019230769230769232 0.021634615384615384
0 0.6574519230769231 0.6875 0.021634615384615384 0.026442307692307692
0 0.5805288461538461 0.6802884615384616 0.021634615384615384 0.02403846153846154
0 0.7019230769230769 0.9819711538461539 0.019230769230769232 0.02403846153846154
0 0.9591346153846154 0.9074519230769231 0.019230769230769232 0.026442307692307692
0 0.6370192307692307 0.9699519230769231 0.026442307692307692 0.02403846153846154
0 0.8245192307692307 0.6165865384615384 0.014423076923076924 0.019230769230769232
0 0.9170673076923077 0.5961538461538461 0.028846153846153848 0.014423076923076924
0 0.7800480769230769 0.65625 0.01201923076923077 0.019230769230769232
0 0.6971153846153846 0.6213942307692307 0.019230769230769232 0.019230769230769232
0 0.8221153846153846 0.5504807692307693 0.01201923076923077 0.026442307692307692
0 0.7355769230769231 0.5492788461538461 0.019230769230769232 0.03365384615384615
0 0.49399038461538464 0.8004807692307693 0.019230769230769232 0.021634615384615384
0 0.7764423076923077 0.8149038461538461 0.026442307692307692 0.028846153846153848
0 0.7884615384615384 0.8713942307692307 0.019230769230769232 0.019230769230769232
0 0.8233173076923077 0.8401442307692307 0.028846153846153848 0.02403846153846154
0 0.9915865384615384 0.5528846153846154 0.014423076923076924 0.021634615384615384
0 0.9879807692307693 0.6105769230769231 0.014423076923076924 0.019230769230769232
0 0.9951923076923077 0.7103365384615384 0.004807692307692308 0.03365384615384615
0 0.8966346153846154 0.5456730769230769 0.021634615384615384 0.019230769230769232