0 0.3737980769230769 0.3701923076923077 0.03365384615384615 0.03125
0 0.45072115384615385 0.13581730769230768 0.028846153846153848 0.03365384615384615
0 0.5168269230769231 0.40024038461538464 0.03125 0.02403846153846154
0 0.5432692307692307 0.3473557692307692 0.021634615384615384 0.019230769230769232
0 0.47596153846153844 0.3581730769230769 0.02403846153846154 0.02403846153846154
0 0.4338942307692308 0.3401442307692308 0.019230769230769232 0.019230769230769232
0 0.39302884615384615 0.4170673076923077 0.02403846153846154 0.021634615384615384
0 0.4170673076923077 0.47716346153846156 0.019230769230769232 0.016826923076923076
0 0.6947115384615384 0.47596153846153844 0.02403846153846154 0.021634615384615384
0 0.43149038461538464 0.8605769230769231 0.021634615384615384 0.028846153846153848
0 0.4362980769230769 0.9122596153846154 0.019230769230769232 0.019230769230769232
0 0.4074519230769231 0.9435096153846154 0.02403846153846154 0.028846153846153848
0 0.34615384615384615 0.9158653846153846 0.02403846153846154 0.021634615384615384
0 0.3473557692307692 0.8701923076923077 0.021634615384615384 0.019230769230769232
0 0.4651442307692308 0.6959134615384616 0.02403846153846154 0.019230769230769232
0 0.5024038461538461 0.7223557692307693 0.021634615384615384 0.019230769230769232
0 0.5024038461538461 0.8293269230769231 0.028846153846153848 0.02403846153846154
0 0.13701923076923078 0.24158653846153846 0.02403846153846154 0.016826923076923076
0 0.21875 0.14302884615384615 0.019230769230769232 0.019230769230769232
0 0.734375 0.0889423076923077 0.02403846153846154 0.02403846153846154
0 0.484375 0.5048076923076923 0.028846153846153848 0.014423076923076924
0 0.5528846153846154 0.5661057692307693 0.014423076923076924 0.016826923076923076
0 0.8689903846153846 0.4723557692307692 0.02403846153846154 0.03365384615384615
0 0.5745192307692307 0.7007211538461539 0.028846153846153848 0.03365384615384615