0 0.6262019230769231 0.6298076923076923 0.03365384615384615 0.03125
0 0.5492788461538461 0.8641826923076923 0.028846153846153848 0.03365384615384615
0 0.4831730769230769 0.5997596153846154 0.03125 0.02403846153846154
0 0.4567307692307692 0.6526442307692307 0.021634615384615384 0.019230769230769232
0 0.5240384615384616 0.6418269230769231 0.02403846153846154 0.02403846153846154
0 0.5661057692307693 0.6598557692307693 0.019230769230769232 0.019230769230769232
0 0.6069711538461539 0.5829326923076923 0.02403846153846154 0.021634615384615384
0 0.5829326923076923 0.5228365384615384 0.019230769230769232 0.016826923076923076
0 0.30528846153846156 0.5240384615384616 0.02403846153846154 0.021634615384615384
0 0.5685096153846154 0.13942307692307693 0.021634615384615384 0.028846153846153848
0 0.5637019230769231 0.08774038461538461 0.019230769230769232 0.019230769230769232
0 0.5925480769230769 0.056490384615384616 0.02403846153846154 0.028846153846153848
0 0.6538461538461539 0.08413461538461539 0.02403846153846154 0.021634615384615384
0 0.6526442307692307 0.12980769230769232 0.021634615384615384 0.019230769230769232
0 0.5348557692307693 0.30408653846153844 0.02403846153846154 0.019230769230769232
0 0.49759615384615385 0.2776442307692308 0.021634615384615384 0.019230769230769232
0 0.49759615384615385 0.17067307692307693 0.028846153846153848 0.02403846153846154
0 0.8629807692307693 0.7584134615384616 0.02403846153846154 0.016826923076923076
0 0.78125 0.8569711538461539 0.019230769230769232 0.019230769230769232
0 0.265625 0.9110576923076923 0.02403846153846154 0.02403846153846154
0 0.515625 0.4951923076923077 0.028846153846153848 0.014423076923076924
0 0.44711538461538464 0.4338942307692308 0.014423076923076924 0.016826923076923076
0 0.1310096153846154 0.5276442307692307 0.02403846153846154 0.03365384615384615
0 0.4254807692307692 0.29927884615384615 0.028846153846153848 0.03365384615384615