1 0.5528846153846154 0.3173076923076923 0.02403846153846154 0.03365384615384615
1 0.546875 0.6418269230769231 0.016826923076923076 0.014423076923076924
1 0.5084134615384616 0.6141826923076923 0.014423076923076924 0.016826923076923076
1 0.47596153846153844 0.5637019230769231 0.01201923076923077 0.014423076923076924
1 0.5216346153846154 0.3401442307692308 0.014423076923076924 0.02403846153846154
1 0.4579326923076923 0.3942307692307692 0.01201923076923077 0.014423076923076924
1 0.4879807692307692 0.3076923076923077 0.02403846153846154 0.026442307692307692
1 0.4206730769230769 0.40865384615384615 0.01201923076923077 0.016826923076923076
1 0.44471153846153844 0.43509615384615385 0.016826923076923076 0.01201923076923077
1 0.39783653846153844 0.4807692307692308 0.01201923076923077 0.019230769230769232
1 0.421875 0.4675480769230769 0.01201923076923077 0.014423076923076924
1 0.6310096153846154 0.32572115384615385 0.009615384615384616 0.019230769230769232
1 0.578125 0.33533653846153844 0.014423076923076924 0.02403846153846154
1 0.5685096153846154 0.3894230769230769 0.014423076923076924 0.019230769230769232
1 0.5721153846153846 0.4230769230769231 0.014423076923076924 0.021634615384615384
1 0.6057692307692307 0.44350961538461536 0.009615384615384616 0.014423076923076924
1 0.5072115384615384 0.47475961538461536 0.019230769230769232 0.021634615384615384
1 0.5420673076923077 0.5 0.014423076923076924 0.019230769230769232
1 0.4170673076923077 0.5084134615384616 0.014423076923076924 0.016826923076923076
1 0.4963942307692308 0.5949519230769231 0.01201923076923077 0.016826923076923076
1 0.49399038461538464 0.6598557692307693 0.014423076923076924 0.019230769230769232
1 0.4014423076923077 0.5841346153846154 0.01201923076923077 0.016826923076923076
1 0.4423076923076923 0.4879807692307692 0.014423076923076924 0.014423076923076924
1 0.46033653846153844 0.5060096153846154 0.009615384615384616 0.01201923076923077
1 0.47115384615384615 0.5252403846153846 0.014423076923076924 0.016826923076923076
1 0.4699519230769231 0.6634615384615384 0.01201923076923077 0.01201923076923077
1 0.4411057692307692 0.5108173076923077 0.014423076923076924 0.01201923076923077