0 0.5384615384615384 0.4362980769230769 0.014423076923076924 0.014423076923076924
0 0.6346153846153846 0.42788461538461536 0.021634615384615384 0.014423076923076924
0 0.609375 0.43149038461538464 0.01201923076923077 0.016826923076923076
0 0.6730769230769231 0.6346153846153846 0.016826923076923076 0.009615384615384616
0 0.7548076923076923 0.6694711538461539 0.019230769230769232 0.014423076923076924
0 0.7512019230769231 0.6286057692307693 0.016826923076923076 0.014423076923076924
0 0.5769230769230769 0.44591346153846156 0.019230769230769232 0.01201923076923077
0 0.8112980769230769 0.53125 0.014423076923076924 0.016826923076923076
0 0.6694711538461539 0.5300480769230769 0.014423076923076924 0.01201923076923077
0 0.7487980769230769 0.42788461538461536 0.014423076923076924 0.009615384615384616
0 0.6550480769230769 0.46153846153846156 0.016826923076923076 0.009615384615384616
0 0.8401442307692307 0.5048076923076923 0.01201923076923077 0.014423076923076924
0 0.8822115384615384 0.5793269230769231 0.019230769230769232 0.014423076923076924
0 0.8509615384615384 0.6310096153846154 0.021634615384615384 0.016826923076923076
0 0.8473557692307693 0.6033653846153846 0.028846153846153848 0.016826923076923076
0 0.6622596153846154 0.5745192307692307 0.019230769230769232 0.016826923076923076
0 0.7908653846153846 0.7163461538461539 0.026442307692307692 0.021634615384615384
0 0.90625 0.5084134615384616 0.019230769230769232 0.019230769230769232
0 0.9278846153846154 0.35216346153846156 0.021634615384615384 0.019230769230769232
0 0.9435096153846154 0.31490384615384615 0.028846153846153848 0.02403846153846154
0 0.8713942307692307 0.26322115384615385 0.028846153846153848 0.016826923076923076
0 0.84375 0.41947115384615385 0.019230769230769232 0.02403846153846154
0 0.6694711538461539 0.4423076923076923 0.014423076923076924 0.01201923076923077
0 0.7764423076923077 0.47836538461538464 0.016826923076923076 0.016826923076923076
0 0.7019230769230769 0.46634615384615385 0.019230769230769232 0.014423076923076924
0 0.9711538461538461 0.46153846153846156 0.019230769230769232 0.019230769230769232
0 0.8509615384615384 0.6826923076923077 0.028846153846153848 0.019230769230769232
0 0.6526442307692307 0.6899038461538461 0.019230769230769232 0.019230769230769232
0 0.3161057692307692 0.3545673076923077 0.028846153846153848 0.016826923076923076