0 0.46153846153846156 0.5637019230769231 0.014423076923076924 0.014423076923076924
0 0.36538461538461536 0.5721153846153846 0.021634615384615384 0.014423076923076924
0 0.390625 0.5685096153846154 0.01201923076923077 0.016826923076923076
0 0.3269230769230769 0.36538461538461536 0.016826923076923076 0.009615384615384616
0 0.24519230769230768 0.33052884615384615 0.019230769230769232 0.014423076923076924
0 0.24879807692307693 0.3713942307692308 0.016826923076923076 0.014423076923076924
0 0.4230769230769231 0.5540865384615384 0.019230769230769232 0.01201923076923077
0 0.18870192307692307 0.46875 0.014423076923076924 0.016826923076923076
0 0.33052884615384615 0.4699519230769231 0.014423076923076924 0.01201923076923077
0 0.2512019230769231 0.5721153846153846 0.014423076923076924 0.009615384615384616
0 0.3449519230769231 0.5384615384615384 0.016826923076923076 0.009615384615384616
0 0.15985576923076922 0.4951923076923077 0.01201923076923077 0.014423076923076924
0 0.11778846153846154 0.4206730769230769 0.019230769230769232 0.014423076923076924
0 0.14903846153846154 0.36899038461538464 0.021634615384615384 0.016826923076923076
0 0.15264423076923078 0.39663461538461536 0.028846153846153848 0.016826923076923076
0 0.33774038461538464 0.4254807692307692 0.019230769230769232 0.016826923076923076
0 0.2091346153846154 0.28365384615384615 0.026442307692307692 0.021634615384615384
0 0.09375 0.49158653846153844 0.019230769230769232 0.019230769230769232
0 0.07211538461538461 0.6478365384615384 0.021634615384615384 0.019230769230769232
0 0.056490384615384616 0.6850961538461539 0.028846153846153848 0.02403846153846154
0 0.12860576923076922 0.7367788461538461 0.028846153846153848 0.016826923076923076
0 0.15625 0.5805288461538461 0.019230769230769232 0.02403846153846154
0 0.33052884615384615 0.5576923076923077 0.014423076923076924 0.01201923076923077
0 0.22355769230769232 0.5216346153846154 0.016826923076923076 0.014423076923076924
0 0.2980769230769231 0.5336538461538461 0.019230769230769232 0.014423076923076924
0 0.028846153846153848 0.5384615384615384 0.019230769230769232 0.019230769230769232
0 0.14903846153846154 0.3173076923076923 0.028846153846153848 0.019230769230769232
0 0.3473557692307692 0.31009615384615385 0.019230769230769232 0.019230769230769232
0 0.6838942307692307 0.6454326923076923 0.028846153846153848 0.016826923076923076