0 0.5637019230769231 0.5384615384615384 0.014423076923076924 0.014423076923076924
0 0.5721153846153846 0.6346153846153846 0.014423076923076924 0.021634615384615384
0 0.5685096153846154 0.609375 0.016826923076923076 0.01201923076923077
0 0.36538461538461536 0.6730769230769231 0.009615384615384616 0.016826923076923076
0 0.33052884615384615 0.7548076923076923 0.014423076923076924 0.019230769230769232
0 0.3713942307692308 0.7512019230769231 0.014423076923076924 0.016826923076923076
0 0.5540865384615384 0.5769230769230769 0.01201923076923077 0.019230769230769232
0 0.46875 0.8112980769230769 0.016826923076923076 0.014423076923076924
0 0.4699519230769231 0.6694711538461539 0.01201923076923077 0.014423076923076924
0 0.5721153846153846 0.7487980769230769 0.009615384615384616 0.014423076923076924
0 0.5384615384615384 0.6550480769230769 0.009615384615384616 0.016826923076923076
0 0.4951923076923077 0.8401442307692307 0.014423076923076924 0.01201923076923077
0 0.4206730769230769 0.8822115384615384 0.014423076923076924 0.019230769230769232
0 0.36899038461538464 0.8509615384615384 0.016826923076923076 0.021634615384615384
0 0.39663461538461536 0.8473557692307693 0.016826923076923076 0.028846153846153848
0 0.4254807692307692 0.6622596153846154 0.016826923076923076 0.019230769230769232
0 0.28365384615384615 0.7908653846153846 0.021634615384615384 0.026442307692307692
0 0.49158653846153844 0.90625 0.019230769230769232 0.019230769230769232
0 0.6478365384615384 0.9278846153846154 0.019230769230769232 0.021634615384615384
0 0.6850961538461539 0.9435096153846154 0.02403846153846154 0.028846153846153848
0 0.7367788461538461 0.8713942307692307 0.016826923076923076 0.028846153846153848
0 0.5805288461538461 0.84375 0.02403846153846154 0.019230769230769232
0 0.5576923076923077 0.6694711538461539 0.01201923076923077 0.014423076923076924
0 0.5216346153846154 0.7764423076923077 0.014423076923076924 0.016826923076923076
0 0.5336538461538461 0.7019230769230769 0.014423076923076924 0.019230769230769232
0 0.5384615384615384 0.9711538461538461 0.019230769230769232 0.019230769230769232
0 0.3173076923076923 0.8509615384615384 0.019230769230769232 0.03125
0 0.31009615384615385 0.6526442307692307 0.019230769230769232 0.019230769230769232
0 0.6454326923076923 0.3161057692307692 0.016826923076923076 0.028846153846153848