0 0.3870192307692308 0.375 0.014423076923076924 0.02403846153846154
0 0.4639423076923077 0.45552884615384615 0.019230769230769232 0.019230769230769232
0 0.4951923076923077 0.5985576923076923 0.028846153846153848 0.02403846153846154
0 0.25 0.7019230769230769 0.014423076923076924 0.019230769230769232
0 0.2920673076923077 0.625 0.021634615384615384 0.014423076923076924
0 0.33413461538461536 0.5600961538461539 0.019230769230769232 0.019230769230769232
0 0.40024038461538464 0.5132211538461539 0.019230769230769232 0.016826923076923076
0 0.43990384615384615 0.5216346153846154 0.021634615384615384 0.019230769230769232
0 0.3629807692307692 0.45552884615384615 0.014423076923076924 0.021634615384615384
0 0.49399038461538464 0.3954326923076923 0.014423076923076924 0.019230769230769232
0 0.26322115384615385 0.5240384615384616 0.016826923076923076 0.021634615384615384
0 0.3329326923076923 0.4567307692307692 0.014423076923076924 0.019230769230769232
0 0.578125 0.4855769230769231 0.014423076923076924 0.01201923076923077
0 0.5180288461538461 0.37740384615384615 0.014423076923076924 0.019230769230769232