0 0.6802884615384616 0.7548076923076923 0.02403846153846154 0.03365384615384615
0 0.5769230769230769 0.7487980769230769 0.014423076923076924 0.02403846153846154
0 0.4987980769230769 0.7271634615384616 0.014423076923076924 0.02403846153846154
0 0.390625 0.5961538461538461 0.021634615384615384 0.038461538461538464
0 0.41346153846153844 0.6706730769230769 0.02403846153846154 0.038461538461538464
0 0.34134615384615385 0.5673076923076923 0.019230769230769232 0.02403846153846154
0 0.40384615384615385 0.5012019230769231 0.026442307692307692 0.03365384615384615
0 0.15985576923076922 0.06490384615384616 0.019230769230769232 0.028846153846153848
0 0.22716346153846154 0.17427884615384615 0.03125 0.04326923076923077
0 0.36778846153846156 0.2091346153846154 0.019230769230769232 0.028846153846153848
0 0.5384615384615384 0.22716346153846154 0.019230769230769232 0.028846153846153848
0 0.42908653846153844 0.375 0.028846153846153848 0.03365384615384615
0 0.6105769230769231 0.2848557692307692 0.02403846153846154 0.038461538461538464
0 0.5853365384615384 0.06370192307692307 0.026442307692307692 0.028846153846153848
0 0.6622596153846154 0.0889423076923077 0.021634615384615384 0.028846153846153848
0 0.703125 0.09495192307692307 0.02403846153846154 0.028846153846153848
0 0.7079326923076923 0.29447115384615385 0.021634615384615384 0.028846153846153848
0 0.7043269230769231 0.34975961538461536 0.019230769230769232 0.019230769230769232
0 0.6550480769230769 0.46033653846153844 0.016826923076923076 0.019230769230769232
0 0.6081730769230769 0.4254807692307692 0.016826923076923076 0.02403846153846154
0 0.49038461538461536 0.6021634615384616 0.014423076923076924 0.02403846153846154
0 0.6262019230769231 0.5372596153846154 0.021634615384615384 0.02403846153846154
0 0.9855769230769231 0.3125 0.01201923076923077 0.02403846153846154
0 0.3629807692307692 0.8197115384615384 0.009615384615384616 0.02403846153846154
0 0.5180288461538461 0.5685096153846154 0.014423076923076924 0.02403846153846154
0 0.8088942307692307 0.47115384615384615 0.014423076923076924 0.028846153846153848