0 0.31971153846153844 0.24519230769230768 0.02403846153846154 0.03365384615384615
0 0.4230769230769231 0.2512019230769231 0.014423076923076924 0.02403846153846154
0 0.5012019230769231 0.27283653846153844 0.014423076923076924 0.02403846153846154
0 0.609375 0.40384615384615385 0.021634615384615384 0.038461538461538464
0 0.5865384615384616 0.3293269230769231 0.02403846153846154 0.038461538461538464
0 0.6586538461538461 0.4326923076923077 0.019230769230769232 0.02403846153846154
0 0.5961538461538461 0.4987980769230769 0.026442307692307692 0.03365384615384615
0 0.8401442307692307 0.9350961538461539 0.019230769230769232 0.028846153846153848
0 0.7728365384615384 0.8257211538461539 0.03125 0.04326923076923077
0 0.6322115384615384 0.7908653846153846 0.019230769230769232 0.028846153846153848
0 0.46153846153846156 0.7728365384615384 0.021634615384615384 0.028846153846153848
0 0.5709134615384616 0.625 0.028846153846153848 0.03365384615384615
0 0.3894230769230769 0.7151442307692307 0.02403846153846154 0.038461538461538464
0 0.41466346153846156 0.9362980769230769 0.026442307692307692 0.028846153846153848
0 0.33774038461538464 0.9110576923076923 0.021634615384615384 0.028846153846153848
0 0.296875 0.9050480769230769 0.02403846153846154 0.028846153846153848
0 0.2920673076923077 0.7055288461538461 0.021634615384615384 0.028846153846153848
0 0.2956730769230769 0.6502403846153846 0.019230769230769232 0.019230769230769232
0 0.3449519230769231 0.5396634615384616 0.016826923076923076 0.019230769230769232
0 0.3918269230769231 0.5745192307692307 0.016826923076923076 0.02403846153846154
0 0.5096153846153846 0.39783653846153844 0.014423076923076924 0.02403846153846154
0 0.3737980769230769 0.46274038461538464 0.021634615384615384 0.02403846153846154
0 0.014423076923076924 0.6875 0.01201923076923077 0.02403846153846154
0 0.6370192307692307 0.18028846153846154 0.009615384615384616 0.02403846153846154
0 0.48197115384615385 0.43149038461538464 0.014423076923076924 0.02403846153846154
0 0.19110576923076922 0.5288461538461539 0.014423076923076924 0.028846153846153848