0 0.24519230769230768 0.6802884615384616 0.03365384615384615 0.02403846153846154
0 0.2512019230769231 0.5769230769230769 0.02403846153846154 0.014423076923076924
0 0.27283653846153844 0.4987980769230769 0.02403846153846154 0.014423076923076924
0 0.40384615384615385 0.390625 0.038461538461538464 0.021634615384615384
0 0.3293269230769231 0.41346153846153844 0.038461538461538464 0.02403846153846154
0 0.4326923076923077 0.34134615384615385 0.02403846153846154 0.019230769230769232
0 0.4987980769230769 0.40384615384615385 0.03365384615384615 0.026442307692307692
0 0.9350961538461539 0.15985576923076922 0.028846153846153848 0.019230769230769232
0 0.8257211538461539 0.22716346153846154 0.04326923076923077 0.03125
0 0.7908653846153846 0.36778846153846156 0.028846153846153848 0.019230769230769232
0 0.7728365384615384 0.5384615384615384 0.028846153846153848 0.019230769230769232
0 0.625 0.42908653846153844 0.03365384615384615 0.028846153846153848
0 0.7151442307692307 0.6105769230769231 0.038461538461538464 0.02403846153846154
0 0.9362980769230769 0.5853365384615384 0.028846153846153848 0.026442307692307692
0 0.9110576923076923 0.6622596153846154 0.028846153846153848 0.021634615384615384
0 0.9050480769230769 0.703125 0.028846153846153848 0.02403846153846154
0 0.7055288461538461 0.7079326923076923 0.028846153846153848 0.021634615384615384
0 0.6502403846153846 0.7043269230769231 0.019230769230769232 0.019230769230769232
0 0.5396634615384616 0.6550480769230769 0.019230769230769232 0.016826923076923076
0 0.5745192307692307 0.6081730769230769 0.02403846153846154 0.016826923076923076
0 0.39783653846153844 0.49038461538461536 0.02403846153846154 0.014423076923076924
0 0.46274038461538464 0.6262019230769231 0.02403846153846154 0.021634615384615384
0 0.6875 0.9855769230769231 0.02403846153846154 0.01201923076923077
0 0.18028846153846154 0.3629807692307692 0.02403846153846154 0.009615384615384616
0 0.43149038461538464 0.5180288461538461 0.02403846153846154 0.014423076923076924
0 0.5288461538461539 0.8088942307692307 0.028846153846153848 0.014423076923076924