1 0.453125 0.6105769230769231 0.028846153846153848 0.014423076923076924
1 0.484375 0.4639423076923077 0.016826923076923076 0.009615384615384616
1 0.47716346153846156 0.5012019230769231 0.016826923076923076 0.009615384615384616
1 0.5961538461538461 0.4110576923076923 0.009615384615384616 0.004807692307692308
1 0.6009615384615384 0.4807692307692308 0.009615384615384616 0.004807692307692308
1 0.45072115384615385 0.5444711538461539 0.014423076923076924 0.009615384615384616
1 0.49278846153846156 0.5228365384615384 0.009615384615384616 0.009615384615384616
1 0.4639423076923077 0.5276442307692307 0.01201923076923077 0.009615384615384616
1 0.47836538461538464 0.5600961538461539 0.014423076923076924 0.009615384615384616
1 0.5168269230769231 0.6033653846153846 0.014423076923076924 0.009615384615384616
1 0.5408653846153846 0.41466346153846156 0.01201923076923077 0.004807692307692308
1 0.4891826923076923 0.39783653846153844 0.01201923076923077 0.009615384615384616
1 0.48197115384615385 0.41466346153846156 0.01201923076923077 0.009615384615384616
1 0.43990384615384615 0.4362980769230769 0.01201923076923077 0.004807692307692308
1 0.45913461538461536 0.4567307692307692 0.01201923076923077 0.01201923076923077
1 0.45072115384615385 0.5036057692307693 0.009615384615384616 0.004807692307692308
1 0.41466346153846156 0.5252403846153846 0.014423076923076924 0.009615384615384616
1 0.5456730769230769 0.5829326923076923 0.01201923076923077 0.009615384615384616
1 0.5745192307692307 0.4254807692307692 0.01201923076923077 0.009615384615384616
1 0.5649038461538461 0.4831730769230769 0.01201923076923077 0.004807692307692308
1 0.5793269230769231 0.5432692307692307 0.01201923076923077 0.009615384615384616
1 0.5372596153846154 0.5685096153846154 0.019230769230769232 0.009615384615384616
1 0.5348557692307693 0.5132211538461539 0.014423076923076924 0.009615384615384616
1 0.5336538461538461 0.4579326923076923 0.01201923076923077 0.009615384615384616
1 0.5432692307692307 0.43990384615384615 0.01201923076923077 0.009615384615384616
1 0.5204326923076923 0.4387019230769231 0.01201923076923077 0.009615384615384616
1 0.5192307692307693 0.3918269230769231 0.014423076923076924 0.009615384615384616
1 0.609375 0.5060096153846154 0.01201923076923077 0.009615384615384616
1 0.5757211538461539 0.5288461538461539 0.014423076923076924 0.004807692307692308
1 0.5985576923076923 0.43509615384615385 0.009615384615384616 0.009615384615384616
1 0.6009615384615384 0.46033653846153844 0.014423076923076924 0.009615384615384616
1 0.5637019230769231 0.45913461538461536 0.009615384615384616 0.009615384615384616
1 0.5961538461538461 0.5673076923076923 0.009615384615384616 0.009615384615384616