1 0.6105769230769231 0.546875 0.014423076923076924 0.028846153846153848
1 0.4639423076923077 0.515625 0.009615384615384616 0.016826923076923076
1 0.5012019230769231 0.5228365384615384 0.009615384615384616 0.016826923076923076
1 0.4110576923076923 0.40384615384615385 0.004807692307692308 0.009615384615384616
1 0.4807692307692308 0.39903846153846156 0.004807692307692308 0.009615384615384616
1 0.5444711538461539 0.5492788461538461 0.009615384615384616 0.014423076923076924
1 0.5228365384615384 0.5072115384615384 0.009615384615384616 0.009615384615384616
1 0.5276442307692307 0.5360576923076923 0.009615384615384616 0.01201923076923077
1 0.5600961538461539 0.5216346153846154 0.009615384615384616 0.014423076923076924
1 0.6033653846153846 0.4831730769230769 0.009615384615384616 0.014423076923076924
1 0.41466346153846156 0.45913461538461536 0.004807692307692308 0.01201923076923077
1 0.39783653846153844 0.5108173076923077 0.009615384615384616 0.01201923076923077
1 0.41466346153846156 0.5180288461538461 0.009615384615384616 0.01201923076923077
1 0.4362980769230769 0.5600961538461539 0.004807692307692308 0.01201923076923077
1 0.4567307692307692 0.5408653846153846 0.01201923076923077 0.01201923076923077
1 0.5036057692307693 0.5492788461538461 0.004807692307692308 0.009615384615384616
1 0.5252403846153846 0.5853365384615384 0.009615384615384616 0.014423076923076924
1 0.5829326923076923 0.4543269230769231 0.009615384615384616 0.01201923076923077
1 0.4254807692307692 0.4254807692307692 0.009615384615384616 0.01201923076923077
1 0.4831730769230769 0.43509615384615385 0.004807692307692308 0.01201923076923077
1 0.5432692307692307 0.4206730769230769 0.009615384615384616 0.01201923076923077
1 0.5685096153846154 0.46274038461538464 0.009615384615384616 0.019230769230769232
1 0.5132211538461539 0.4651442307692308 0.009615384615384616 0.014423076923076924
1 0.4579326923076923 0.46634615384615385 0.009615384615384616 0.01201923076923077
1 0.43990384615384615 0.4567307692307692 0.009615384615384616 0.01201923076923077
1 0.4387019230769231 0.4795673076923077 0.009615384615384616 0.01201923076923077
1 0.3918269230769231 0.4807692307692308 0.009615384615384616 0.014423076923076924
1 0.5060096153846154 0.390625 0.009615384615384616 0.01201923076923077
1 0.5288461538461539 0.42427884615384615 0.004807692307692308 0.014423076923076924
1 0.43509615384615385 0.4014423076923077 0.009615384615384616 0.009615384615384616
1 0.46033653846153844 0.39903846153846156 0.009615384615384616 0.014423076923076924
1 0.45913461538461536 0.4362980769230769 0.009615384615384616 0.009615384615384616
1 0.5673076923076923 0.40384615384615385 0.009615384615384616 0.009615384615384616