0 0.4362980769230769 0.3581730769230769 0.057692307692307696 0.07211538461538461
0 0.1201923076923077 0.3581730769230769 0.038461538461538464 0.0625
0 0.16105769230769232 0.296875 0.04326923076923077 0.05048076923076923
0 0.3942307692307692 0.4579326923076923 0.057692307692307696 0.0673076923076923
0 0.16105769230769232 0.7091346153846154 0.03365384615384615 0.0625
0 0.1466346153846154 0.18028846153846154 0.038461538461538464 0.04567307692307692
0 0.21995192307692307 0.43509615384615385 0.04326923076923077 0.04567307692307692
0 0.23918269230769232 0.3161057692307692 0.028846153846153848 0.0673076923076923
0 0.5132211538461539 0.7632211538461539 0.03365384615384615 0.04567307692307692
0 0.40024038461538464 0.6298076923076923 0.021634615384615384 0.038461538461538464
0 0.3918269230769231 0.5625 0.038461538461538464 0.05048076923076923
0 0.46875 0.26322115384615385 0.04807692307692308 0.05048076923076923
0 0.08052884615384616 0.33052884615384615 0.02403846153846154 0.038461538461538464