0 0.6418269230769231 0.4362980769230769 0.07211538461538461 0.057692307692307696
0 0.6418269230769231 0.1201923076923077 0.0625 0.038461538461538464
0 0.703125 0.16105769230769232 0.05048076923076923 0.04326923076923077
0 0.5420673076923077 0.3942307692307692 0.0673076923076923 0.057692307692307696
0 0.29086538461538464 0.16105769230769232 0.0625 0.03365384615384615
0 0.8197115384615384 0.1466346153846154 0.04567307692307692 0.038461538461538464
0 0.5649038461538461 0.21995192307692307 0.04567307692307692 0.04326923076923077
0 0.6838942307692307 0.23918269230769232 0.0673076923076923 0.028846153846153848
0 0.23677884615384615 0.5132211538461539 0.04567307692307692 0.03365384615384615
0 0.3701923076923077 0.40024038461538464 0.038461538461538464 0.021634615384615384
0 0.4375 0.3918269230769231 0.05048076923076923 0.038461538461538464
0 0.7367788461538461 0.46875 0.05048076923076923 0.04807692307692308
0 0.6694711538461539 0.08052884615384616 0.038461538461538464 0.02403846153846154