0 0.6550480769230769 0.12620192307692307 0.052884615384615384 0.04326923076923077
0 0.7331730769230769 0.39903846153846156 0.06490384615384616 0.04807692307692308
0 0.8641826923076923 0.6550480769230769 0.052884615384615384 0.057692307692307696
0 0.8677884615384616 0.7980769230769231 0.0673076923076923 0.04807692307692308
0 0.8485576923076923 0.921875 0.07692307692307693 0.04567307692307692
0 0.7139423076923077 0.6682692307692307 0.04807692307692308 0.03125
0 0.7295673076923077 0.7956730769230769 0.04807692307692308 0.03365384615384615
0 0.6346153846153846 0.4795673076923077 0.07211538461538461 0.052884615384615384
0 0.5492788461538461 0.25721153846153844 0.06009615384615385 0.038461538461538464
0 0.43028846153846156 0.018028846153846152 0.04807692307692308 0.02403846153846154
0 0.3545673076923077 0.18269230769230768 0.057692307692307696 0.03365384615384615
0 0.31490384615384615 0.07692307692307693 0.052884615384615384 0.03125
0 0.39903846153846156 0.3713942307692308 0.04326923076923077 0.03125
0 0.5036057692307693 0.4338942307692308 0.038461538461538464 0.028846153846153848
0 0.47115384615384615 0.5949519230769231 0.04807692307692308 0.038461538461538464
0 0.2439903846153846 0.6322115384615384 0.057692307692307696 0.038461538461538464
0 0.5588942307692307 0.9326923076923077 0.04807692307692308 0.03125
0 0.5096153846153846 0.7379807692307693 0.03365384615384615 0.028846153846153848
0 0.6346153846153846 0.7271634615384616 0.03365384615384615 0.038461538461538464
0 0.15384615384615385 0.23677884615384615 0.06490384615384616 0.038461538461538464
0 0.12259615384615384 0.10697115384615384 0.057692307692307696 0.03125
0 0.28365384615384615 0.36658653846153844 0.04567307692307692 0.03365384615384615
0 0.039663461538461536 0.5372596153846154 0.04807692307692308 0.03125
0 0.07572115384615384 0.8293269230769231 0.052884615384615384 0.040865384615384616
0 0.055288461538461536 0.6430288461538461 0.057692307692307696 0.038461538461538464
0 0.2800480769230769 0.7992788461538461 0.038461538461538464 0.038461538461538464
0 0.5432692307692307 0.8100961538461539 0.026442307692307692 0.02403846153846154
0 0.546875 0.7572115384615384 0.026442307692307692 0.02403846153846154
0 0.5132211538461539 0.7019230769230769 0.026442307692307692 0.019230769230769232
0 0.48677884615384615 0.9230769230769231 0.03365384615384615 0.02403846153846154
0 0.6478365384615384 0.9314903846153846 0.028846153846153848 0.014423076923076924
0 0.25 0.7439903846153846 0.038461538461538464 0.028846153846153848
0 0.15745192307692307 0.47115384615384615 0.026442307692307692 0.028846153846153848
0 0.2860576923076923 0.46033653846153844 0.026442307692307692 0.02403846153846154