0 0.12620192307692307 0.3449519230769231 0.04326923076923077 0.052884615384615384
0 0.39903846153846156 0.2668269230769231 0.04807692307692308 0.06490384615384616
0 0.6550480769230769 0.13581730769230768 0.057692307692307696 0.052884615384615384
0 0.7980769230769231 0.13221153846153846 0.04807692307692308 0.0673076923076923
0 0.921875 0.15144230769230768 0.04567307692307692 0.07692307692307693
0 0.6682692307692307 0.2860576923076923 0.03125 0.04807692307692308
0 0.7956730769230769 0.2704326923076923 0.03365384615384615 0.04807692307692308
0 0.4795673076923077 0.36538461538461536 0.052884615384615384 0.07211538461538461
0 0.25721153846153844 0.45072115384615385 0.038461538461538464 0.06009615384615385
0 0.018028846153846152 0.5697115384615384 0.02403846153846154 0.04807692307692308
0 0.18269230769230768 0.6454326923076923 0.03365384615384615 0.057692307692307696
0 0.07692307692307693 0.6850961538461539 0.03125 0.052884615384615384
0 0.3713942307692308 0.6009615384615384 0.03125 0.04326923076923077
0 0.4338942307692308 0.4963942307692308 0.028846153846153848 0.038461538461538464
0 0.5949519230769231 0.5288461538461539 0.038461538461538464 0.04807692307692308
0 0.6322115384615384 0.7560096153846154 0.038461538461538464 0.057692307692307696
0 0.9326923076923077 0.4411057692307692 0.03125 0.04807692307692308
0 0.7379807692307693 0.49038461538461536 0.028846153846153848 0.03365384615384615
0 0.7271634615384616 0.36538461538461536 0.038461538461538464 0.03365384615384615
0 0.23677884615384615 0.8461538461538461 0.038461538461538464 0.06490384615384616
0 0.10697115384615384 0.8774038461538461 0.03125 0.057692307692307696
0 0.36658653846153844 0.7163461538461539 0.03365384615384615 0.04567307692307692
0 0.5372596153846154 0.9603365384615384 0.03125 0.04807692307692308
0 0.8293269230769231 0.9242788461538461 0.038461538461538464 0.052884615384615384
0 0.6430288461538461 0.9447115384615384 0.038461538461538464 0.057692307692307696
0 0.7992788461538461 0.7199519230769231 0.038461538461538464 0.038461538461538464
0 0.8100961538461539 0.4567307692307692 0.02403846153846154 0.026442307692307692
0 0.7572115384615384 0.453125 0.02403846153846154 0.026442307692307692
0 0.7019230769230769 0.48677884615384615 0.019230769230769232 0.026442307692307692
0 0.9230769230769231 0.5132211538461539 0.02403846153846154 0.03365384615384615
0 0.9314903846153846 0.35216346153846156 0.014423076923076924 0.028846153846153848
0 0.7439903846153846 0.75 0.028846153846153848 0.038461538461538464
0 0.47115384615384615 0.8425480769230769 0.028846153846153848 0.026442307692307692
0 0.46033653846153844 0.7139423076923077 0.02403846153846154 0.026442307692307692