0 0.8737980769230769 0.6550480769230769 0.04326923076923077 0.052884615384615384
0 0.6009615384615384 0.7331730769230769 0.04807692307692308 0.06490384615384616
0 0.3449519230769231 0.8641826923076923 0.057692307692307696 0.052884615384615384
0 0.20192307692307693 0.8677884615384616 0.04807692307692308 0.0673076923076923
0 0.078125 0.8485576923076923 0.04567307692307692 0.07692307692307693
0 0.3317307692307692 0.7139423076923077 0.03125 0.04807692307692308
0 0.20432692307692307 0.7295673076923077 0.03365384615384615 0.04807692307692308
0 0.5204326923076923 0.6346153846153846 0.052884615384615384 0.07211538461538461
0 0.7427884615384616 0.5492788461538461 0.038461538461538464 0.06009615384615385
0 0.9819711538461539 0.43028846153846156 0.02403846153846154 0.04807692307692308
0 0.8173076923076923 0.3545673076923077 0.03365384615384615 0.057692307692307696
0 0.9230769230769231 0.31490384615384615 0.03125 0.052884615384615384
0 0.6286057692307693 0.39903846153846156 0.03125 0.04326923076923077
0 0.5661057692307693 0.5036057692307693 0.028846153846153848 0.038461538461538464
0 0.4050480769230769 0.47115384615384615 0.038461538461538464 0.04807692307692308
0 0.36778846153846156 0.2439903846153846 0.038461538461538464 0.057692307692307696
0 0.0673076923076923 0.5588942307692307 0.03125 0.04807692307692308
0 0.2620192307692308 0.5096153846153846 0.028846153846153848 0.03365384615384615
0 0.27283653846153844 0.6346153846153846 0.038461538461538464 0.03365384615384615
0 0.7632211538461539 0.15384615384615385 0.038461538461538464 0.06490384615384616
0 0.8930288461538461 0.12259615384615384 0.03125 0.057692307692307696
0 0.6334134615384616 0.28365384615384615 0.03365384615384615 0.04567307692307692
0 0.46274038461538464 0.039663461538461536 0.03125 0.04807692307692308
0 0.17067307692307693 0.07572115384615384 0.040865384615384616 0.052884615384615384
0 0.35697115384615385 0.055288461538461536 0.038461538461538464 0.057692307692307696
0 0.20072115384615385 0.2800480769230769 0.038461538461538464 0.038461538461538464
0 0.18990384615384615 0.5432692307692307 0.02403846153846154 0.026442307692307692
0 0.24278846153846154 0.546875 0.02403846153846154 0.026442307692307692
0 0.2980769230769231 0.5132211538461539 0.019230769230769232 0.026442307692307692
0 0.07692307692307693 0.48677884615384615 0.02403846153846154 0.03365384615384615
0 0.06850961538461539 0.6478365384615384 0.014423076923076924 0.028846153846153848
0 0.25600961538461536 0.25 0.028846153846153848 0.038461538461538464
0 0.5288461538461539 0.15745192307692307 0.028846153846153848 0.026442307692307692
0 0.5396634615384616 0.2860576923076923 0.02403846153846154 0.026442307692307692