0 0.3557692307692308 0.6862980769230769 0.02403846153846154 0.03125
0 0.5012019230769231 0.59375 0.02403846153846154 0.02403846153846154
0 0.13942307692307693 0.3088942307692308 0.028846153846153848 0.028846153846153848
0 0.14423076923076922 0.7596153846153846 0.02403846153846154 0.014423076923076924
0 0.5036057692307693 0.6574519230769231 0.02403846153846154 0.02403846153846154
0 0.4110576923076923 0.5096153846153846 0.02403846153846154 0.021634615384615384
0 0.4651442307692308 0.5072115384615384 0.036057692307692304 0.026442307692307692
0 0.1778846153846154 0.11899038461538461 0.019230769230769232 0.019230769230769232
0 0.5661057692307693 0.35096153846153844 0.02403846153846154 0.021634615384615384
0 0.5877403846153846 0.43028846153846156 0.028846153846153848 0.026442307692307692
0 0.49038461538461536 0.4014423076923077 0.019230769230769232 0.019230769230769232
0 0.6838942307692307 0.4639423076923077 0.02403846153846154 0.019230769230769232
0 0.020432692307692308 0.8329326923076923 0.02403846153846154 0.02403846153846154
0 0.09134615384615384 0.7944711538461539 0.03365384615384615 0.016826923076923076
0 0.28125 0.39663461538461536 0.02403846153846154 0.02403846153846154
0 0.35336538461538464 0.19230769230769232 0.02403846153846154 0.016826923076923076
0 0.27524038461538464 0.13701923076923078 0.019230769230769232 0.014423076923076924
0 0.07572115384615384 0.13942307692307693 0.028846153846153848 0.021634615384615384
0 0.1778846153846154 0.34375 0.028846153846153848 0.019230769230769232
0 0.6658653846153846 0.5997596153846154 0.02403846153846154 0.02403846153846154
0 0.7079326923076923 0.5264423076923077 0.02403846153846154 0.014423076923076924
0 0.47716346153846156 0.4326923076923077 0.016826923076923076 0.014423076923076924
0 0.6610576923076923 0.4182692307692308 0.019230769230769232 0.02403846153846154
0 0.6742788461538461 0.390625 0.03365384615384615 0.021634615384615384
0 0.7007211538461539 0.6225961538461539 0.02403846153846154 0.02403846153846154
0 0.5612980769230769 0.5432692307692307 0.02403846153846154 0.021634615384615384
0 0.5516826923076923 0.6730769230769231 0.02403846153846154 0.014423076923076924
0 0.36778846153846156 0.5348557692307693 0.019230769230769232 0.02403846153846154
0 0.2920673076923077 0.46153846153846156 0.03365384615384615 0.021634615384615384
0 0.35216346153846156 0.4519230769230769 0.028846153846153848 0.02403846153846154
0 0.6346153846153846 0.5012019230769231 0.019230769230769232 0.021634615384615384
0 0.6995192307692307 0.6646634615384616 0.019230769230769232 0.014423076923076924
0 0.2608173076923077 0.3485576923076923 0.028846153846153848 0.02403846153846154
0 0.4567307692307692 0.359375 0.028846153846153848 0.019230769230769232
0 0.5673076923076923 0.24639423076923078 0.038461538461538464 0.028846153846153848