0 0.6442307692307693 0.3137019230769231 0.02403846153846154 0.03125
0 0.4987980769230769 0.40625 0.02403846153846154 0.02403846153846154
0 0.8605769230769231 0.6911057692307693 0.028846153846153848 0.028846153846153848
0 0.8557692307692307 0.2403846153846154 0.02403846153846154 0.014423076923076924
0 0.4963942307692308 0.3425480769230769 0.02403846153846154 0.02403846153846154
0 0.5889423076923077 0.49038461538461536 0.02403846153846154 0.021634615384615384
0 0.5348557692307693 0.49278846153846156 0.036057692307692304 0.026442307692307692
0 0.8221153846153846 0.8810096153846154 0.019230769230769232 0.019230769230769232
0 0.4338942307692308 0.6490384615384616 0.02403846153846154 0.021634615384615384
0 0.41225961538461536 0.5697115384615384 0.028846153846153848 0.026442307692307692
0 0.5096153846153846 0.5985576923076923 0.019230769230769232 0.019230769230769232
0 0.3161057692307692 0.5360576923076923 0.02403846153846154 0.019230769230769232
0 0.9795673076923077 0.16706730769230768 0.02403846153846154 0.02403846153846154
0 0.9086538461538461 0.20552884615384615 0.03365384615384615 0.016826923076923076
0 0.71875 0.6033653846153846 0.02403846153846154 0.02403846153846154
0 0.6466346153846154 0.8076923076923077 0.02403846153846154 0.016826923076923076
0 0.7247596153846154 0.8629807692307693 0.019230769230769232 0.014423076923076924
0 0.9242788461538461 0.8605769230769231 0.028846153846153848 0.021634615384615384
0 0.8221153846153846 0.65625 0.028846153846153848 0.019230769230769232
0 0.33413461538461536 0.40024038461538464 0.02403846153846154 0.02403846153846154
0 0.2920673076923077 0.4735576923076923 0.02403846153846154 0.014423076923076924
0 0.5228365384615384 0.5673076923076923 0.016826923076923076 0.014423076923076924
0 0.3389423076923077 0.5817307692307693 0.019230769230769232 0.02403846153846154
0 0.32572115384615385 0.609375 0.03365384615384615 0.021634615384615384
0 0.29927884615384615 0.37740384615384615 0.02403846153846154 0.02403846153846154
0 0.4387019230769231 0.4567307692307692 0.02403846153846154 0.021634615384615384
0 0.4483173076923077 0.3269230769230769 0.02403846153846154 0.014423076923076924
0 0.6322115384615384 0.4651442307692308 0.019230769230769232 0.02403846153846154
0 0.7079326923076923 0.5384615384615384 0.03365384615384615 0.021634615384615384
0 0.6478365384615384 0.5480769230769231 0.028846153846153848 0.02403846153846154
0 0.36538461538461536 0.4987980769230769 0.019230769230769232 0.021634615384615384
0 0.3004807692307692 0.33533653846153844 0.019230769230769232 0.014423076923076924
0 0.7391826923076923 0.6514423076923077 0.028846153846153848 0.02403846153846154
0 0.5432692307692307 0.640625 0.028846153846153848 0.019230769230769232
0 0.4326923076923077 0.7536057692307693 0.038461538461538464 0.028846153846153848