0 0.4026442307692308 0.23197115384615385 0.026442307692307692 0.04807692307692308
0 0.2980769230769231 0.5192307692307693 0.021634615384615384 0.04567307692307692
0 0.4387019230769231 0.7572115384615384 0.019230769230769232 0.028846153846153848
0 0.4519230769230769 0.796875 0.021634615384615384 0.02403846153846154
0 0.5504807692307693 0.3581730769230769 0.026442307692307692 0.04807692307692308
0 0.6045673076923077 0.20432692307692307 0.016826923076923076 0.038461538461538464
0 0.703125 0.23798076923076922 0.019230769230769232 0.038461538461538464
0 0.6802884615384616 0.24519230769230768 0.01201923076923077 0.038461538461538464
0 0.33653846153846156 0.4266826923076923 0.019230769230769232 0.03365384615384615
0 0.265625 0.3245192307692308 0.016826923076923076 0.04807692307692308
0 0.18028846153846154 0.2920673076923077 0.028846153846153848 0.040865384615384616
0 0.10576923076923077 0.3870192307692308 0.016826923076923076 0.028846153846153848
0 0.10697115384615384 0.47836538461538464 0.028846153846153848 0.038461538461538464
0 0.5024038461538461 0.44350961538461536 0.021634615384615384 0.03365384615384615
0 0.578125 0.23677884615384615 0.01201923076923077 0.026442307692307692
0 0.5564903846153846 0.2127403846153846 0.014423076923076924 0.019230769230769232
0 0.07451923076923077 0.18629807692307693 0.01201923076923077 0.038461538461538464
0 0.21995192307692307 0.02283653846153846 0.019230769230769232 0.036057692307692304