0 0.23197115384615385 0.5973557692307693 0.04807692307692308 0.02403846153846154
0 0.5192307692307693 0.7019230769230769 0.04567307692307692 0.021634615384615384
0 0.7572115384615384 0.5612980769230769 0.028846153846153848 0.019230769230769232
0 0.796875 0.5480769230769231 0.02403846153846154 0.021634615384615384
0 0.3581730769230769 0.4495192307692308 0.04807692307692308 0.026442307692307692
0 0.20432692307692307 0.3954326923076923 0.038461538461538464 0.016826923076923076
0 0.23798076923076922 0.296875 0.038461538461538464 0.019230769230769232
0 0.24519230769230768 0.31971153846153844 0.038461538461538464 0.01201923076923077
0 0.4266826923076923 0.6634615384615384 0.03365384615384615 0.019230769230769232
0 0.3245192307692308 0.734375 0.04807692307692308 0.016826923076923076
0 0.2920673076923077 0.8197115384615384 0.040865384615384616 0.028846153846153848
0 0.3870192307692308 0.8942307692307693 0.028846153846153848 0.016826923076923076
0 0.47836538461538464 0.8930288461538461 0.038461538461538464 0.028846153846153848
0 0.44350961538461536 0.49759615384615385 0.03365384615384615 0.021634615384615384
0 0.23677884615384615 0.421875 0.026442307692307692 0.01201923076923077
0 0.2127403846153846 0.44350961538461536 0.019230769230769232 0.014423076923076924
0 0.18629807692307693 0.9254807692307693 0.038461538461538464 0.01201923076923077
0 0.02283653846153846 0.7800480769230769 0.03365384615384615 0.019230769230769232