0 0.6995192307692307 0.4050480769230769 0.019230769230769232 0.038461538461538464
0 0.5853365384615384 0.27163461538461536 0.014423076923076924 0.02403846153846154
0 0.6225961538461539 0.25 0.014423076923076924 0.019230769230769232
0 0.6730769230769231 0.25 0.007211538461538462 0.019230769230769232
0 0.7572115384615384 0.4567307692307692 0.014423076923076924 0.02403846153846154
0 0.4411057692307692 0.31850961538461536 0.019230769230769232 0.02403846153846154
0 0.484375 0.6009615384615384 0.02403846153846154 0.019230769230769232
0 0.7067307692307693 0.47596153846153844 0.007211538461538462 0.014423076923076924
0 0.8737980769230769 0.4050480769230769 0.009615384615384616 0.014423076923076924
0 0.7199519230769231 0.3233173076923077 0.014423076923076924 0.02403846153846154
0 0.5817307692307693 0.1935096153846154 0.014423076923076924 0.02403846153846154
0 0.5444711538461539 0.2536057692307692 0.014423076923076924 0.01201923076923077
0 0.5384615384615384 0.3088942307692308 0.014423076923076924 0.019230769230769232
0 0.5060096153846154 0.21033653846153846 0.009615384615384616 0.019230769230769232
0 0.4675480769230769 0.2283653846153846 0.014423076923076924 0.014423076923076924
0 0.4170673076923077 0.2776442307692308 0.014423076923076924 0.019230769230769232
0 0.6935096153846154 0.21514423076923078 0.014423076923076924 0.019230769230769232
0 0.6670673076923077 0.1875 0.009615384615384616 0.019230769230769232
0 0.6442307692307693 0.21875 0.014423076923076924 0.019230769230769232
0 0.6382211538461539 0.14903846153846154 0.014423076923076924 0.014423076923076924
0 0.6141826923076923 0.1045673076923077 0.019230769230769232 0.019230769230769232
0 0.5793269230769231 0.45072115384615385 0.009615384615384616 0.019230769230769232
0 0.5576923076923077 0.6754807692307693 0.009615384615384616 0.019230769230769232
0 0.7560096153846154 0.38341346153846156 0.014423076923076924 0.019230769230769232
0 0.6322115384615384 0.47596153846153844 0.019230769230769232 0.02403846153846154
0 0.41466346153846156 0.1935096153846154 0.014423076923076924 0.014423076923076924
0 0.28846153846153844 0.47836538461538464 0.019230769230769232 0.019230769230769232
0 0.796875 0.3605769230769231 0.02403846153846154 0.028846153846153848
0 0.7560096153846154 0.5348557692307693 0.019230769230769232 0.03125
0 0.47115384615384615 0.27163461538461536 0.014423076923076924 0.014423076923076924