1 0.3737980769230769 0.6850961538461539 0.038461538461538464 0.036057692307692304
1 0.40384615384615385 0.6454326923076923 0.028846153846153848 0.019230769230769232
1 0.38100961538461536 0.6213942307692307 0.026442307692307692 0.019230769230769232
1 0.4495192307692308 0.5504807692307693 0.021634615384615384 0.014423076923076924
1 0.39903846153846156 0.53125 0.03365384615384615 0.019230769230769232
1 0.5961538461538461 0.3918269230769231 0.019230769230769232 0.014423076923076924
1 0.6358173076923077 0.33052884615384615 0.03365384615384615 0.019230769230769232
1 0.7151442307692307 0.453125 0.02403846153846154 0.016826923076923076
1 0.5997596153846154 0.6778846153846154 0.03365384615384615 0.019230769230769232
1 0.8028846153846154 0.6153846153846154 0.03365384615384615 0.019230769230769232
1 0.6442307692307693 0.6274038461538461 0.028846153846153848 0.016826923076923076
1 0.45913461538461536 0.48677884615384615 0.026442307692307692 0.016826923076923076
1 0.47836538461538464 0.5324519230769231 0.02403846153846154 0.014423076923076924
1 0.49399038461538464 0.4495192307692308 0.021634615384615384 0.016826923076923076
1 0.6887019230769231 0.5264423076923077 0.02403846153846154 0.019230769230769232
1 0.6153846153846154 0.5925480769230769 0.02403846153846154 0.016826923076923076
1 0.5192307692307693 0.28725961538461536 0.028846153846153848 0.014423076923076924
1 0.7716346153846154 0.35096153846153844 0.028846153846153848 0.028846153846153848
1 0.5348557692307693 0.46875 0.019230769230769232 0.014423076923076924
1 0.5444711538461539 0.19110576923076922 0.02403846153846154 0.02403846153846154
1 0.6802884615384616 0.5865384615384616 0.016826923076923076 0.014423076923076924
1 0.6658653846153846 0.4963942307692308 0.016826923076923076 0.009615384615384616
1 0.8389423076923077 0.41346153846153844 0.016826923076923076 0.016826923076923076
1 0.6189903846153846 0.2932692307692308 0.021634615384615384 0.01201923076923077