1 0.6850961538461539 0.6262019230769231 0.036057692307692304 0.038461538461538464
1 0.6454326923076923 0.5961538461538461 0.019230769230769232 0.028846153846153848
1 0.6213942307692307 0.6189903846153846 0.019230769230769232 0.026442307692307692
1 0.5504807692307693 0.5504807692307693 0.014423076923076924 0.021634615384615384
1 0.53125 0.6009615384615384 0.019230769230769232 0.03365384615384615
1 0.3918269230769231 0.40384615384615385 0.014423076923076924 0.019230769230769232
1 0.33052884615384615 0.3641826923076923 0.019230769230769232 0.03365384615384615
1 0.453125 0.2848557692307692 0.016826923076923076 0.02403846153846154
1 0.6778846153846154 0.40024038461538464 0.019230769230769232 0.03365384615384615
1 0.6153846153846154 0.1971153846153846 0.019230769230769232 0.03365384615384615
1 0.6274038461538461 0.3557692307692308 0.016826923076923076 0.028846153846153848
1 0.48677884615384615 0.5408653846153846 0.016826923076923076 0.026442307692307692
1 0.5324519230769231 0.5216346153846154 0.014423076923076924 0.02403846153846154
1 0.4495192307692308 0.5060096153846154 0.016826923076923076 0.021634615384615384
1 0.5264423076923077 0.3112980769230769 0.019230769230769232 0.02403846153846154
1 0.5925480769230769 0.38461538461538464 0.016826923076923076 0.02403846153846154
1 0.28725961538461536 0.4807692307692308 0.014423076923076924 0.028846153846153848
1 0.35096153846153844 0.2283653846153846 0.028846153846153848 0.028846153846153848
1 0.46875 0.4651442307692308 0.014423076923076924 0.019230769230769232
1 0.19110576923076922 0.45552884615384615 0.02403846153846154 0.02403846153846154
1 0.5865384615384616 0.31971153846153844 0.014423076923076924 0.016826923076923076
1 0.4963942307692308 0.33413461538461536 0.009615384615384616 0.016826923076923076
1 0.41346153846153844 0.16105769230769232 0.016826923076923076 0.016826923076923076
1 0.2932692307692308 0.38100961538461536 0.01201923076923077 0.021634615384615384