1 0.31490384615384615 0.3737980769230769 0.036057692307692304 0.038461538461538464
1 0.3545673076923077 0.40384615384615385 0.019230769230769232 0.028846153846153848
1 0.3786057692307692 0.38100961538461536 0.019230769230769232 0.026442307692307692
1 0.4495192307692308 0.4495192307692308 0.014423076923076924 0.021634615384615384
1 0.46875 0.39903846153846156 0.019230769230769232 0.03365384615384615
1 0.6081730769230769 0.5961538461538461 0.014423076923076924 0.019230769230769232
1 0.6694711538461539 0.6358173076923077 0.019230769230769232 0.03365384615384615
1 0.546875 0.7151442307692307 0.016826923076923076 0.02403846153846154
1 0.32211538461538464 0.5997596153846154 0.019230769230769232 0.03365384615384615
1 0.38461538461538464 0.8028846153846154 0.019230769230769232 0.03365384615384615
1 0.37259615384615385 0.6442307692307693 0.016826923076923076 0.028846153846153848
1 0.5132211538461539 0.45913461538461536 0.016826923076923076 0.026442307692307692
1 0.4675480769230769 0.47836538461538464 0.014423076923076924 0.02403846153846154
1 0.5504807692307693 0.49399038461538464 0.016826923076923076 0.021634615384615384
1 0.4735576923076923 0.6887019230769231 0.019230769230769232 0.02403846153846154
1 0.4074519230769231 0.6153846153846154 0.016826923076923076 0.02403846153846154
1 0.7127403846153846 0.5192307692307693 0.014423076923076924 0.028846153846153848
1 0.6490384615384616 0.7716346153846154 0.028846153846153848 0.028846153846153848
1 0.53125 0.5348557692307693 0.014423076923076924 0.019230769230769232
1 0.8088942307692307 0.5444711538461539 0.02403846153846154 0.02403846153846154
1 0.41346153846153844 0.6802884615384616 0.014423076923076924 0.016826923076923076
1 0.5036057692307693 0.6658653846153846 0.009615384615384616 0.016826923076923076
1 0.5865384615384616 0.8389423076923077 0.016826923076923076 0.016826923076923076
1 0.7067307692307693 0.6189903846153846 0.01201923076923077 0.021634615384615384