0 0.3293269230769231 0.26322115384615385 0.014423076923076924 0.02403846153846154
0 0.27283653846153844 0.3605769230769231 0.019230769230769232 0.02403846153846154
0 0.27283653846153844 0.453125 0.019230769230769232 0.02403846153846154
0 0.3137019230769231 0.46274038461538464 0.014423076923076924 0.019230769230769232
0 0.3076923076923077 0.5096153846153846 0.014423076923076924 0.028846153846153848
0 0.38341346153846156 0.49038461538461536 0.007211538461538462 0.028846153846153848
0 0.3389423076923077 0.4579326923076923 0.009615384615384616 0.02403846153846154
0 0.3786057692307692 0.4014423076923077 0.019230769230769232 0.019230769230769232
0 0.3485576923076923 0.36778846153846156 0.014423076923076924 0.014423076923076924
0 0.3786057692307692 0.3173076923076923 0.014423076923076924 0.014423076923076924
0 0.3894230769230769 0.265625 0.009615384615384616 0.019230769230769232
0 0.44471153846153844 0.2980769230769231 0.014423076923076924 0.014423076923076924
0 0.4951923076923077 0.45552884615384615 0.009615384615384616 0.019230769230769232
0 0.5228365384615384 0.49759615384615385 0.009615384615384616 0.019230769230769232
0 0.5528846153846154 0.42427884615384615 0.014423076923076924 0.019230769230769232
0 0.44350961538461536 0.6262019230769231 0.009615384615384616 0.01201923076923077
0 0.47716346153846156 0.6045673076923077 0.009615384615384616 0.014423076923076924
0 0.515625 0.5348557692307693 0.009615384615384616 0.02403846153846154
0 0.5384615384615384 0.5288461538461539 0.009615384615384616 0.01201923076923077
0 0.5300480769230769 0.4170673076923077 0.014423076923076924 0.01201923076923077
0 0.47836538461538464 0.4050480769230769 0.014423076923076924 0.019230769230769232
0 0.39903846153846156 0.44591346153846156 0.014423076923076924 0.02403846153846154
0 0.4651442307692308 0.47836538461538464 0.014423076923076924 0.019230769230769232
0 0.4795673076923077 0.46153846153846156 0.009615384615384616 0.014423076923076924
0 0.49278846153846156 0.49399038461538464 0.014423076923076924 0.019230769230769232
0 0.45913461538461536 0.43990384615384615 0.009615384615384616 0.01201923076923077
0 0.4855769230769231 0.3581730769230769 0.007211538461538462 0.019230769230769232
0 0.4206730769230769 0.4362980769230769 0.009615384615384616 0.019230769230769232
0 0.43149038461538464 0.5180288461538461 0.014423076923076924 0.019230769230769232
0 0.5432692307692307 0.3641826923076923 0.009615384615384616 0.014423076923076924
0 0.46634615384615385 0.3485576923076923 0.009615384615384616 0.014423076923076924
0 0.44711538461538464 0.3389423076923077 0.014423076923076924 0.019230769230769232
0 0.4026442307692308 0.3581730769230769 0.009615384615384616 0.019230769230769232
0 0.4050480769230769 0.31971153846153844 0.014423076923076924 0.01201923076923077
0 0.35096153846153844 0.27884615384615385 0.009615384615384616 0.014423076923076924
0 0.515625 0.3233173076923077 0.009615384615384616 0.019230769230769232
0 0.4639423076923077 0.2439903846153846 0.014423076923076924 0.02403846153846154
0 0.4362980769230769 0.3894230769230769 0.014423076923076924 0.019230769230769232
0 0.3317307692307692 0.5480769230769231 0.014423076923076924 0.019230769230769232
0 0.35697115384615385 0.30649038461538464 0.009615384615384616 0.02403846153846154
0 0.4963942307692308 0.5949519230769231 0.014423076923076924 0.019230769230769232
0 0.515625 0.5600961538461539 0.014423076923076924 0.019230769230769232