0 0.6706730769230769 0.7367788461538461 0.014423076923076924 0.02403846153846154
0 0.7271634615384616 0.6394230769230769 0.019230769230769232 0.02403846153846154
0 0.7271634615384616 0.546875 0.019230769230769232 0.02403846153846154
0 0.6862980769230769 0.5372596153846154 0.014423076923076924 0.019230769230769232
0 0.6923076923076923 0.49038461538461536 0.014423076923076924 0.028846153846153848
0 0.6165865384615384 0.5096153846153846 0.007211538461538462 0.028846153846153848
0 0.6610576923076923 0.5420673076923077 0.009615384615384616 0.02403846153846154
0 0.6213942307692307 0.5985576923076923 0.019230769230769232 0.019230769230769232
0 0.6514423076923077 0.6322115384615384 0.014423076923076924 0.014423076923076924
0 0.6213942307692307 0.6826923076923077 0.014423076923076924 0.014423076923076924
0 0.6105769230769231 0.734375 0.009615384615384616 0.019230769230769232
0 0.5552884615384616 0.7019230769230769 0.014423076923076924 0.014423076923076924
0 0.5048076923076923 0.5444711538461539 0.009615384615384616 0.019230769230769232
0 0.47716346153846156 0.5024038461538461 0.009615384615384616 0.019230769230769232
0 0.44711538461538464 0.5757211538461539 0.014423076923076924 0.019230769230769232
0 0.5564903846153846 0.3737980769230769 0.009615384615384616 0.01201923076923077
0 0.5228365384615384 0.3954326923076923 0.009615384615384616 0.014423076923076924
0 0.484375 0.4651442307692308 0.009615384615384616 0.02403846153846154
0 0.46153846153846156 0.47115384615384615 0.009615384615384616 0.01201923076923077
0 0.4699519230769231 0.5829326923076923 0.014423076923076924 0.01201923076923077
0 0.5216346153846154 0.5949519230769231 0.014423076923076924 0.019230769230769232
0 0.6009615384615384 0.5540865384615384 0.014423076923076924 0.02403846153846154
0 0.5348557692307693 0.5216346153846154 0.014423076923076924 0.019230769230769232
0 0.5204326923076923 0.5384615384615384 0.009615384615384616 0.014423076923076924
0 0.5072115384615384 0.5060096153846154 0.014423076923076924 0.019230769230769232
0 0.5408653846153846 0.5600961538461539 0.009615384615384616 0.01201923076923077
0 0.5144230769230769 0.6418269230769231 0.007211538461538462 0.019230769230769232
0 0.5793269230769231 0.5637019230769231 0.009615384615384616 0.019230769230769232
0 0.5685096153846154 0.48197115384615385 0.014423076923076924 0.019230769230769232
0 0.4567307692307692 0.6358173076923077 0.009615384615384616 0.014423076923076924
0 0.5336538461538461 0.6514423076923077 0.009615384615384616 0.014423076923076924
0 0.5528846153846154 0.6610576923076923 0.014423076923076924 0.019230769230769232
0 0.5973557692307693 0.6418269230769231 0.009615384615384616 0.019230769230769232
0 0.5949519230769231 0.6802884615384616 0.014423076923076924 0.01201923076923077
0 0.6490384615384616 0.7211538461538461 0.009615384615384616 0.014423076923076924
0 0.484375 0.6766826923076923 0.009615384615384616 0.019230769230769232
0 0.5360576923076923 0.7560096153846154 0.014423076923076924 0.02403846153846154
0 0.5637019230769231 0.6105769230769231 0.014423076923076924 0.019230769230769232
0 0.6682692307692307 0.4519230769230769 0.014423076923076924 0.019230769230769232
0 0.6430288461538461 0.6935096153846154 0.009615384615384616 0.02403846153846154
0 0.5036057692307693 0.4050480769230769 0.014423076923076924 0.019230769230769232
0 0.484375 0.43990384615384615 0.014423076923076924 0.019230769230769232