0 0.6394230769230769 0.5576923076923077 0.019230769230769232 0.04326923076923077
0 0.546875 0.6189903846153846 0.014423076923076924 0.026442307692307692
0 0.28725961538461536 0.49038461538461536 0.019230769230769232 0.028846153846153848
0 0.30288461538461536 0.4338942307692308 0.016826923076923076 0.03125
0 0.16466346153846154 0.2692307692307692 0.016826923076923076 0.02403846153846154
0 0.27884615384615385 0.7127403846153846 0.016826923076923076 0.04326923076923077
0 0.35697115384615385 0.7283653846153846 0.014423076923076924 0.03125
0 0.5637019230769231 0.7692307692307693 0.016826923076923076 0.019230769230769232
0 0.6274038461538461 0.6814903846153846 0.016826923076923076 0.026442307692307692
0 0.765625 0.5673076923076923 0.019230769230769232 0.028846153846153848
0 0.7716346153846154 0.484375 0.009615384615384616 0.021634615384615384
0 0.8557692307692307 0.5985576923076923 0.019230769230769232 0.019230769230769232
0 0.671875 0.6105769230769231 0.014423076923076924 0.021634615384615384
0 0.6766826923076923 0.6622596153846154 0.014423076923076924 0.02403846153846154
0 0.6742788461538461 0.7451923076923077 0.01201923076923077 0.026442307692307692
0 0.35336538461538464 0.7860576923076923 0.014423076923076924 0.014423076923076924
0 0.4014423076923077 0.6790865384615384 0.016826923076923076 0.03125
0 0.41225961538461536 0.6153846153846154 0.016826923076923076 0.026442307692307692
0 0.5432692307692307 0.33052884615384615 0.01201923076923077 0.019230769230769232
0 0.4735576923076923 0.35216346153846156 0.014423076923076924 0.014423076923076924
0 0.29927884615384615 0.35216346153846156 0.014423076923076924 0.026442307692307692
0 0.3233173076923077 0.6310096153846154 0.009615384615384616 0.026442307692307692
0 0.3317307692307692 0.6947115384615384 0.014423076923076924 0.021634615384615384
0 0.6225961538461539 0.7403846153846154 0.014423076923076924 0.02403846153846154
0 0.6430288461538461 0.8076923076923077 0.01201923076923077 0.014423076923076924
0 0.9170673076923077 0.6959134615384616 0.014423076923076924 0.03365384615384615
0 0.8317307692307693 0.5408653846153846 0.016826923076923076 0.02403846153846154
0 0.8629807692307693 0.07091346153846154 0.014423076923076924 0.04326923076923077
0 0.35697115384615385 0.3858173076923077 0.016826923076923076 0.028846153846153848
0 0.1935096153846154 0.5228365384615384 0.014423076923076924 0.02403846153846154
0 0.45913461538461536 0.49038461538461536 0.014423076923076924 0.019230769230769232
0 0.34975961538461536 0.8918269230769231 0.009615384615384616 0.021634615384615384
0 0.28966346153846156 0.8293269230769231 0.009615384615384616 0.014423076923076924
0 0.27884615384615385 0.7668269230769231 0.009615384615384616 0.02403846153846154
0 0.23076923076923078 0.9194711538461539 0.014423076923076924 0.019230769230769232
0 0.04567307692307692 0.5564903846153846 0.03365384615384615 0.0673076923076923
0 0.18870192307692307 0.7331730769230769 0.01201923076923077 0.02403846153846154
0 0.18389423076923078 0.7956730769230769 0.014423076923076924 0.019230769230769232
0 0.20192307692307693 0.8569711538461539 0.014423076923076924 0.019230769230769232
0 0.2776442307692308 0.5877403846153846 0.02403846153846154 0.02403846153846154
0 0.39663461538461536 0.5516826923076923 0.016826923076923076 0.019230769230769232
0 0.3389423076923077 0.5396634615384616 0.014423076923076924 0.026442307692307692
0 0.6466346153846154 0.49399038461538464 0.01201923076923077 0.02403846153846154
0 0.5961538461538461 0.49158653846153844 0.014423076923076924 0.014423076923076924
0 0.5588942307692307 0.5048076923076923 0.009615384615384616 0.021634615384615384
0 0.5276442307692307 0.5 0.01201923076923077 0.014423076923076924
0 0.49038461538461536 0.45552884615384615 0.014423076923076924 0.014423076923076924
0 0.4855769230769231 0.609375 0.014423076923076924 0.019230769230769232
0 0.47716346153846156 0.5252403846153846 0.009615384615384616 0.019230769230769232
0 0.7379807692307693 0.6526442307692307 0.014423076923076924 0.021634615384615384
0 0.7283653846153846 0.7512019230769231 0.019230769230769232 0.02403846153846154
0 0.8774038461538461 0.5600961538461539 0.014423076923076924 0.021634615384615384
0 0.6983173076923077 0.7103365384615384 0.01201923076923077 0.021634615384615384
0 0.8221153846153846 0.6706730769230769 0.009615384615384616 0.014423076923076924
0 0.8677884615384616 0.6983173076923077 0.016826923076923076 0.02403846153846154
0 0.6262019230769231 0.6141826923076923 0.019230769230769232 0.02403846153846154
0 0.5829326923076923 0.6225961538461539 0.019230769230769232 0.02403846153846154
0 0.6802884615384616 0.484375 0.014423076923076924 0.026442307692307692
0 0.703125 0.5168269230769231 0.009615384615384616 0.019230769230769232
0 0.5733173076923077 0.45552884615384615 0.014423076923076924 0.026442307692307692
0 0.6237980769230769 0.41225961538461536 0.02403846153846154 0.028846153846153848
0 0.2247596153846154 0.6057692307692307 0.014423076923076924 0.021634615384615384
0 0.23317307692307693 0.5564903846153846 0.014423076923076924 0.019230769230769232
0 0.1622596153846154 0.39903846153846156 0.014423076923076924 0.02403846153846154
0 0.5 0.7211538461538461 0.01201923076923077 0.021634615384615384
0 0.5673076923076923 0.8569711538461539 0.01201923076923077 0.019230769230769232
0 0.5949519230769231 0.8581730769230769 0.014423076923076924 0.014423076923076924
0 0.5961538461538461 0.7752403846153846 0.01201923076923077 0.009615384615384616
0 0.6045673076923077 0.6995192307692307 0.014423076923076924 0.026442307692307692
0 0.5144230769230769 0.6622596153846154 0.02403846153846154 0.02403846153846154
0 0.4170673076923077 0.3786057692307692 0.009615384615384616 0.021634615384615384
0 0.328125 0.32572115384615385 0.016826923076923076 0.021634615384615384
0 0.7019230769230769 0.36658653846153844 0.028846153846153848 0.02403846153846154
0 0.703125 0.3088942307692308 0.028846153846153848 0.03365384615384615
0 0.21875 0.49759615384615385 0.014423076923076924 0.03125
0 0.8822115384615384 0.6466346153846154 0.019230769230769232 0.02403846153846154
0 0.8401442307692307 0.6382211538461539 0.014423076923076924 0.02403846153846154
0 0.8665865384615384 0.5168269230769231 0.014423076923076924 0.02403846153846154
0 0.7800480769230769 0.39302884615384615 0.02403846153846154 0.02403846153846154
0 0.5769230769230769 0.3858173076923077 0.019230769230769232 0.02403846153846154
0 0.3088942307692308 0.2920673076923077 0.014423076923076924 0.026442307692307692
0 0.23677884615384615 0.7680288461538461 0.014423076923076924 0.026442307692307692
0 0.2536057692307692 0.703125 0.009615384615384616 0.021634615384615384
0 0.46274038461538464 0.6466346153846154 0.02403846153846154 0.02403846153846154