0 0.5576923076923077 0.3605769230769231 0.04326923076923077 0.019230769230769232
0 0.6189903846153846 0.453125 0.026442307692307692 0.014423076923076924
0 0.49038461538461536 0.7127403846153846 0.028846153846153848 0.019230769230769232
0 0.4338942307692308 0.6971153846153846 0.03125 0.016826923076923076
0 0.2692307692307692 0.8353365384615384 0.02403846153846154 0.016826923076923076
0 0.7127403846153846 0.7211538461538461 0.04326923076923077 0.016826923076923076
0 0.7283653846153846 0.6430288461538461 0.03125 0.014423076923076924
0 0.7692307692307693 0.4362980769230769 0.019230769230769232 0.016826923076923076
0 0.6814903846153846 0.37259615384615385 0.026442307692307692 0.016826923076923076
0 0.5673076923076923 0.234375 0.028846153846153848 0.019230769230769232
0 0.484375 0.2283653846153846 0.021634615384615384 0.009615384615384616
0 0.5985576923076923 0.14423076923076922 0.019230769230769232 0.019230769230769232
0 0.6105769230769231 0.328125 0.021634615384615384 0.014423076923076924
0 0.6622596153846154 0.3233173076923077 0.02403846153846154 0.014423076923076924
0 0.7451923076923077 0.32572115384615385 0.026442307692307692 0.01201923076923077
0 0.7860576923076923 0.6466346153846154 0.014423076923076924 0.014423076923076924
0 0.6790865384615384 0.5985576923076923 0.03125 0.016826923076923076
0 0.6153846153846154 0.5877403846153846 0.026442307692307692 0.016826923076923076
0 0.33052884615384615 0.4567307692307692 0.019230769230769232 0.01201923076923077
0 0.35216346153846156 0.5264423076923077 0.014423076923076924 0.014423076923076924
0 0.35216346153846156 0.7007211538461539 0.026442307692307692 0.014423076923076924
0 0.6310096153846154 0.6766826923076923 0.026442307692307692 0.009615384615384616
0 0.6947115384615384 0.6682692307692307 0.021634615384615384 0.014423076923076924
0 0.7403846153846154 0.37740384615384615 0.02403846153846154 0.014423076923076924
0 0.8076923076923077 0.35697115384615385 0.014423076923076924 0.01201923076923077
0 0.6959134615384616 0.0829326923076923 0.03365384615384615 0.014423076923076924
0 0.5408653846153846 0.16826923076923078 0.02403846153846154 0.016826923076923076
0 0.07091346153846154 0.13701923076923078 0.04326923076923077 0.014423076923076924
0 0.3858173076923077 0.6430288461538461 0.028846153846153848 0.016826923076923076
0 0.5228365384615384 0.8064903846153846 0.02403846153846154 0.014423076923076924
0 0.49038461538461536 0.5408653846153846 0.019230769230769232 0.014423076923076924
0 0.8918269230769231 0.6502403846153846 0.021634615384615384 0.009615384615384616
0 0.8293269230769231 0.7103365384615384 0.014423076923076924 0.009615384615384616
0 0.7668269230769231 0.7211538461538461 0.02403846153846154 0.009615384615384616
0 0.9194711538461539 0.7692307692307693 0.019230769230769232 0.014423076923076924
0 0.5564903846153846 0.9543269230769231 0.0673076923076923 0.03365384615384615
0 0.7331730769230769 0.8112980769230769 0.02403846153846154 0.01201923076923077
0 0.7956730769230769 0.8161057692307693 0.019230769230769232 0.014423076923076924
0 0.8569711538461539 0.7980769230769231 0.019230769230769232 0.014423076923076924
0 0.5877403846153846 0.7223557692307693 0.02403846153846154 0.02403846153846154
0 0.5516826923076923 0.6033653846153846 0.019230769230769232 0.016826923076923076
0 0.5396634615384616 0.6610576923076923 0.026442307692307692 0.014423076923076924
0 0.49399038461538464 0.35336538461538464 0.02403846153846154 0.01201923076923077
0 0.49158653846153844 0.40384615384615385 0.014423076923076924 0.014423076923076924
0 0.5048076923076923 0.4411057692307692 0.021634615384615384 0.009615384615384616
0 0.5 0.4723557692307692 0.014423076923076924 0.01201923076923077
0 0.45552884615384615 0.5096153846153846 0.014423076923076924 0.014423076923076924
0 0.609375 0.5144230769230769 0.019230769230769232 0.014423076923076924
0 0.5252403846153846 0.5228365384615384 0.019230769230769232 0.009615384615384616
0 0.6526442307692307 0.2620192307692308 0.021634615384615384 0.014423076923076924
0 0.7512019230769231 0.27163461538461536 0.02403846153846154 0.019230769230769232
0 0.5600961538461539 0.12259615384615384 0.021634615384615384 0.014423076923076924
0 0.7103365384615384 0.3016826923076923 0.021634615384615384 0.01201923076923077
0 0.6706730769230769 0.1778846153846154 0.014423076923076924 0.009615384615384616
0 0.6983173076923077 0.13221153846153846 0.02403846153846154 0.016826923076923076
0 0.6141826923076923 0.3737980769230769 0.02403846153846154 0.019230769230769232
0 0.6225961538461539 0.4170673076923077 0.02403846153846154 0.019230769230769232
0 0.484375 0.31971153846153844 0.026442307692307692 0.014423076923076924
0 0.5168269230769231 0.296875 0.019230769230769232 0.009615384615384616
0 0.45552884615384615 0.4266826923076923 0.026442307692307692 0.014423076923076924
0 0.41225961538461536 0.3762019230769231 0.028846153846153848 0.02403846153846154
0 0.6057692307692307 0.7752403846153846 0.021634615384615384 0.014423076923076924
0 0.5564903846153846 0.7668269230769231 0.019230769230769232 0.014423076923076924
0 0.39903846153846156 0.8377403846153846 0.02403846153846154 0.014423076923076924
0 0.7211538461538461 0.5 0.021634615384615384 0.01201923076923077
0 0.8569711538461539 0.4326923076923077 0.019230769230769232 0.01201923076923077
0 0.8581730769230769 0.4050480769230769 0.014423076923076924 0.014423076923076924
0 0.7752403846153846 0.40384615384615385 0.009615384615384616 0.01201923076923077
0 0.6995192307692307 0.3954326923076923 0.026442307692307692 0.014423076923076924
0 0.6622596153846154 0.4855769230769231 0.02403846153846154 0.02403846153846154
0 0.3786057692307692 0.5829326923076923 0.021634615384615384 0.009615384615384616
0 0.32572115384615385 0.671875 0.021634615384615384 0.016826923076923076
0 0.36658653846153844 0.2980769230769231 0.02403846153846154 0.028846153846153848
0 0.3088942307692308 0.296875 0.03365384615384615 0.028846153846153848
0 0.49759615384615385 0.78125 0.03125 0.014423076923076924
0 0.6466346153846154 0.11778846153846154 0.02403846153846154 0.019230769230769232
0 0.6382211538461539 0.15985576923076922 0.02403846153846154 0.014423076923076924
0 0.5168269230769231 0.13341346153846154 0.02403846153846154 0.014423076923076924
0 0.39302884615384615 0.21995192307692307 0.02403846153846154 0.02403846153846154
0 0.3858173076923077 0.4230769230769231 0.02403846153846154 0.019230769230769232
0 0.2920673076923077 0.6911057692307693 0.026442307692307692 0.014423076923076924
0 0.7680288461538461 0.7632211538461539 0.026442307692307692 0.014423076923076924
0 0.703125 0.7463942307692307 0.021634615384615384 0.009615384615384616
0 0.6466346153846154 0.5372596153846154 0.02403846153846154 0.02403846153846154