0 0.4423076923076923 0.6394230769230769 0.04326923076923077 0.019230769230769232
0 0.38100961538461536 0.546875 0.026442307692307692 0.014423076923076924
0 0.5096153846153846 0.28725961538461536 0.028846153846153848 0.019230769230769232
0 0.5661057692307693 0.30288461538461536 0.03125 0.016826923076923076
0 0.7307692307692307 0.16466346153846154 0.02403846153846154 0.016826923076923076
0 0.28725961538461536 0.27884615384615385 0.04326923076923077 0.016826923076923076
0 0.27163461538461536 0.35697115384615385 0.03125 0.014423076923076924
0 0.23076923076923078 0.5637019230769231 0.019230769230769232 0.016826923076923076
0 0.31850961538461536 0.6274038461538461 0.026442307692307692 0.016826923076923076
0 0.4326923076923077 0.765625 0.028846153846153848 0.019230769230769232
0 0.515625 0.7716346153846154 0.021634615384615384 0.009615384615384616
0 0.4014423076923077 0.8557692307692307 0.019230769230769232 0.019230769230769232
0 0.3894230769230769 0.671875 0.021634615384615384 0.014423076923076924
0 0.33774038461538464 0.6766826923076923 0.02403846153846154 0.014423076923076924
0 0.2548076923076923 0.6742788461538461 0.026442307692307692 0.01201923076923077
0 0.21394230769230768 0.35336538461538464 0.014423076923076924 0.014423076923076924
0 0.32091346153846156 0.4014423076923077 0.03125 0.016826923076923076
0 0.38461538461538464 0.41225961538461536 0.026442307692307692 0.016826923076923076
0 0.6694711538461539 0.5432692307692307 0.019230769230769232 0.01201923076923077
0 0.6478365384615384 0.4735576923076923 0.014423076923076924 0.014423076923076924
0 0.6478365384615384 0.29927884615384615 0.026442307692307692 0.014423076923076924
0 0.36899038461538464 0.3233173076923077 0.026442307692307692 0.009615384615384616
0 0.30528846153846156 0.3317307692307692 0.021634615384615384 0.014423076923076924
0 0.25961538461538464 0.6225961538461539 0.02403846153846154 0.014423076923076924
0 0.19230769230769232 0.6430288461538461 0.014423076923076924 0.01201923076923077
0 0.30408653846153844 0.9170673076923077 0.03365384615384615 0.016826923076923076
0 0.45913461538461536 0.8317307692307693 0.02403846153846154 0.016826923076923076
0 0.9290865384615384 0.8629807692307693 0.04326923076923077 0.016826923076923076
0 0.6141826923076923 0.35697115384615385 0.028846153846153848 0.016826923076923076
0 0.47716346153846156 0.1935096153846154 0.02403846153846154 0.014423076923076924
0 0.5096153846153846 0.45913461538461536 0.019230769230769232 0.014423076923076924
0 0.10817307692307693 0.34975961538461536 0.021634615384615384 0.009615384615384616
0 0.17067307692307693 0.28966346153846156 0.014423076923076924 0.009615384615384616
0 0.23317307692307693 0.27884615384615385 0.02403846153846154 0.009615384615384616
0 0.08052884615384616 0.23076923076923078 0.019230769230769232 0.014423076923076924
0 0.44350961538461536 0.04567307692307692 0.0673076923076923 0.03365384615384615
0 0.2668269230769231 0.18870192307692307 0.02403846153846154 0.01201923076923077
0 0.20432692307692307 0.18389423076923078 0.019230769230769232 0.014423076923076924
0 0.14302884615384615 0.20192307692307693 0.019230769230769232 0.014423076923076924
0 0.41225961538461536 0.2776442307692308 0.02403846153846154 0.02403846153846154
0 0.4483173076923077 0.39663461538461536 0.019230769230769232 0.016826923076923076
0 0.46033653846153844 0.3389423076923077 0.026442307692307692 0.014423076923076924
0 0.5060096153846154 0.6466346153846154 0.02403846153846154 0.01201923076923077
0 0.5084134615384616 0.5961538461538461 0.014423076923076924 0.014423076923076924
0 0.4951923076923077 0.5588942307692307 0.021634615384615384 0.009615384615384616
0 0.5 0.5276442307692307 0.014423076923076924 0.01201923076923077
0 0.5444711538461539 0.49038461538461536 0.014423076923076924 0.014423076923076924
0 0.390625 0.4855769230769231 0.019230769230769232 0.014423076923076924
0 0.47475961538461536 0.47716346153846156 0.019230769230769232 0.009615384615384616
0 0.3473557692307692 0.7379807692307693 0.021634615384615384 0.014423076923076924
0 0.24879807692307693 0.7283653846153846 0.02403846153846154 0.019230769230769232
0 0.43990384615384615 0.8774038461538461 0.021634615384615384 0.014423076923076924
0 0.28966346153846156 0.6983173076923077 0.021634615384615384 0.01201923076923077
0 0.3293269230769231 0.8221153846153846 0.014423076923076924 0.009615384615384616
0 0.3016826923076923 0.8677884615384616 0.02403846153846154 0.016826923076923076
0 0.3858173076923077 0.6262019230769231 0.02403846153846154 0.019230769230769232
0 0.37740384615384615 0.5829326923076923 0.02403846153846154 0.019230769230769232
0 0.515625 0.6802884615384616 0.026442307692307692 0.014423076923076924
0 0.4831730769230769 0.703125 0.019230769230769232 0.009615384615384616
0 0.5444711538461539 0.5733173076923077 0.026442307692307692 0.014423076923076924
0 0.5877403846153846 0.6237980769230769 0.028846153846153848 0.02403846153846154
0 0.3942307692307692 0.2247596153846154 0.021634615384615384 0.014423076923076924
0 0.44350961538461536 0.23317307692307693 0.019230769230769232 0.014423076923076924
0 0.6009615384615384 0.1622596153846154 0.02403846153846154 0.014423076923076924
0 0.27884615384615385 0.5 0.021634615384615384 0.01201923076923077
0 0.14302884615384615 0.5673076923076923 0.019230769230769232 0.01201923076923077
0 0.14182692307692307 0.5949519230769231 0.014423076923076924 0.014423076923076924
0 0.2247596153846154 0.5961538461538461 0.009615384615384616 0.01201923076923077
0 0.3004807692307692 0.6045673076923077 0.026442307692307692 0.014423076923076924
0 0.33774038461538464 0.5144230769230769 0.02403846153846154 0.02403846153846154
0 0.6213942307692307 0.4170673076923077 0.021634615384615384 0.009615384615384616
0 0.6742788461538461 0.328125 0.021634615384615384 0.016826923076923076
0 0.6334134615384616 0.7019230769230769 0.02403846153846154 0.028846153846153848
0 0.6911057692307693 0.703125 0.03365384615384615 0.028846153846153848
0 0.5024038461538461 0.21875 0.03125 0.014423076923076924
0 0.35336538461538464 0.8822115384615384 0.02403846153846154 0.021634615384615384
0 0.36177884615384615 0.8401442307692307 0.02403846153846154 0.014423076923076924
0 0.4831730769230769 0.8665865384615384 0.02403846153846154 0.014423076923076924
0 0.6069711538461539 0.7800480769230769 0.02403846153846154 0.02403846153846154
0 0.6141826923076923 0.5769230769230769 0.02403846153846154 0.019230769230769232
0 0.7079326923076923 0.3088942307692308 0.026442307692307692 0.014423076923076924
0 0.23197115384615385 0.23677884615384615 0.026442307692307692 0.014423076923076924
0 0.296875 0.2536057692307692 0.021634615384615384 0.009615384615384616
0 0.35336538461538464 0.46274038461538464 0.02403846153846154 0.02403846153846154