0 0.5252403846153846 0.8894230769230769 0.028846153846153848 0.04807692307692308
0 0.1141826923076923 0.5745192307692307 0.03125 0.04807692307692308
0 0.6310096153846154 0.5949519230769231 0.016826923076923076 0.026442307692307692
0 0.17668269230769232 0.4639423076923077 0.019230769230769232 0.026442307692307692
0 0.36899038461538464 0.5697115384615384 0.02403846153846154 0.03125
0 0.6514423076923077 0.4951923076923077 0.038461538461538464 0.052884615384615384
0 0.8004807692307693 0.5985576923076923 0.016826923076923076 0.026442307692307692
0 0.7800480769230769 0.5769230769230769 0.016826923076923076 0.026442307692307692
0 0.6935096153846154 0.8689903846153846 0.028846153846153848 0.036057692307692304
0 0.12980769230769232 0.6598557692307693 0.028846153846153848 0.03125
0 0.20072115384615385 0.5336538461538461 0.014423076923076924 0.02403846153846154
0 0.042067307692307696 0.5048076923076923 0.016826923076923076 0.026442307692307692
0 0.5997596153846154 0.8966346153846154 0.036057692307692304 0.04326923076923077
0 0.36177884615384615 0.5 0.028846153846153848 0.036057692307692304
0 0.039663461538461536 0.71875 0.016826923076923076 0.02403846153846154
0 0.019230769230769232 0.734375 0.016826923076923076 0.026442307692307692
0 0.49278846153846156 0.35096153846153844 0.019230769230769232 0.026442307692307692
0 0.44591346153846156 0.33774038461538464 0.019230769230769232 0.019230769230769232
0 0.3762019230769231 0.3329326923076923 0.016826923076923076 0.036057692307692304
0 0.9459134615384616 0.33533653846153844 0.028846153846153848 0.03125
0 0.8233173076923077 0.3425480769230769 0.019230769230769232 0.026442307692307692
0 0.6610576923076923 0.3088942307692308 0.028846153846153848 0.03125
0 0.6021634615384616 0.6622596153846154 0.028846153846153848 0.036057692307692304
0 0.6310096153846154 0.7427884615384616 0.016826923076923076 0.026442307692307692
0 0.7247596153846154 0.6706730769230769 0.014423076923076924 0.026442307692307692
0 0.8149038461538461 0.9206730769230769 0.028846153846153848 0.02403846153846154
0 0.12379807692307693 0.7295673076923077 0.016826923076923076 0.036057692307692304
0 0.5612980769230769 0.5492788461538461 0.03365384615384615 0.036057692307692304
0 0.39783653846153844 0.5516826923076923 0.019230769230769232 0.040865384615384616
0 0.8858173076923077 0.4891826923076923 0.04326923076923077 0.03125
0 0.8774038461538461 0.8485576923076923 0.019230769230769232 0.03125
0 0.8485576923076923 0.8197115384615384 0.016826923076923076 0.036057692307692304
0 0.9050480769230769 0.9591346153846154 0.028846153846153848 0.026442307692307692
0 0.7800480769230769 0.8834134615384616 0.028846153846153848 0.036057692307692304
0 0.7043269230769231 0.8269230769230769 0.03365384615384615 0.02403846153846154
0 0.45913461538461536 0.8197115384615384 0.014423076923076924 0.036057692307692304
0 0.5204326923076923 0.5444711538461539 0.03365384615384615 0.04326923076923077