0 0.8894230769230769 0.47475961538461536 0.04807692307692308 0.028846153846153848
0 0.5745192307692307 0.8858173076923077 0.04807692307692308 0.028846153846153848
0 0.5949519230769231 0.36899038461538464 0.026442307692307692 0.016826923076923076
0 0.4639423076923077 0.8233173076923077 0.026442307692307692 0.019230769230769232
0 0.5697115384615384 0.6310096153846154 0.03125 0.02403846153846154
0 0.4951923076923077 0.3485576923076923 0.052884615384615384 0.038461538461538464
0 0.5985576923076923 0.19951923076923078 0.026442307692307692 0.016826923076923076
0 0.5769230769230769 0.21995192307692307 0.026442307692307692 0.016826923076923076
0 0.8689903846153846 0.30649038461538464 0.036057692307692304 0.028846153846153848
0 0.6598557692307693 0.8701923076923077 0.03125 0.028846153846153848
0 0.5336538461538461 0.7992788461538461 0.02403846153846154 0.014423076923076924
0 0.5048076923076923 0.9579326923076923 0.026442307692307692 0.016826923076923076
0 0.8966346153846154 0.40024038461538464 0.04326923076923077 0.038461538461538464
0 0.5 0.6382211538461539 0.036057692307692304 0.028846153846153848
0 0.71875 0.9603365384615384 0.02403846153846154 0.016826923076923076
0 0.734375 0.9807692307692307 0.026442307692307692 0.016826923076923076
0 0.35096153846153844 0.5072115384615384 0.026442307692307692 0.019230769230769232
0 0.33774038461538464 0.5540865384615384 0.019230769230769232 0.019230769230769232
0 0.3329326923076923 0.6237980769230769 0.036057692307692304 0.016826923076923076
0 0.33533653846153844 0.054086538461538464 0.03125 0.028846153846153848
0 0.3425480769230769 0.17668269230769232 0.026442307692307692 0.019230769230769232
0 0.3088942307692308 0.3389423076923077 0.03125 0.028846153846153848
0 0.6622596153846154 0.39783653846153844 0.036057692307692304 0.028846153846153848
0 0.7427884615384616 0.36899038461538464 0.026442307692307692 0.016826923076923076
0 0.6706730769230769 0.27524038461538464 0.026442307692307692 0.014423076923076924
0 0.9206730769230769 0.18509615384615385 0.02403846153846154 0.028846153846153848
0 0.7295673076923077 0.8762019230769231 0.036057692307692304 0.016826923076923076
0 0.5492788461538461 0.4387019230769231 0.036057692307692304 0.03365384615384615
0 0.5516826923076923 0.6021634615384616 0.040865384615384616 0.019230769230769232
0 0.4891826923076923 0.1141826923076923 0.03125 0.04326923076923077
0 0.8485576923076923 0.12259615384615384 0.03125 0.019230769230769232
0 0.8197115384615384 0.15144230769230768 0.036057692307692304 0.016826923076923076
0 0.9591346153846154 0.09495192307692307 0.026442307692307692 0.028846153846153848
0 0.8834134615384616 0.21995192307692307 0.036057692307692304 0.028846153846153848
0 0.8269230769230769 0.2956730769230769 0.02403846153846154 0.03365384615384615
0 0.8197115384615384 0.5408653846153846 0.036057692307692304 0.014423076923076924
0 0.5444711538461539 0.4795673076923077 0.04326923076923077 0.03365384615384615