0 0.578125 0.5168269230769231 0.04326923076923077 0.02403846153846154
0 0.5757211538461539 0.5456730769230769 0.04326923076923077 0.019230769230769232
0 0.38100961538461536 0.7283653846153846 0.17067307692307693 0.09134615384615384
0 0.1141826923076923 0.5 0.038461538461538464 0.019230769230769232
0 0.12259615384615384 0.4639423076923077 0.040865384615384616 0.02403846153846154
0 0.16706730769230768 0.41586538461538464 0.028846153846153848 0.014423076923076924
0 0.30288461538461536 0.4206730769230769 0.038461538461538464 0.02403846153846154
0 0.4050480769230769 0.4543269230769231 0.038461538461538464 0.016826923076923076
0 0.3737980769230769 0.47596153846153844 0.038461538461538464 0.019230769230769232
0 0.6911057692307693 0.5408653846153846 0.038461538461538464 0.028846153846153848
0 0.8088942307692307 0.4951923076923077 0.038461538461538464 0.019230769230769232
0 0.8473557692307693 0.4387019230769231 0.03365384615384615 0.02403846153846154
0 0.7596153846153846 0.4050480769230769 0.040865384615384616 0.02403846153846154
0 0.7632211538461539 0.46153846153846156 0.03365384615384615 0.02403846153846154
0 0.7512019230769231 0.5228365384615384 0.038461538461538464 0.019230769230769232
0 0.7776442307692307 0.5757211538461539 0.019230769230769232 0.016826923076923076
0 0.7355769230769231 0.5697115384615384 0.038461538461538464 0.019230769230769232
0 0.4543269230769231 0.3485576923076923 0.026442307692307692 0.014423076923076924