0 0.4831730769230769 0.578125 0.02403846153846154 0.04326923076923077
0 0.4543269230769231 0.5757211538461539 0.019230769230769232 0.04326923076923077
0 0.27163461538461536 0.38100961538461536 0.09134615384615384 0.17067307692307693
0 0.5 0.1141826923076923 0.019230769230769232 0.038461538461538464
0 0.5360576923076923 0.12259615384615384 0.02403846153846154 0.040865384615384616
0 0.5841346153846154 0.16706730769230768 0.014423076923076924 0.028846153846153848
0 0.5793269230769231 0.30288461538461536 0.02403846153846154 0.038461538461538464
0 0.5456730769230769 0.4050480769230769 0.016826923076923076 0.038461538461538464
0 0.5240384615384616 0.3737980769230769 0.019230769230769232 0.038461538461538464
0 0.45913461538461536 0.6911057692307693 0.028846153846153848 0.038461538461538464
0 0.5048076923076923 0.8088942307692307 0.019230769230769232 0.038461538461538464
0 0.5612980769230769 0.8473557692307693 0.02403846153846154 0.03365384615384615
0 0.5949519230769231 0.7596153846153846 0.02403846153846154 0.040865384615384616
0 0.5384615384615384 0.7632211538461539 0.02403846153846154 0.03365384615384615
0 0.47716346153846156 0.7512019230769231 0.019230769230769232 0.038461538461538464
0 0.42427884615384615 0.7776442307692307 0.016826923076923076 0.019230769230769232
0 0.43028846153846156 0.7355769230769231 0.019230769230769232 0.038461538461538464
0 0.6514423076923077 0.4543269230769231 0.014423076923076924 0.026442307692307692