0 0.3713942307692308 0.5757211538461539 0.016826923076923076 0.028846153846153848
0 0.41346153846153844 0.4639423076923077 0.02403846153846154 0.028846153846153848
0 0.31490384615384615 0.34975961538461536 0.019230769230769232 0.04326923076923077
0 0.6009615384615384 0.41225961538461536 0.019230769230769232 0.04807692307692308
0 0.7043269230769231 0.421875 0.021634615384615384 0.028846153846153848
0 0.7043269230769231 0.3425480769230769 0.014423076923076924 0.028846153846153848
0 0.36778846153846156 0.734375 0.014423076923076924 0.040865384615384616
0 0.5420673076923077 0.6935096153846154 0.009615384615384616 0.019230769230769232
0 0.6021634615384616 0.6490384615384616 0.009615384615384616 0.028846153846153848
0 0.6286057692307693 0.5829326923076923 0.009615384615384616 0.021634615384615384
0 0.5889423076923077 0.5865384615384616 0.009615384615384616 0.02403846153846154
0 0.3713942307692308 0.25240384615384615 0.01201923076923077 0.036057692307692304
0 0.21754807692307693 0.1346153846153846 0.01201923076923077 0.036057692307692304
0 0.3762019230769231 0.5060096153846154 0.016826923076923076 0.021634615384615384
0 0.5649038461538461 0.6947115384615384 0.009615384615384616 0.02403846153846154
0 0.4891826923076923 0.6514423076923077 0.014423076923076924 0.028846153846153848
0 0.5372596153846154 0.6129807692307693 0.014423076923076924 0.03365384615384615
0 0.5240384615384616 0.4699519230769231 0.016826923076923076 0.03365384615384615
0 0.3713942307692308 0.6346153846153846 0.016826923076923076 0.03365384615384615
0 0.31009615384615385 0.4411057692307692 0.014423076923076924 0.028846153846153848
0 0.3485576923076923 0.484375 0.01201923076923077 0.038461538461538464
0 0.2608173076923077 0.3545673076923077 0.014423076923076924 0.028846153846153848
0 0.5324519230769231 0.3605769230769231 0.014423076923076924 0.014423076923076924
0 0.59375 0.5324519230769231 0.016826923076923076 0.03365384615384615
0 0.5709134615384616 0.5456730769230769 0.01201923076923077 0.026442307692307692
0 0.6045673076923077 0.35096153846153844 0.014423076923076924 0.02403846153846154
0 0.5216346153846154 0.20192307692307693 0.014423076923076924 0.028846153846153848
0 0.4675480769230769 0.21995192307692307 0.01201923076923077 0.026442307692307692
0 0.4375 0.5564903846153846 0.016826923076923076 0.028846153846153848
0 0.5829326923076923 0.2692307692307692 0.014423076923076924 0.02403846153846154