0 0.6286057692307693 0.42427884615384615 0.016826923076923076 0.028846153846153848
0 0.5865384615384616 0.5360576923076923 0.02403846153846154 0.028846153846153848
0 0.6850961538461539 0.6502403846153846 0.019230769230769232 0.04326923076923077
0 0.39903846153846156 0.5877403846153846 0.019230769230769232 0.04807692307692308
0 0.2956730769230769 0.578125 0.021634615384615384 0.028846153846153848
0 0.2956730769230769 0.6574519230769231 0.014423076923076924 0.028846153846153848
0 0.6322115384615384 0.265625 0.014423076923076924 0.040865384615384616
0 0.4579326923076923 0.30649038461538464 0.009615384615384616 0.019230769230769232
0 0.39783653846153844 0.35096153846153844 0.009615384615384616 0.028846153846153848
0 0.3713942307692308 0.4170673076923077 0.009615384615384616 0.021634615384615384
0 0.4110576923076923 0.41346153846153844 0.009615384615384616 0.02403846153846154
0 0.6286057692307693 0.7475961538461539 0.01201923076923077 0.036057692307692304
0 0.7824519230769231 0.8653846153846154 0.01201923076923077 0.036057692307692304
0 0.6237980769230769 0.49399038461538464 0.016826923076923076 0.021634615384615384
0 0.43509615384615385 0.30528846153846156 0.009615384615384616 0.02403846153846154
0 0.5108173076923077 0.3485576923076923 0.014423076923076924 0.028846153846153848
0 0.46274038461538464 0.3870192307692308 0.014423076923076924 0.03365384615384615
0 0.47596153846153844 0.5300480769230769 0.016826923076923076 0.03365384615384615
0 0.6286057692307693 0.36538461538461536 0.016826923076923076 0.03365384615384615
0 0.6899038461538461 0.5588942307692307 0.014423076923076924 0.028846153846153848
0 0.6514423076923077 0.515625 0.01201923076923077 0.038461538461538464
0 0.7391826923076923 0.6454326923076923 0.014423076923076924 0.028846153846153848
0 0.4675480769230769 0.6394230769230769 0.014423076923076924 0.014423076923076924
0 0.40625 0.4675480769230769 0.016826923076923076 0.03365384615384615
0 0.42908653846153844 0.4543269230769231 0.01201923076923077 0.026442307692307692
0 0.3954326923076923 0.6490384615384616 0.014423076923076924 0.02403846153846154
0 0.47836538461538464 0.7980769230769231 0.014423076923076924 0.028846153846153848
0 0.5324519230769231 0.7800480769230769 0.01201923076923077 0.026442307692307692
0 0.5625 0.44350961538461536 0.016826923076923076 0.028846153846153848
0 0.4170673076923077 0.7307692307692307 0.014423076923076924 0.02403846153846154