0 0.5757211538461539 0.6286057692307693 0.028846153846153848 0.016826923076923076
0 0.4639423076923077 0.5865384615384616 0.028846153846153848 0.02403846153846154
0 0.34975961538461536 0.6850961538461539 0.04326923076923077 0.019230769230769232
0 0.41225961538461536 0.39903846153846156 0.04807692307692308 0.019230769230769232
0 0.421875 0.2956730769230769 0.028846153846153848 0.021634615384615384
0 0.3425480769230769 0.2956730769230769 0.028846153846153848 0.014423076923076924
0 0.734375 0.6322115384615384 0.040865384615384616 0.014423076923076924
0 0.6935096153846154 0.4579326923076923 0.019230769230769232 0.009615384615384616
0 0.6490384615384616 0.39783653846153844 0.028846153846153848 0.009615384615384616
0 0.5829326923076923 0.3713942307692308 0.021634615384615384 0.009615384615384616
0 0.5865384615384616 0.4110576923076923 0.02403846153846154 0.009615384615384616
0 0.25240384615384615 0.6286057692307693 0.036057692307692304 0.01201923076923077
0 0.1346153846153846 0.7824519230769231 0.036057692307692304 0.01201923076923077
0 0.5060096153846154 0.6237980769230769 0.021634615384615384 0.016826923076923076
0 0.6947115384615384 0.43509615384615385 0.02403846153846154 0.009615384615384616
0 0.6514423076923077 0.5108173076923077 0.028846153846153848 0.014423076923076924
0 0.6129807692307693 0.46274038461538464 0.03365384615384615 0.014423076923076924
0 0.4699519230769231 0.47596153846153844 0.03365384615384615 0.016826923076923076
0 0.6346153846153846 0.6286057692307693 0.03365384615384615 0.016826923076923076
0 0.4411057692307692 0.6899038461538461 0.028846153846153848 0.014423076923076924
0 0.484375 0.6514423076923077 0.038461538461538464 0.01201923076923077
0 0.3545673076923077 0.7391826923076923 0.028846153846153848 0.014423076923076924
0 0.3605769230769231 0.4675480769230769 0.014423076923076924 0.014423076923076924
0 0.5324519230769231 0.40625 0.03365384615384615 0.016826923076923076
0 0.5456730769230769 0.42908653846153844 0.026442307692307692 0.01201923076923077
0 0.35096153846153844 0.3954326923076923 0.02403846153846154 0.014423076923076924
0 0.20192307692307693 0.47836538461538464 0.028846153846153848 0.014423076923076924
0 0.21995192307692307 0.5324519230769231 0.026442307692307692 0.01201923076923077
0 0.5564903846153846 0.5625 0.028846153846153848 0.016826923076923076
0 0.2692307692307692 0.4170673076923077 0.02403846153846154 0.014423076923076924