1 0.24158653846153846 0.9903846153846154 0.021634615384615384 0.016826923076923076
1 0.12379807692307693 0.8978365384615384 0.016826923076923076 0.021634615384615384
1 0.16346153846153846 0.9014423076923077 0.021634615384615384 0.016826923076923076
1 0.265625 0.8052884615384616 0.026442307692307692 0.019230769230769232
1 0.4495192307692308 0.9338942307692307 0.026442307692307692 0.021634615384615384
1 0.2848557692307692 0.7391826923076923 0.019230769230769232 0.014423076923076924
1 0.34615384615384615 0.7860576923076923 0.019230769230769232 0.016826923076923076
1 0.3233173076923077 0.7584134615384616 0.019230769230769232 0.019230769230769232
1 0.34615384615384615 0.8221153846153846 0.02403846153846154 0.019230769230769232
1 0.4735576923076923 0.49158653846153844 0.019230769230769232 0.014423076923076924
1 0.5504807692307693 0.5012019230769231 0.03365384615384615 0.019230769230769232
1 0.5096153846153846 0.5072115384615384 0.03365384615384615 0.02403846153846154
1 0.6394230769230769 0.5492788461538461 0.028846153846153848 0.021634615384615384
1 0.8509615384615384 0.4891826923076923 0.028846153846153848 0.021634615384615384
1 0.7728365384615384 0.4423076923076923 0.026442307692307692 0.019230769230769232
1 0.6646634615384616 0.44591346153846156 0.02403846153846154 0.019230769230769232
1 0.734375 0.42788461538461536 0.026442307692307692 0.016826923076923076
1 0.5913461538461539 0.8978365384615384 0.03365384615384615 0.021634615384615384
1 0.5661057692307693 0.8762019230769231 0.019230769230769232 0.021634615384615384
1 0.5432692307692307 0.9230769230769231 0.026442307692307692 0.019230769230769232
1 0.6177884615384616 0.7848557692307693 0.019230769230769232 0.014423076923076924
1 0.6177884615384616 0.7403846153846154 0.02403846153846154 0.016826923076923076
1 0.7223557692307693 0.5552884615384616 0.026442307692307692 0.019230769230769232
1 0.6418269230769231 0.5036057692307693 0.03365384615384615 0.014423076923076924
1 0.4795673076923077 0.8125 0.03365384615384615 0.016826923076923076
1 0.45072115384615385 0.7079326923076923 0.038461538461538464 0.028846153846153848
1 0.40024038461538464 0.6598557692307693 0.026442307692307692 0.014423076923076924
1 0.6201923076923077 0.4326923076923077 0.02403846153846154 0.019230769230769232
1 0.6694711538461539 0.3870192307692308 0.019230769230769232 0.014423076923076924
1 0.8112980769230769 0.3629807692307692 0.02403846153846154 0.014423076923076924
1 0.7548076923076923 0.38341346153846156 0.02403846153846154 0.019230769230769232
1 0.6610576923076923 0.4182692307692308 0.021634615384615384 0.014423076923076924
1 0.7572115384615384 0.4074519230769231 0.028846153846153848 0.014423076923076924
1 0.3641826923076923 0.9375 0.038461538461538464 0.019230769230769232
1 0.4098557692307692 0.9591346153846154 0.02403846153846154 0.016826923076923076
1 0.4519230769230769 0.9735576923076923 0.026442307692307692 0.01201923076923077