1 0.7584134615384616 0.009615384615384616 0.021634615384615384 0.016826923076923076
1 0.8762019230769231 0.10216346153846154 0.016826923076923076 0.021634615384615384
1 0.8365384615384616 0.0985576923076923 0.021634615384615384 0.016826923076923076
1 0.734375 0.19471153846153846 0.026442307692307692 0.019230769230769232
1 0.5504807692307693 0.06610576923076923 0.026442307692307692 0.021634615384615384
1 0.7151442307692307 0.2608173076923077 0.019230769230769232 0.014423076923076924
1 0.6538461538461539 0.21394230769230768 0.019230769230769232 0.016826923076923076
1 0.6766826923076923 0.24158653846153846 0.019230769230769232 0.019230769230769232
1 0.6538461538461539 0.1778846153846154 0.02403846153846154 0.019230769230769232
1 0.5264423076923077 0.5084134615384616 0.019230769230769232 0.014423076923076924
1 0.4495192307692308 0.4987980769230769 0.03365384615384615 0.019230769230769232
1 0.49038461538461536 0.49278846153846156 0.03365384615384615 0.02403846153846154
1 0.3605769230769231 0.45072115384615385 0.028846153846153848 0.021634615384615384
1 0.14903846153846154 0.5108173076923077 0.028846153846153848 0.021634615384615384
1 0.22716346153846154 0.5576923076923077 0.026442307692307692 0.019230769230769232
1 0.33533653846153844 0.5540865384615384 0.02403846153846154 0.019230769230769232
1 0.265625 0.5721153846153846 0.026442307692307692 0.016826923076923076
1 0.40865384615384615 0.10216346153846154 0.03365384615384615 0.021634615384615384
1 0.4338942307692308 0.12379807692307693 0.019230769230769232 0.021634615384615384
1 0.4567307692307692 0.07692307692307693 0.026442307692307692 0.019230769230769232
1 0.38221153846153844 0.21514423076923078 0.019230769230769232 0.014423076923076924
1 0.38221153846153844 0.25961538461538464 0.02403846153846154 0.016826923076923076
1 0.2776442307692308 0.44471153846153844 0.026442307692307692 0.019230769230769232
1 0.3581730769230769 0.4963942307692308 0.03365384615384615 0.014423076923076924
1 0.5204326923076923 0.1875 0.03365384615384615 0.016826923076923076
1 0.5492788461538461 0.2920673076923077 0.038461538461538464 0.028846153846153848
1 0.5997596153846154 0.3401442307692308 0.026442307692307692 0.014423076923076924
1 0.3798076923076923 0.5673076923076923 0.02403846153846154 0.019230769230769232
1 0.33052884615384615 0.6129807692307693 0.019230769230769232 0.014423076923076924
1 0.18870192307692307 0.6370192307692307 0.02403846153846154 0.014423076923076924
1 0.24519230769230768 0.6165865384615384 0.02403846153846154 0.019230769230769232
1 0.3389423076923077 0.5817307692307693 0.021634615384615384 0.014423076923076924
1 0.24278846153846154 0.5925480769230769 0.028846153846153848 0.014423076923076924
1 0.6358173076923077 0.0625 0.038461538461538464 0.019230769230769232
1 0.5901442307692307 0.040865384615384616 0.02403846153846154 0.016826923076923076
1 0.5480769230769231 0.026442307692307692 0.026442307692307692 0.01201923076923077