1 0.9903846153846154 0.7584134615384616 0.016826923076923076 0.021634615384615384
1 0.8978365384615384 0.8762019230769231 0.021634615384615384 0.016826923076923076
1 0.9014423076923077 0.8365384615384616 0.016826923076923076 0.021634615384615384
1 0.8052884615384616 0.734375 0.019230769230769232 0.026442307692307692
1 0.9338942307692307 0.5504807692307693 0.021634615384615384 0.026442307692307692
1 0.7391826923076923 0.7151442307692307 0.014423076923076924 0.019230769230769232
1 0.7860576923076923 0.6538461538461539 0.016826923076923076 0.019230769230769232
1 0.7584134615384616 0.6766826923076923 0.019230769230769232 0.019230769230769232
1 0.8221153846153846 0.6538461538461539 0.019230769230769232 0.02403846153846154
1 0.49158653846153844 0.5264423076923077 0.014423076923076924 0.019230769230769232
1 0.5012019230769231 0.4495192307692308 0.019230769230769232 0.03365384615384615
1 0.5072115384615384 0.49038461538461536 0.02403846153846154 0.03365384615384615
1 0.5492788461538461 0.3605769230769231 0.021634615384615384 0.028846153846153848
1 0.4891826923076923 0.14903846153846154 0.021634615384615384 0.028846153846153848
1 0.4423076923076923 0.22716346153846154 0.019230769230769232 0.026442307692307692
1 0.44591346153846156 0.33533653846153844 0.019230769230769232 0.02403846153846154
1 0.42788461538461536 0.265625 0.016826923076923076 0.026442307692307692
1 0.8978365384615384 0.40865384615384615 0.021634615384615384 0.03365384615384615
1 0.8762019230769231 0.4338942307692308 0.021634615384615384 0.019230769230769232
1 0.9230769230769231 0.4567307692307692 0.019230769230769232 0.026442307692307692
1 0.7848557692307693 0.38221153846153844 0.014423076923076924 0.019230769230769232
1 0.7403846153846154 0.38221153846153844 0.016826923076923076 0.02403846153846154
1 0.5552884615384616 0.2776442307692308 0.019230769230769232 0.026442307692307692
1 0.5036057692307693 0.3581730769230769 0.014423076923076924 0.03365384615384615
1 0.8125 0.5204326923076923 0.016826923076923076 0.03365384615384615
1 0.7079326923076923 0.5492788461538461 0.028846153846153848 0.038461538461538464
1 0.6598557692307693 0.5997596153846154 0.014423076923076924 0.026442307692307692
1 0.4326923076923077 0.3798076923076923 0.019230769230769232 0.02403846153846154
1 0.3870192307692308 0.33052884615384615 0.014423076923076924 0.019230769230769232
1 0.3629807692307692 0.18870192307692307 0.014423076923076924 0.02403846153846154
1 0.38341346153846156 0.24519230769230768 0.019230769230769232 0.02403846153846154
1 0.4182692307692308 0.3389423076923077 0.014423076923076924 0.021634615384615384
1 0.4074519230769231 0.24278846153846154 0.014423076923076924 0.028846153846153848
1 0.9375 0.6358173076923077 0.019230769230769232 0.038461538461538464
1 0.9591346153846154 0.5901442307692307 0.016826923076923076 0.02403846153846154
1 0.9735576923076923 0.5480769230769231 0.01201923076923077 0.026442307692307692