0 0.5132211538461539 0.23918269230769232 0.021634615384615384 0.038461538461538464
0 0.5913461538461539 0.2980769230769231 0.021634615384615384 0.03365384615384615
0 0.5913461538461539 0.3605769230769231 0.02403846153846154 0.03365384615384615
0 0.7271634615384616 0.31850961538461536 0.019230769230769232 0.02403846153846154
0 0.41947115384615385 0.7199519230769231 0.028846153846153848 0.028846153846153848
0 0.3233173076923077 0.2980769230769231 0.02403846153846154 0.04567307692307692
0 0.35697115384615385 0.34975961538461536 0.019230769230769232 0.038461538461538464
0 0.4362980769230769 0.24879807692307693 0.016826923076923076 0.03365384615384615
0 0.46875 0.30528846153846156 0.01201923076923077 0.03365384615384615
0 0.4855769230769231 0.3629807692307692 0.019230769230769232 0.028846153846153848
0 0.5132211538461539 0.5612980769230769 0.014423076923076924 0.038461538461538464
0 0.4807692307692308 0.5841346153846154 0.014423076923076924 0.03365384615384615
0 0.625 0.9519230769230769 0.019230769230769232 0.03365384615384615
0 0.39783653846153844 0.8882211538461539 0.016826923076923076 0.03365384615384615
0 0.8978365384615384 0.4987980769230769 0.016826923076923076 0.038461538461538464
0 0.7836538461538461 0.47596153846153844 0.019230769230769232 0.028846153846153848
0 0.7788461538461539 0.24879807692307693 0.021634615384615384 0.02403846153846154
0 0.9495192307692307 0.3786057692307692 0.019230769230769232 0.028846153846153848
0 0.9771634615384616 0.5757211538461539 0.019230769230769232 0.03365384615384615
0 0.6730769230769231 0.4266826923076923 0.014423076923076924 0.028846153846153848
0 0.8990384615384616 0.07211538461538461 0.021634615384615384 0.02403846153846154
0 0.19110576923076922 0.9314903846153846 0.021634615384615384 0.028846153846153848
0 0.5192307692307693 0.4338942307692308 0.016826923076923076 0.052884615384615384
0 0.6502403846153846 0.546875 0.019230769230769232 0.03365384615384615
0 0.3137019230769231 0.5564903846153846 0.021634615384615384 0.028846153846153848
0 0.5889423076923077 0.9411057692307693 0.014423076923076924 0.04326923076923077
0 0.6105769230769231 0.7055288461538461 0.019230769230769232 0.028846153846153848
0 0.6262019230769231 0.12980769230769232 0.021634615384615384 0.03365384615384615
0 0.4411057692307692 0.49038461538461536 0.016826923076923076 0.028846153846153848
0 0.3942307692307692 0.5204326923076923 0.021634615384615384 0.038461538461538464
0 0.39903846153846156 0.5901442307692307 0.019230769230769232 0.02403846153846154
0 0.5889423076923077 0.46274038461538464 0.016826923076923076 0.03365384615384615
0 0.7259615384615384 0.38100961538461536 0.014423076923076924 0.03365384615384615
0 0.7487980769230769 0.11899038461538461 0.014423076923076924 0.019230769230769232
0 0.3858173076923077 0.019230769230769232 0.016826923076923076 0.019230769230769232
0 0.4543269230769231 0.3894230769230769 0.019230769230769232 0.019230769230769232
0 0.2692307692307692 0.44350961538461536 0.009615384615384616 0.019230769230769232
0 0.8629807692307693 0.24759615384615385 0.016826923076923076 0.03365384615384615
0 0.9278846153846154 0.2247596153846154 0.014423076923076924 0.02403846153846154
0 0.6586538461538461 0.2860576923076923 0.019230769230769232 0.028846153846153848
0 0.5180288461538461 0.36538461538461536 0.02403846153846154 0.028846153846153848
0 0.48197115384615385 0.2091346153846154 0.019230769230769232 0.03365384615384615
0 0.5132211538461539 0.18028846153846154 0.019230769230769232 0.03365384615384615
0 0.4963942307692308 0.03245192307692308 0.02403846153846154 0.014423076923076924
0 0.8052884615384616 0.16947115384615385 0.009615384615384616 0.028846153846153848
0 0.7800480769230769 0.30649038461538464 0.016826923076923076 0.028846153846153848
0 0.4879807692307692 0.7560096153846154 0.007211538461538462 0.04567307692307692
0 0.515625 0.9555288461538461 0.019230769230769232 0.028846153846153848
0 0.2776442307692308 0.6322115384615384 0.01201923076923077 0.03365384615384615
0 0.3701923076923077 0.6887019230769231 0.009615384615384616 0.03365384615384615
0 0.7271634615384616 0.4807692307692308 0.004807692307692308 0.055288461538461536
0 0.8737980769230769 0.3449519230769231 0.021634615384615384 0.028846153846153848
0 0.8329326923076923 0.21153846153846154 0.009615384615384616 0.028846153846153848
0 0.5865384615384616 0.4074519230769231 0.028846153846153848 0.028846153846153848
0 0.5805288461538461 0.14903846153846154 0.007211538461538462 0.02403846153846154