0 0.48677884615384615 0.7608173076923077 0.021634615384615384 0.038461538461538464
0 0.40865384615384615 0.7019230769230769 0.021634615384615384 0.03365384615384615
0 0.40865384615384615 0.6394230769230769 0.02403846153846154 0.03365384615384615
0 0.27283653846153844 0.6814903846153846 0.019230769230769232 0.02403846153846154
0 0.5805288461538461 0.2800480769230769 0.028846153846153848 0.028846153846153848
0 0.6766826923076923 0.7019230769230769 0.02403846153846154 0.04567307692307692
0 0.6430288461538461 0.6502403846153846 0.019230769230769232 0.038461538461538464
0 0.5637019230769231 0.7512019230769231 0.016826923076923076 0.03365384615384615
0 0.53125 0.6947115384615384 0.01201923076923077 0.03365384615384615
0 0.5144230769230769 0.6370192307692307 0.019230769230769232 0.028846153846153848
0 0.48677884615384615 0.4387019230769231 0.014423076923076924 0.038461538461538464
0 0.5192307692307693 0.41586538461538464 0.014423076923076924 0.03365384615384615
0 0.375 0.04807692307692308 0.019230769230769232 0.03365384615384615
0 0.6021634615384616 0.11177884615384616 0.016826923076923076 0.03365384615384615
0 0.10216346153846154 0.5012019230769231 0.016826923076923076 0.038461538461538464
0 0.21634615384615385 0.5240384615384616 0.019230769230769232 0.028846153846153848
0 0.22115384615384615 0.7512019230769231 0.021634615384615384 0.02403846153846154
0 0.05048076923076923 0.6213942307692307 0.019230769230769232 0.026442307692307692
0 0.02283653846153846 0.42427884615384615 0.019230769230769232 0.03365384615384615
0 0.3269230769230769 0.5733173076923077 0.014423076923076924 0.028846153846153848
0 0.10096153846153846 0.9278846153846154 0.021634615384615384 0.02403846153846154
0 0.8088942307692307 0.06850961538461539 0.021634615384615384 0.028846153846153848
0 0.4807692307692308 0.5661057692307693 0.016826923076923076 0.052884615384615384
0 0.34975961538461536 0.453125 0.019230769230769232 0.03365384615384615
0 0.6862980769230769 0.44350961538461536 0.021634615384615384 0.028846153846153848
0 0.4110576923076923 0.05889423076923077 0.014423076923076924 0.04326923076923077
0 0.3894230769230769 0.29447115384615385 0.019230769230769232 0.028846153846153848
0 0.3737980769230769 0.8701923076923077 0.021634615384615384 0.03365384615384615
0 0.5588942307692307 0.5096153846153846 0.016826923076923076 0.028846153846153848
0 0.6057692307692307 0.4795673076923077 0.021634615384615384 0.038461538461538464
0 0.6009615384615384 0.4098557692307692 0.019230769230769232 0.02403846153846154
0 0.4110576923076923 0.5372596153846154 0.016826923076923076 0.03365384615384615
0 0.27403846153846156 0.6189903846153846 0.014423076923076924 0.03365384615384615
0 0.2512019230769231 0.8810096153846154 0.014423076923076924 0.019230769230769232
0 0.6141826923076923 0.9807692307692307 0.016826923076923076 0.019230769230769232
0 0.5456730769230769 0.6105769230769231 0.019230769230769232 0.019230769230769232
0 0.7307692307692307 0.5564903846153846 0.009615384615384616 0.019230769230769232
0 0.13701923076923078 0.7524038461538461 0.016826923076923076 0.03365384615384615
0 0.07211538461538461 0.7752403846153846 0.014423076923076924 0.02403846153846154
0 0.34134615384615385 0.7139423076923077 0.019230769230769232 0.028846153846153848
0 0.48197115384615385 0.6346153846153846 0.02403846153846154 0.028846153846153848
0 0.5180288461538461 0.7908653846153846 0.019230769230769232 0.03365384615384615
0 0.48677884615384615 0.8197115384615384 0.019230769230769232 0.03365384615384615
0 0.5036057692307693 0.9675480769230769 0.02403846153846154 0.014423076923076924
0 0.19471153846153846 0.8305288461538461 0.009615384615384616 0.028846153846153848
0 0.21995192307692307 0.6935096153846154 0.016826923076923076 0.028846153846153848
0 0.5120192307692307 0.2439903846153846 0.007211538461538462 0.04567307692307692
0 0.484375 0.04447115384615385 0.019230769230769232 0.028846153846153848
0 0.7223557692307693 0.36778846153846156 0.01201923076923077 0.03365384615384615
0 0.6298076923076923 0.3112980769230769 0.009615384615384616 0.03365384615384615
0 0.27283653846153844 0.5192307692307693 0.004807692307692308 0.055288461538461536
0 0.12620192307692307 0.6550480769230769 0.021634615384615384 0.028846153846153848
0 0.16706730769230768 0.7884615384615384 0.009615384615384616 0.028846153846153848
0 0.41346153846153844 0.5925480769230769 0.028846153846153848 0.028846153846153848
0 0.41947115384615385 0.8509615384615384 0.007211538461538462 0.02403846153846154