0 0.8978365384615384 0.46274038461538464 0.03125 0.019230769230769232
0 0.6021634615384616 0.7596153846153846 0.036057692307692304 0.014423076923076924
0 0.53125 0.6706730769230769 0.036057692307692304 0.007211538461538462
0 0.6610576923076923 0.4326923076923077 0.019230769230769232 0.019230769230769232
0 0.4074519230769231 0.17067307692307693 0.02403846153846154 0.014423076923076924
0 0.5024038461538461 0.5060096153846154 0.009615384615384616 0.019230769230769232
0 0.8257211538461539 0.5793269230769231 0.019230769230769232 0.019230769230769232
0 0.8413461538461539 0.47115384615384615 0.009615384615384616 0.01201923076923077
0 0.45072115384615385 0.44591346153846156 0.019230769230769232 0.014423076923076924
0 0.34615384615384615 0.6129807692307693 0.02403846153846154 0.014423076923076924
0 0.7079326923076923 0.5480769230769231 0.019230769230769232 0.028846153846153848
0 0.44591346153846156 0.8425480769230769 0.019230769230769232 0.004807692307692308
0 0.4050480769230769 0.5637019230769231 0.03125 0.019230769230769232
0 0.5901442307692307 0.6454326923076923 0.019230769230769232 0.01201923076923077
0 0.5432692307692307 0.5120192307692307 0.009615384615384616 0.02403846153846154
0 0.5336538461538461 0.453125 0.03125 0
0 0.7740384615384616 0.36778846153846156 0.019230769230769232 0.014423076923076924
0 0.8846153846153846 0.5444711538461539 0.02403846153846154 0.01201923076923077
0 0.9639423076923077 0.8918269230769231 0.019230769230769232 0.014423076923076924
0 0.640625 0.5024038461538461 0.019230769230769232 0.01201923076923077
0 0.39783653846153844 0.5180288461538461 0.02403846153846154 0.01201923076923077
0 0.4387019230769231 0.765625 0.02403846153846154 0.004807692307692308
0 0.4639423076923077 0.6646634615384616 0.014423076923076924 0.019230769230769232
0 0.44350961538461536 0.49038461538461536 0.036057692307692304 0.004807692307692308
0 0.44591346153846156 0.22115384615384615 0.019230769230769232 0.014423076923076924