0 0.46274038461538464 0.10216346153846154 0.019230769230769232 0.03125
0 0.7596153846153846 0.39783653846153844 0.014423076923076924 0.036057692307692304
0 0.6706730769230769 0.46875 0.007211538461538462 0.036057692307692304
0 0.4326923076923077 0.3389423076923077 0.019230769230769232 0.019230769230769232
0 0.17067307692307693 0.5925480769230769 0.014423076923076924 0.02403846153846154
0 0.5060096153846154 0.49759615384615385 0.019230769230769232 0.009615384615384616
0 0.5793269230769231 0.17427884615384615 0.019230769230769232 0.019230769230769232
0 0.47115384615384615 0.15865384615384615 0.01201923076923077 0.009615384615384616
0 0.44591346153846156 0.5492788461538461 0.014423076923076924 0.019230769230769232
0 0.6129807692307693 0.6538461538461539 0.014423076923076924 0.02403846153846154
0 0.5480769230769231 0.2920673076923077 0.028846153846153848 0.019230769230769232
0 0.8425480769230769 0.5540865384615384 0.004807692307692308 0.019230769230769232
0 0.5637019230769231 0.5949519230769231 0.019230769230769232 0.03125
0 0.6454326923076923 0.4098557692307692 0.01201923076923077 0.019230769230769232
0 0.5120192307692307 0.4567307692307692 0.02403846153846154 0.009615384615384616
0 0.453125 0.46634615384615385 0 0.03125
0 0.36778846153846156 0.22596153846153846 0.014423076923076924 0.019230769230769232
0 0.5444711538461539 0.11538461538461539 0.01201923076923077 0.02403846153846154
0 0.8918269230769231 0.036057692307692304 0.014423076923076924 0.019230769230769232
0 0.5024038461538461 0.359375 0.01201923076923077 0.019230769230769232
0 0.5180288461538461 0.6021634615384616 0.01201923076923077 0.02403846153846154
0 0.765625 0.5612980769230769 0.004807692307692308 0.02403846153846154
0 0.6646634615384616 0.5360576923076923 0.019230769230769232 0.014423076923076924
0 0.49038461538461536 0.5564903846153846 0.004807692307692308 0.036057692307692304
0 0.22115384615384615 0.5540865384615384 0.014423076923076924 0.019230769230769232