0 0.10216346153846154 0.5372596153846154 0.03125 0.019230769230769232
0 0.39783653846153844 0.2403846153846154 0.036057692307692304 0.014423076923076924
0 0.46875 0.3293269230769231 0.036057692307692304 0.007211538461538462
0 0.3389423076923077 0.5673076923076923 0.019230769230769232 0.019230769230769232
0 0.5925480769230769 0.8293269230769231 0.02403846153846154 0.014423076923076924
0 0.49759615384615385 0.49399038461538464 0.009615384615384616 0.019230769230769232
0 0.17427884615384615 0.4206730769230769 0.019230769230769232 0.019230769230769232
0 0.15865384615384615 0.5288461538461539 0.009615384615384616 0.01201923076923077
0 0.5492788461538461 0.5540865384615384 0.019230769230769232 0.014423076923076924
0 0.6538461538461539 0.3870192307692308 0.02403846153846154 0.014423076923076924
0 0.2920673076923077 0.4519230769230769 0.019230769230769232 0.028846153846153848
0 0.5540865384615384 0.15745192307692307 0.019230769230769232 0.004807692307692308
0 0.5949519230769231 0.4362980769230769 0.03125 0.019230769230769232
0 0.4098557692307692 0.3545673076923077 0.019230769230769232 0.01201923076923077
0 0.4567307692307692 0.4879807692307692 0.009615384615384616 0.02403846153846154
0 0.46634615384615385 0.546875 0.03125 0
0 0.22596153846153846 0.6322115384615384 0.019230769230769232 0.014423076923076924
0 0.11538461538461539 0.45552884615384615 0.02403846153846154 0.01201923076923077
0 0.036057692307692304 0.10817307692307693 0.019230769230769232 0.014423076923076924
0 0.359375 0.49759615384615385 0.019230769230769232 0.01201923076923077
0 0.6021634615384616 0.48197115384615385 0.02403846153846154 0.01201923076923077
0 0.5612980769230769 0.234375 0.02403846153846154 0.004807692307692308
0 0.5360576923076923 0.33533653846153844 0.014423076923076924 0.019230769230769232
0 0.5564903846153846 0.5096153846153846 0.036057692307692304 0.004807692307692308
0 0.5540865384615384 0.7788461538461539 0.019230769230769232 0.014423076923076924