0 0.5865384615384616 0.5204326923076923 0.02403846153846154 0.014423076923076924
0 0.24519230769230768 0.38221153846153844 0.02403846153846154 0.019230769230769232
0 0.31490384615384615 0.5600961538461539 0.028846153846153848 0.02403846153846154
0 0.2247596153846154 0.5396634615384616 0.019230769230769232 0.009615384615384616
0 0.4014423076923077 0.31009615384615385 0.02403846153846154 0.019230769230769232
0 0.24278846153846154 0.33052884615384615 0.019230769230769232 0.01201923076923077
0 0.6706730769230769 0.4483173076923077 0.02403846153846154 0.014423076923076924
0 0.4675480769230769 0.29447115384615385 0.02403846153846154 0.01201923076923077
0 0.2548076923076923 0.4639423076923077 0.019230769230769232 0.014423076923076924
0 0.4014423076923077 0.13341346153846154 0.02403846153846154 0.01201923076923077
0 0.4495192307692308 0.25 0.02403846153846154 0.01201923076923077
0 0.18509615384615385 0.4254807692307692 0.02403846153846154 0.01201923076923077
0 0.30288461538461536 0.4699519230769231 0.019230769230769232 0.019230769230769232
0 0.27283653846153844 0.41947115384615385 0.019230769230769232 0.02403846153846154
0 0.4495192307692308 0.42427884615384615 0.02403846153846154 0.014423076923076924
0 0.20673076923076922 0.5 0.028846153846153848 0.02403846153846154
0 0.30288461538461536 0.3798076923076923 0.028846153846153848 0.014423076923076924
0 0.3713942307692308 0.2536057692307692 0.02403846153846154 0.019230769230769232
0 0.5240384615384616 0.25 0.019230769230769232 0.01201923076923077
0 0.3173076923076923 0.28846153846153844 0.02403846153846154 0.014423076923076924
0 0.29086538461538464 0.6502403846153846 0.019230769230769232 0.019230769230769232
0 0.2692307692307692 0.5901442307692307 0.02403846153846154 0.01201923076923077
0 0.2127403846153846 0.36177884615384615 0.028846153846153848 0.019230769230769232