0 0.5204326923076923 0.41346153846153844 0.014423076923076924 0.02403846153846154
0 0.38221153846153844 0.7548076923076923 0.019230769230769232 0.02403846153846154
0 0.5600961538461539 0.6850961538461539 0.02403846153846154 0.028846153846153848
0 0.5396634615384616 0.7752403846153846 0.009615384615384616 0.019230769230769232
0 0.31009615384615385 0.5985576923076923 0.019230769230769232 0.02403846153846154
0 0.33052884615384615 0.7572115384615384 0.01201923076923077 0.019230769230769232
0 0.4483173076923077 0.3293269230769231 0.014423076923076924 0.02403846153846154
0 0.29447115384615385 0.5324519230769231 0.01201923076923077 0.02403846153846154
0 0.4639423076923077 0.7451923076923077 0.014423076923076924 0.019230769230769232
0 0.13341346153846154 0.5985576923076923 0.01201923076923077 0.02403846153846154
0 0.25 0.5504807692307693 0.01201923076923077 0.02403846153846154
0 0.4254807692307692 0.8149038461538461 0.01201923076923077 0.02403846153846154
0 0.4699519230769231 0.6971153846153846 0.019230769230769232 0.019230769230769232
0 0.41947115384615385 0.7271634615384616 0.02403846153846154 0.019230769230769232
0 0.42427884615384615 0.5504807692307693 0.014423076923076924 0.02403846153846154
0 0.5 0.7932692307692307 0.02403846153846154 0.028846153846153848
0 0.3798076923076923 0.6971153846153846 0.014423076923076924 0.028846153846153848
0 0.2536057692307692 0.6286057692307693 0.021634615384615384 0.02403846153846154
0 0.25 0.47596153846153844 0.01201923076923077 0.019230769230769232
0 0.28846153846153844 0.6826923076923077 0.014423076923076924 0.02403846153846154
0 0.6502403846153846 0.7091346153846154 0.019230769230769232 0.019230769230769232
0 0.5901442307692307 0.7307692307692307 0.01201923076923077 0.02403846153846154
0 0.36177884615384615 0.7872596153846154 0.021634615384615384 0.028846153846153848