0 0.40865384615384615 0.5588942307692307 0.04326923076923077 0.040865384615384616
0 0.6165865384615384 0.19230769230769232 0.038461538461538464 0.036057692307692304
0 0.6766826923076923 0.15384615384615385 0.028846153846153848 0.040865384615384616
0 0.7427884615384616 0.06370192307692307 0.03365384615384615 0.02403846153846154
0 0.6778846153846154 0.08774038461538461 0.03125 0.040865384615384616
0 0.4326923076923077 0.22355769230769232 0.019230769230769232 0.036057692307692304
0 0.5564903846153846 0.2127403846153846 0.028846153846153848 0.036057692307692304
0 0.5853365384615384 0.21995192307692307 0.02403846153846154 0.019230769230769232
0 0.6971153846153846 0.6177884615384616 0.03125 0.036057692307692304
0 0.4495192307692308 0.6262019230769231 0.02403846153846154 0.040865384615384616
0 0.7692307692307693 0.1875 0.028846153846153848 0.036057692307692304
0 0.8473557692307693 0.14903846153846154 0.019230769230769232 0.040865384615384616