0 0.5913461538461539 0.4411057692307692 0.04326923076923077 0.040865384615384616
0 0.38341346153846156 0.8076923076923077 0.038461538461538464 0.036057692307692304
0 0.3233173076923077 0.8461538461538461 0.028846153846153848 0.040865384615384616
0 0.25721153846153844 0.9362980769230769 0.03365384615384615 0.02403846153846154
0 0.32211538461538464 0.9122596153846154 0.03125 0.040865384615384616
0 0.5673076923076923 0.7764423076923077 0.019230769230769232 0.036057692307692304
0 0.44350961538461536 0.7872596153846154 0.028846153846153848 0.036057692307692304
0 0.41466346153846156 0.7800480769230769 0.02403846153846154 0.019230769230769232
0 0.30288461538461536 0.38221153846153844 0.03125 0.036057692307692304
0 0.5504807692307693 0.3737980769230769 0.02403846153846154 0.040865384615384616
0 0.23076923076923078 0.8125 0.028846153846153848 0.036057692307692304
0 0.15264423076923078 0.8509615384615384 0.019230769230769232 0.040865384615384616