0 0.4411057692307692 0.40865384615384615 0.040865384615384616 0.04326923076923077
0 0.8076923076923077 0.6165865384615384 0.036057692307692304 0.038461538461538464
0 0.8461538461538461 0.6766826923076923 0.040865384615384616 0.028846153846153848
0 0.9362980769230769 0.7427884615384616 0.02403846153846154 0.03365384615384615
0 0.9122596153846154 0.6778846153846154 0.040865384615384616 0.03125
0 0.7764423076923077 0.4326923076923077 0.036057692307692304 0.019230769230769232
0 0.7872596153846154 0.5564903846153846 0.036057692307692304 0.028846153846153848
0 0.7800480769230769 0.5853365384615384 0.019230769230769232 0.02403846153846154
0 0.38221153846153844 0.6971153846153846 0.036057692307692304 0.03125
0 0.3737980769230769 0.4495192307692308 0.040865384615384616 0.02403846153846154
0 0.8125 0.7692307692307693 0.036057692307692304 0.028846153846153848
0 0.8509615384615384 0.8473557692307693 0.040865384615384616 0.019230769230769232