0 0.4879807692307692 0.5264423076923077 0.028846153846153848 0.014423076923076924
0 0.453125 0.6610576923076923 0.02403846153846154 0.019230769230769232
0 0.3942307692307692 0.6826923076923077 0.026442307692307692 0.021634615384615384
0 0.7043269230769231 0.5204326923076923 0.019230769230769232 0.01201923076923077
0 0.6706730769230769 0.4951923076923077 0.02403846153846154 0.014423076923076924
0 0.5877403846153846 0.6057692307692307 0.019230769230769232 0.019230769230769232
0 0.5264423076923077 0.6911057692307693 0.03125 0.019230769230769232
0 0.41947115384615385 0.5012019230769231 0.021634615384615384 0.021634615384615384
0 0.28846153846153844 0.5552884615384616 0.03125 0.021634615384615384
0 0.2403846153846154 0.6742788461538461 0.026442307692307692 0.014423076923076924
0 0.17668269230769232 0.7584134615384616 0.026442307692307692 0.019230769230769232
0 0.21514423076923078 0.7824519230769231 0.02403846153846154 0.014423076923076924
0 0.65625 0.5324519230769231 0.02403846153846154 0.014423076923076924
0 0.4855769230769231 0.3894230769230769 0.02403846153846154 0.02403846153846154
0 0.36538461538461536 0.6105769230769231 0.026442307692307692 0.019230769230769232
0 0.3425480769230769 0.6610576923076923 0.03365384615384615 0.021634615384615384
0 0.6574519230769231 0.5925480769230769 0.019230769230769232 0.019230769230769232
0 0.5504807692307693 0.4375 0.014423076923076924 0.014423076923076924
0 0.5793269230769231 0.49399038461538464 0.02403846153846154 0.019230769230769232
0 0.40384615384615385 0.3581730769230769 0.019230769230769232 0.021634615384615384
0 0.35697115384615385 0.5769230769230769 0.02403846153846154 0.021634615384615384
0 0.35216346153846156 0.5012019230769231 0.04326923076923077 0.02403846153846154
0 0.24759615384615385 0.5997596153846154 0.03125 0.019230769230769232
0 0.6189903846153846 0.5637019230769231 0.019230769230769232 0.016826923076923076
0 0.45552884615384615 0.5817307692307693 0.028846153846153848 0.019230769230769232
0 0.27884615384615385 0.796875 0.019230769230769232 0.019230769230769232
0 0.6959134615384616 0.41346153846153844 0.028846153846153848 0.019230769230769232
0 0.5144230769230769 0.34134615384615385 0.028846153846153848 0.021634615384615384
0 0.6189903846153846 0.4891826923076923 0.019230769230769232 0.021634615384615384
0 0.5372596153846154 0.39903846153846156 0.02403846153846154 0.019230769230769232
0 0.5444711538461539 0.5733173076923077 0.028846153846153848 0.019230769230769232
0 0.5012019230769231 0.6262019230769231 0.026442307692307692 0.014423076923076924
0 0.5552884615384616 0.47475961538461536 0.019230769230769232 0.014423076923076924
0 0.6610576923076923 0.3016826923076923 0.019230769230769232 0.026442307692307692
0 0.5877403846153846 0.45072115384615385 0.028846153846153848 0.019230769230769232