0 0.4735576923076923 0.4879807692307692 0.014423076923076924 0.028846153846153848
0 0.3389423076923077 0.453125 0.019230769230769232 0.02403846153846154
0 0.3173076923076923 0.3942307692307692 0.021634615384615384 0.026442307692307692
0 0.4795673076923077 0.7043269230769231 0.01201923076923077 0.019230769230769232
0 0.5048076923076923 0.6706730769230769 0.014423076923076924 0.02403846153846154
0 0.3942307692307692 0.5877403846153846 0.019230769230769232 0.019230769230769232
0 0.3088942307692308 0.5264423076923077 0.019230769230769232 0.03125
0 0.4987980769230769 0.41947115384615385 0.021634615384615384 0.021634615384615384
0 0.44471153846153844 0.28846153846153844 0.021634615384615384 0.03125
0 0.32572115384615385 0.2403846153846154 0.014423076923076924 0.026442307692307692
0 0.24158653846153846 0.17668269230769232 0.019230769230769232 0.026442307692307692
0 0.21754807692307693 0.21514423076923078 0.014423076923076924 0.02403846153846154
0 0.4675480769230769 0.65625 0.014423076923076924 0.02403846153846154
0 0.6105769230769231 0.4855769230769231 0.02403846153846154 0.02403846153846154
0 0.3894230769230769 0.36538461538461536 0.019230769230769232 0.026442307692307692
0 0.3389423076923077 0.3425480769230769 0.021634615384615384 0.03365384615384615
0 0.4074519230769231 0.6574519230769231 0.019230769230769232 0.019230769230769232
0 0.5625 0.5504807692307693 0.014423076923076924 0.014423076923076924
0 0.5060096153846154 0.5793269230769231 0.019230769230769232 0.02403846153846154
0 0.6418269230769231 0.40384615384615385 0.021634615384615384 0.019230769230769232
0 0.4230769230769231 0.35697115384615385 0.021634615384615384 0.02403846153846154
0 0.4987980769230769 0.35216346153846156 0.02403846153846154 0.04326923076923077
0 0.40024038461538464 0.24759615384615385 0.019230769230769232 0.03125
0 0.4362980769230769 0.6189903846153846 0.016826923076923076 0.019230769230769232
0 0.4182692307692308 0.45552884615384615 0.019230769230769232 0.028846153846153848
0 0.203125 0.27884615384615385 0.019230769230769232 0.019230769230769232
0 0.5865384615384616 0.6959134615384616 0.019230769230769232 0.028846153846153848
0 0.6586538461538461 0.5144230769230769 0.021634615384615384 0.028846153846153848
0 0.5108173076923077 0.6189903846153846 0.021634615384615384 0.019230769230769232
0 0.6009615384615384 0.5372596153846154 0.019230769230769232 0.02403846153846154
0 0.4266826923076923 0.5444711538461539 0.019230769230769232 0.028846153846153848
0 0.3737980769230769 0.5012019230769231 0.014423076923076924 0.026442307692307692
0 0.5252403846153846 0.5552884615384616 0.014423076923076924 0.019230769230769232
0 0.6983173076923077 0.6610576923076923 0.026442307692307692 0.019230769230769232
0 0.5492788461538461 0.5877403846153846 0.019230769230769232 0.028846153846153848