0 0.6141826923076923 0.4987980769230769 0.02403846153846154 0.028846153846153848
0 0.6274038461538461 0.5300480769230769 0.02403846153846154 0.014423076923076924
0 0.6622596153846154 0.3894230769230769 0.016826923076923076 0.019230769230769232
0 0.5661057692307693 0.7115384615384616 0.02403846153846154 0.021634615384615384
0 0.5372596153846154 0.625 0.019230769230769232 0.014423076923076924
0 0.5444711538461539 0.7752403846153846 0.01201923076923077 0.019230769230769232
0 0.48197115384615385 0.7223557692307693 0.014423076923076924 0.014423076923076924
0 0.5769230769230769 0.6514423076923077 0.014423076923076924 0.03125
0 0.5360576923076923 0.5408653846153846 0.014423076923076924 0.014423076923076924
0 0.5180288461538461 0.5661057692307693 0.014423076923076924 0.014423076923076924
0 0.7103365384615384 0.40865384615384615 0.014423076923076924 0.028846153846153848
0 0.6995192307692307 0.36899038461538464 0.016826923076923076 0.026442307692307692
0 0.7548076923076923 0.625 0.021634615384615384 0.028846153846153848
0 0.5685096153846154 0.4675480769230769 0.016826923076923076 0.019230769230769232
0 0.6153846153846154 0.5612980769230769 0.019230769230769232 0.014423076923076924
0 0.5 0.6225961538461539 0.02403846153846154 0.009615384615384616
0 0.7235576923076923 0.4735576923076923 0.019230769230769232 0.019230769230769232
0 0.6646634615384616 0.5949519230769231 0.014423076923076924 0.009615384615384616
0 0.7079326923076923 0.7716346153846154 0.02403846153846154 0.019230769230769232
0 0.6274038461538461 0.39663461538461536 0.019230769230769232 0.019230769230769232
0 0.6382211538461539 0.4338942307692308 0.014423076923076924 0.016826923076923076
0 0.6790865384615384 0.6778846153846154 0.019230769230769232 0.019230769230769232