0 0.3858173076923077 0.5012019230769231 0.02403846153846154 0.028846153846153848
0 0.37259615384615385 0.4699519230769231 0.02403846153846154 0.014423076923076924
0 0.33774038461538464 0.6105769230769231 0.016826923076923076 0.019230769230769232
0 0.4338942307692308 0.28846153846153844 0.02403846153846154 0.021634615384615384
0 0.46274038461538464 0.375 0.019230769230769232 0.014423076923076924
0 0.45552884615384615 0.2247596153846154 0.01201923076923077 0.019230769230769232
0 0.5180288461538461 0.2776442307692308 0.014423076923076924 0.014423076923076924
0 0.4230769230769231 0.3485576923076923 0.014423076923076924 0.03125
0 0.4639423076923077 0.45913461538461536 0.014423076923076924 0.014423076923076924
0 0.48197115384615385 0.4338942307692308 0.014423076923076924 0.014423076923076924
0 0.28966346153846156 0.5913461538461539 0.014423076923076924 0.028846153846153848
0 0.3004807692307692 0.6310096153846154 0.016826923076923076 0.026442307692307692
0 0.24519230769230768 0.375 0.021634615384615384 0.028846153846153848
0 0.43149038461538464 0.5324519230769231 0.016826923076923076 0.019230769230769232
0 0.38461538461538464 0.4387019230769231 0.019230769230769232 0.014423076923076924
0 0.5 0.37740384615384615 0.02403846153846154 0.009615384615384616
0 0.2764423076923077 0.5264423076923077 0.019230769230769232 0.019230769230769232
0 0.33533653846153844 0.4050480769230769 0.014423076923076924 0.009615384615384616
0 0.2920673076923077 0.2283653846153846 0.02403846153846154 0.019230769230769232
0 0.37259615384615385 0.6033653846153846 0.019230769230769232 0.019230769230769232
0 0.36177884615384615 0.5661057692307693 0.014423076923076924 0.016826923076923076
0 0.32091346153846156 0.32211538461538464 0.019230769230769232 0.019230769230769232