1 0.265625 0.8245192307692307 0.028846153846153848 0.038461538461538464
1 0.31009615384615385 0.7860576923076923 0.021634615384615384 0.038461538461538464
1 0.47115384615384615 0.6838942307692307 0.028846153846153848 0.02403846153846154
1 0.25 0.4879807692307692 0.036057692307692304 0.052884615384615384
1 0.17307692307692307 0.5240384615384616 0.02403846153846154 0.028846153846153848
1 0.3401442307692308 0.3269230769230769 0.016826923076923076 0.026442307692307692
1 0.5649038461538461 0.6550480769230769 0.019230769230769232 0.026442307692307692
1 0.5588942307692307 0.5961538461538461 0.016826923076923076 0.019230769230769232
1 0.5048076923076923 0.515625 0.019230769230769232 0.026442307692307692
1 0.5396634615384616 0.515625 0.019230769230769232 0.021634615384615384
1 0.4254807692307692 0.41225961538461536 0.014423076923076924 0.019230769230769232
1 0.6153846153846154 0.4423076923076923 0.019230769230769232 0.026442307692307692
1 0.671875 0.47475961538461536 0.014423076923076924 0.021634615384615384
1 0.6754807692307693 0.5576923076923077 0.01201923076923077 0.021634615384615384
1 0.6262019230769231 0.6310096153846154 0.014423076923076924 0.016826923076923076
1 0.22956730769230768 0.38341346153846156 0.03365384615384615 0.03365384615384615
1 0.14182692307692307 0.7800480769230769 0.014423076923076924 0.021634615384615384
1 0.29927884615384615 0.1658653846153846 0.021634615384615384 0.026442307692307692
1 0.3605769230769231 0.14783653846153846 0.028846153846153848 0.03365384615384615
1 0.49038461538461536 0.26802884615384615 0.03365384615384615 0.04326923076923077
1 0.6009615384615384 0.2704326923076923 0.028846153846153848 0.03365384615384615
1 0.17307692307692307 0.3329326923076923 0.016826923076923076 0.019230769230769232
1 0.6009615384615384 0.3701923076923077 0.019230769230769232 0.019230769230769232
1 0.53125 0.3798076923076923 0.019230769230769232 0.028846153846153848
1 0.5516826923076923 0.41586538461538464 0.014423076923076924 0.016826923076923076
1 0.4699519230769231 0.21514423076923078 0.019230769230769232 0.02403846153846154
1 0.47475961538461536 0.18990384615384615 0.019230769230769232 0.021634615384615384
1 0.31971153846153844 0.24759615384615385 0.016826923076923076 0.014423076923076924
1 0.4735576923076923 0.12860576923076922 0.016826923076923076 0.016826923076923076
1 0.4206730769230769 0.16346153846153846 0.014423076923076924 0.021634615384615384
1 0.30649038461538464 0.5637019230769231 0.019230769230769232 0.02403846153846154