1 0.734375 0.17548076923076922 0.028846153846153848 0.038461538461538464
1 0.6899038461538461 0.21394230769230768 0.021634615384615384 0.038461538461538464
1 0.5288461538461539 0.3161057692307692 0.028846153846153848 0.02403846153846154
1 0.75 0.5120192307692307 0.036057692307692304 0.052884615384615384
1 0.8269230769230769 0.47596153846153844 0.02403846153846154 0.028846153846153848
1 0.6598557692307693 0.6730769230769231 0.016826923076923076 0.026442307692307692
1 0.43509615384615385 0.3449519230769231 0.019230769230769232 0.026442307692307692
1 0.4411057692307692 0.40384615384615385 0.016826923076923076 0.019230769230769232
1 0.4951923076923077 0.484375 0.019230769230769232 0.026442307692307692
1 0.46033653846153844 0.484375 0.019230769230769232 0.021634615384615384
1 0.5745192307692307 0.5877403846153846 0.014423076923076924 0.019230769230769232
1 0.38461538461538464 0.5576923076923077 0.019230769230769232 0.026442307692307692
1 0.328125 0.5252403846153846 0.014423076923076924 0.021634615384615384
1 0.3245192307692308 0.4423076923076923 0.01201923076923077 0.021634615384615384
1 0.3737980769230769 0.36899038461538464 0.014423076923076924 0.016826923076923076
1 0.7704326923076923 0.6165865384615384 0.03365384615384615 0.03365384615384615
1 0.8581730769230769 0.21995192307692307 0.014423076923076924 0.021634615384615384
1 0.7007211538461539 0.8341346153846154 0.021634615384615384 0.026442307692307692
1 0.6394230769230769 0.8521634615384616 0.028846153846153848 0.03365384615384615
1 0.5096153846153846 0.7319711538461539 0.03365384615384615 0.04326923076923077
1 0.39903846153846156 0.7295673076923077 0.028846153846153848 0.03365384615384615
1 0.8269230769230769 0.6670673076923077 0.016826923076923076 0.019230769230769232
1 0.39903846153846156 0.6298076923076923 0.019230769230769232 0.019230769230769232
1 0.46875 0.6201923076923077 0.019230769230769232 0.028846153846153848
1 0.4483173076923077 0.5841346153846154 0.014423076923076924 0.016826923076923076
1 0.5300480769230769 0.7848557692307693 0.019230769230769232 0.02403846153846154
1 0.5252403846153846 0.8100961538461539 0.019230769230769232 0.021634615384615384
1 0.6802884615384616 0.7524038461538461 0.016826923076923076 0.014423076923076924
1 0.5264423076923077 0.8713942307692307 0.016826923076923076 0.016826923076923076
1 0.5793269230769231 0.8365384615384616 0.014423076923076924 0.021634615384615384
1 0.6935096153846154 0.4362980769230769 0.019230769230769232 0.02403846153846154