0 0.779877279619808 0.6577725343996086 0.09715852410254819 0.1748130455101231
0 0.5753186680723548 0.9323337066779156 0.028063749442349052 0.03814102903765223
0 0.5351087488254485 0.9237370896187477 0.02657066613591069 0.050076315649450774
0 0.48477285000529863 0.8764271016257451 0.02851913086605288 0.04415064442226761
0 0.4784692355746148 0.7299603745559939 0.026115284712206723 0.04406670026483566
0 0.51776555315756 0.5683036354792453 0.05454333929351908 0.0870154216101802
0 0.584014773390672 0.44594787643835604 0.029429893713460806 0.05616987519149838
0 0.5548953906902957 0.44133477731840176 0.016955281520526073 0.0497405390197227
0 0.5047237130643345 0.41201166340052925 0.07464900862111043 0.13087226148143558
0 0.4463952907871179 0.4807006047670406 0.05554517842566767 0.10023657545633405
0 0.5120041382104912 0.191697258821004 0.026115284712206723 0.0440667002648356
0 0.5462237928563515 0.26361805024865054 0.019359127674372225 0.04982448317715472
0 0.56631153080865 0.32305791804118983 0.026115284712206723 0.044066700264835626
0 0.45037761889903677 0.15358293465622555 0.017992983403260474 0.031795637023308565