0 0.7025254282017838 0.6833959476846128 0.09213982216625966 0.17775826542793965
0 0.46340847999418655 0.9500471007550696 0.026975779092524296 0.03902459501299715
0 0.42408090125775205 0.9400620228775024 0.025131737608723243 0.050875732484286666
0 0.3793331590039232 0.8911111266445736 0.027255681427546846 0.04503421039761253
0 0.3909704682861653 0.7448126978558404 0.024851835273700693 0.04486611709967155
0 0.45026650410647034 0.5849651653000362 0.05205153623424289 0.088698404420361
0 0.5318096265210929 0.4652601041851818 0.02781548609759181 0.05705344116684344
0 0.5031314140759525 0.45963721537911906 0.015516352993338627 0.05020335929252235
0 0.45634204174013304 0.42863111865106557 0.07089375612332834 0.1331442882751797
0 0.38933727110994415 0.4950901077940873 0.05266732137129264 0.10191955826651486
0 0.49068090920742363 0.20915820547663078 0.024851835273700554 0.04486611709967155
0 0.5162242155003116 0.2820887865903859 0.017920199147184783 0.05037145259046346
0 0.5291061726170908 0.342075623796234 0.024851835273700554 0.04486611709967155
0 0.433466092448328 0.1689822273693808 0.017080492142117265 0.03234260643661738