0 0.7761796912046712 0.6279530548619329 0.0961532861874063 0.1723644808735179
0 0.5699691152512156 0.911719583713447 0.02784583073347208 0.037406459646670845
0 0.5298013738189307 0.9047388005208525 0.026282451069331633 0.04941170524808669
0 0.4797326011580493 0.8593384343701641 0.028266063978324932 0.04341607503128623
0 0.47428660229133257 0.7126758486499192 0.02586221782447878 0.043402089863471306
0 0.514538950339028 0.5489136290803626 0.05404423515383323 0.08561624181783446
0 0.581519252692243 0.4234730962941965 0.029106530468030637 0.05543530580051686
0 0.5524209588991774 0.42003514907720485 0.016667066453947017 0.04935576457682755
0 0.5024109628959313 0.39267062166427 0.07389683759369675 0.12898336876176872
0 0.4436677921082717 0.46395469014982366 0.05496874829250942 0.0988373956639883
0 0.5109848410238089 0.17137692383227587 0.02586221782447878 0.043402089863471306
0 0.5447897471592261 0.24212256335695986 0.01907091260779317 0.04936974974464233
0 0.5645330329587839 0.3009258905353945 0.02586221782447878 0.043402089863471306
0 0.4495692107854612 0.13566186813604608 0.017810212873234612 0.03134090359079618