0 0.4386138183647451 0.5903211256415068 0.035543955434722926 0.03323522504081197
0 0.25669379834473705 0.8207796158220623 0.02953434005010761 0.03309534969011752
0 0.22910659577727072 0.6745076714102033 0.03038624288983128 0.02711370937564111
0 0.20706268880323064 0.5777103986431625 0.028612433162944075 0.037875066927670994
0 0.32031161995331436 0.5550716955506948 0.03709589874884555 0.039272815495566195
0 0.696817267760887 0.5999415349521373 0.02338471657061256 0.03055162818557692
0 0.8750355628113351 0.08174785319460544 0.02685047770650219 0.028231707242147467
0 0.3273938830151877 0.45413813215929516 0.031448157871874556 0.02473783829193379
0 0.21343193554502968 0.3443694712992523 0.02564855462957884 0.028203732172008573
0 0.49908033626329734 0.25473381648776755 0.023104700380852952 0.02574393587788461
0 0.3035321139581715 0.6365227140800751 0.02932432790778801 0.029489580459348293
0 0.43623031602609785 0.2592887282251607 0.028402421020624537 0.03426929769690176
0 0.5687229922526262 0.3815242209766564 0.0245166356000957 0.02937768017879268
0 0.6629393120438153 0.334371480153366 0.017725121423196717 0.03642136821949785
0 0.5261182391464593 0.3071158855489321 0.027340506038581062 0.036645168780608944
0 0.3378233645085 0.15108566635384643 0.029184319812908272 0.027085734305502172
0 0.4022027410941622 0.22359370689022473 0.028332416973184466 0.03306737461997869
0 0.5745914779671315 0.2601020151372868 0.03193818620395383 0.03315129983039533
0 0.1984928785985226 0.06359404255256428 0.031016279316790227 0.037931017067948734
0 0.4202767611793278 0.057924147765812325 0.0363258542270068 0.026051661649412416
0 0.5770749392884018 0.0314848548906522 0.023244708475732685 0.02814778203173079
0 0.6154083239255055 0.055244570666774025 0.023034696333413016 0.02454201280096157
0 0.6565418704602046 0.030927363365972772 0.02529853439237957 0.02219411678739318
0 0.7606191498204331 0.04177465600651774 0.02204278539880961 0.028119806961591894
0 0.8289187530627289 0.046975004235203684 0.03038624288983135 0.027113709375641046
0 0.8992173971703676 0.45180129047526785 0.02070085422700666 0.025687985737606802
0 0.8899079804360935 0.7356229870499474 0.027270501991141262 0.035443245703686004
0 0.19231554333430523 0.8722375026295942 0.029744352192427284 0.036701118920886754
0 0.1830857417674552 0.9273860888173614 0.034412036405239786 0.03440917304759621
0 0.3505030696969623 0.9252650081820517 0.029184319812908272 0.027085734305502138
0 0.27529565272377776 0.9560104519805024 0.03151816191931449 0.025939761368856732
0 0.41466346153846156 0.9807692307692307 0.036057692307692304 0.03365384615384615
0 0.28365384615384615 0.9903846153846154 0.028846153846153848 0.014423076923076924
0 0.26725479838817534 0.866760418516667 0.03385200402572078 0.0247937884322116
0 0.10000006551920765 0.7834330604098826 0.03759778135136974 0.027281559796474397
0 0.11658653846153846 0.984375 0.03125 0.026442307692307692
0 0.008443217978846557 0.7859747720363248 0.016886435957693114 0.024681888151655985
0 0.2590716928072323 0.531982376518857 0.025228530344939566 0.020992193710470113
0 0.12933400454697985 0.527759145866934 0.02366473276037203 0.035359320493269224
0 0.009221592415903857 0.670450281301015 0.018443184831807714 0.03312332476025649
0 0.5730666079195903 0.6789027722391565 0.035543955434723065 0.03323522504081211
0 0.7451504984866796 0.5553315106943383 0.028052400783424993 0.028259682312286243
0 0.6853795347616047 0.38303587970320574 0.032148198346273645 0.03675706906116456
0 0.7109473526485289 0.46065833337975487 0.032078194298833566 0.03555514598424148
0 0.43399467280894327 0.7936139760623402 0.027982396735985196 0.02705775923536344
0 0.4679511221182086 0.706544993130289 0.03073626312703062 0.03312332476025622
0 0.5494707576314278 0.5880871397865923 0.027702380546225588 0.022250066927670994
0 0.724204069306018 0.5223480612847763 0.020840862321886533 0.028091831891452958
0 0.8456445955817985 0.4830502855362187 0.026500457469302647 0.022222091857532024
0 0.8686781703399812 0.33554944791634694 0.024306623457775893 0.025771910948023447
0 0.9440933563050246 0.053266380199306344 0.07130977728221065 0.04967150207483981
0 0.35392141375107156 0.8459101100349896 0.029534340050107542 0.03309534969011752
0 0.6225340008253268 0.8834545008162399 0.0289043036231488 0.02227804199780983
0 0.6701875348919195 0.5198872600516032 0.03914972466549216 0.03331915025122875
0 0.7774161179621731 0.60061394157452 0.02868243721038401 0.039076990004593935
0 0.7667862354465254 0.6798009893007484 0.030246234794951476 0.024709863221794685
0 0.6461739034695783 0.6842150207483979 0.031238145729555154 0.021132069061164424
0 0.6303744541385939 0.7488391162008552 0.02331471252317276 0.029349705108653704
0 0.7218487618091824 0.7281007079997336 0.029394331955227945 0.03069150353627137
0 0.36033471284895957 0.3225140701706734 0.028402421020624537 0.03426929769690176
0 0.38081482223843205 0.40483231587435936 0.034342032357799854 0.03320724997067314
0 0.781008911347267 0.4562712720631951 0.019218914960324386 0.02085231835977566
0 0.8092001986503412 0.3028727193392635 0.029184319812908272 0.027085734305502138
0 0.5711827450330065 0.11198572597435945 0.029254323860348073 0.028287657382425217
0 0.610928064889353 0.13216764758985095 0.023244708475732685 0.028147782031730764
0 0.5961809194204275 0.4266947515762825 0.024726647742415234 0.03298344940956191
0 0.4762031101713612 0.9161551847072654 0.02564855462957884 0.028203732172008573
0 0.5000552681083932 0.9612417900964748 0.021552757066730467 0.019706345423130392
0 0.9167369927521662 0.9155767526857913 0.023034696333413016 0.024542012800961396
0 0.9511349317365002 0.6142857113600435 0.021972781351369812 0.026917883884668852
0 0.6681659070609166 0.2033059146284728 0.03533394329240353 0.029629455810042744
0 0.5020927534536732 0.4509829788678958 0.038799704428292885 0.027309534866613368
0 0.22600046599856488 0.43853909735133567 0.02430662345777603 0.025771910948023447
0 0.05012450259927686 0.6065535376721688 0.03420202426292017 0.030803403816826985
0 0.08488768081694653 0.6916113303713677 0.03617399186168198 0.044052532733119806
0 0.2123852395591227 0.7342960994848292 0.03342012547063638 0.037986967208226474
0 0.2550825836783893 0.7244579192473828 0.027270501991141262 0.035443245703686004
0 0.31368494398741553 0.7101757226140494 0.03935973680781183 0.03692491948199771
0 0.5761382964621915 0.9774552715084408 0.02812240483086493 0.029461605389209593
0 0.8632760044166652 0.4076368574615926 0.022894688238533415 0.02213816664711538
0 0.8647116481767979 0.44498039805662465 0.02550854653469897 0.025799886018162417
0 0.7865273768245726 0.3408586816084409 0.022042785398809883 0.02811980696159193
0 0.7554292391898975 0.3581881510088148 0.027842388641105324 0.02465391308151701
0 0.6141408831020642 0.5522822280491992 0.029254323860348073 0.028287657382425217
0 0.5275053442495814 0.13865082928872907 0.021902777303929873 0.02571596080774574
0 0.9363929110866374 0.18547791866084484 0.02218279349368948 0.030523653115438084
0 0.7957204940048571 0.10036216594326988 0.02720049794370146 0.03424132262676286
0 0.7959067976062866 0.05583506195683827 0.024516635600095836 0.029377680178792744
0 0.3829008462407227 0.10038210150101527 0.0317981781090741 0.03074745367654918
0 0.46941672081352454 0.18544089913926326 0.033280117375756646 0.03558312105438032
0 0.7965413203341674 0.5408814636401716 0.023034696333413016 0.024542012800961535
0 0.8222254377750814 0.5751787364072123 0.030246234794951476 0.024709863221794956
0 0.8609907009672694 0.6121875810996268 0.02366473276037203 0.035359320493269224
0 0.722328057446047 0.8231925064273511 0.038367825873208423 0.040502713642628245
0 0.6707498104218993 0.758203730124039 0.028472425068064338 0.03547122077382498
0 0.9101284174510054 0.4917724777852572 0.02239280563600888 0.03412942234620731
0 0.6202238672598107 0.9231179623547014 0.021902777303929737 0.025715960807745776
0 0.8743010811008316 0.15635100917425288 0.017946987835961235 0.019622420212713678
0 0.8948856357738487 0.17488340659059906 0.020770858274446732 0.02688990881452988
0 0.9385912313990855 0.6850033474075328 0.023174704428292888 0.026945858954807552
0 0.3837798223470277 0.5192388087431627 0.043105514133460934 0.039412690846260784