0 0.4250657267847338 0.6178849867310556 0.036302873427794216 0.03519906247212855
0 0.23766463237032273 0.8385242897550287 0.030293258043178832 0.03470850186584165
0 0.21347850673476795 0.6901482338096164 0.031004620513815216 0.028796998602483807
0 0.193683245666124 0.5917378088668516 0.029483783451285106 0.03941808205227669
0 0.3075224463663742 0.5756218515283991 0.037995357111003915 0.0413067899780012
0 0.6831848519594234 0.6425848620321519 0.02408741841604877 0.03181409510570887
0 0.8736020510466452 0.13301803756218872 0.027496963404303187 0.0297045853156348
0 0.3169657876289133 0.474758425188118 0.032010319348223654 0.026491264569894923
0 0.2055054587285085 0.3579760592162306 0.026295040327380247 0.029606473194377533
0 0.4934025053521722 0.28468233731534354 0.023694969931019418 0.027006402798016634
0 0.28883159135164466 0.6563714995465949 0.029998921679406817 0.03110273263507242
0 0.4304119447458855 0.2855901223945775 0.029189447087513025 0.03581231282150753
0 0.5601219216644863 0.41596151307581297 0.02519122937171458 0.0307102841500432
0 0.655490672482191 0.3741391881375243 0.018568363637720006 0.03733314988403764
0 0.5192317610611836 0.3388178326544692 0.028183748253104622 0.03811804685409634
0 0.3344785037242233 0.17128513707595858 0.02980269743689207 0.028698886481226402
0 0.3971995039546559 0.24779098952608822 0.029091334966255617 0.03461038974458445
0 0.568829322834554 0.29446917018532487 0.032697104197024984 0.03490472610835646
0 0.1971155829814675 0.07537706714046302 0.03188762960513126 0.03961430629479143
0 0.4191524382266297 0.08261238975950495 0.036916123777173265 0.02808563613184732
0 0.57665331818114 0.06522077647862422 0.023891194173534094 0.029410248951862786
0 0.6144526494157122 0.09129501494165473 0.02359685780976215 0.025804479721093558
0 0.6561764655005777 0.06929233032776218 0.02580447972109349 0.02359685780976208
0 0.760056988344084 0.08624154641561187 0.02268927109661088 0.02931213683060546
0 0.8282722673649274 0.09543970655804916 0.031004620513815147 0.02879699860248374
0 0.8891547067437203 0.505736682785352 0.021291123777173262 0.026810178555502027
0 0.8732117845885277 0.7899792016667422 0.028085636131847353 0.036916123777173265
0 0.17204962211192307 0.8864051869555201 0.030587594406950778 0.03831427109661088
0 0.1615268491494703 0.941203087887695 0.03519906247212848 0.036302873427794355
0 0.32908471744806467 0.9488310573578491 0.02980269743689207 0.028698886481226264
0 0.25311838248180896 0.9752981410380748 0.032108431469480954 0.027693187646818
0 0.3918269230769231 0.9939903846153846 0.038461538461538464 0.007211538461538462
0 0.24715752560869786 0.8852766000119364 0.03441416550206977 0.026687488812409736
0 0.08175792561168196 0.7919196435952145 0.03821615897535368 0.029385671330027972
0 0.09495192307692307 0.9891826923076923 0.03125 0.016826923076923076
0 0.24678846454900621 0.5488854058384024 0.02570636759983622 0.02239493473283907
0 0.11707888436257122 0.537087373665687 0.024479866901078087 0.03662178741340118
0 0.0015832233560115548 0.6729050780901604 0.0031664467120231096 0.034806613987099194
0 0.5575228430985399 0.714602531258445 0.036302873427794216 0.03519906247212827
0 0.7325861894902791 0.6006400457168538 0.028698886481226264 0.02980269743689207
0 0.6768065722472821 0.4242764657608514 0.032991440560796934 0.03851049533912569
0 0.7005754734098896 0.5036523457153617 0.03289332843953966 0.03730857226220262
0 0.4156963167537827 0.8215986594585997 0.028600774359968995 0.028600774359968995
0 0.451704655451722 0.7362129657533912 0.03149518112010177 0.034806613987099194
0 0.5360350983466862 0.6221036095790382 0.02820832587493964 0.023793082052276687
0 0.7123986783026885 0.5663239923360414 0.021487348019687803 0.02921402470934818
0 0.8348229871620798 0.5339697846482097 0.027006402798016565 0.023694969931019418
0 0.861313854999809 0.3873105916417593 0.024896893007942494 0.027104514919273973
0 0.9433625463857709 0.10846423942952255 0.07243410023490891 0.05366931398859114
0 0.3343581943741257 0.8694060221596688 0.030293258043178832 0.03470850186584165
0 0.6022399715291272 0.922731249442569 0.02941024895186272 0.023891194173533956
0 0.6584102519624074 0.5607070238025381 0.03990864265856358 0.03549339883590035
0 0.7638118102345269 0.6479564510794703 0.029581895572542514 0.04062000512920004
0 0.7513267948469273 0.7267928135501067 0.03080839627130061 0.026393152448637654
0 0.6305458144270756 0.7241931398859116 0.0317159829844516 0.02288549533912569
0 0.6132285291099489 0.7881158648271843 0.023989306294791363 0.030612172028785797
0 0.705236890183069 0.7726377354599461 0.030097033800664155 0.03230465571199549
0 0.35299850558260487 0.3446072412729836 0.02918944708751316 0.03581231282150746
0 0.3715672659524907 0.4283983650501568 0.035100950350871137 0.035100950350871137
0 0.7707775724777147 0.5033332333636718 0.019696752215220832 0.02190437412655231
0 0.8025666932294229 0.3510568734576352 0.029802697436892345 0.028698886481226402
0 0.5688778829799754 0.14565151051121303 0.02990080955814948 0.02990080955814948
0 0.6081734736552428 0.16821809186473166 0.023891194173534094 0.029410248951862786
0 0.5865398501010418 0.46288546995340013 0.025485565735486524 0.034316053380812436
0 0.45506583866063804 0.9470154871993812 0.026295040327380247 0.02960647319437726
0 0.47836538461538464 0.9903846153846154 0.02403846153846154 0.014423076923076924
0 0.8958526939058001 0.9721072158872581 0.02359685780976215 0.02580447972109349
0 0.9373057594183144 0.6717980932771683 0.022591158975353885 0.028110213753682646
0 0.6637810475453942 0.2429333485103942 0.03600853706402227 0.03159329324135918
0 0.4918333065103035 0.48177314430889306 0.03941808205227669 0.029483783451285106
0 0.2158815594242825 0.4531977410350907 0.024896893007942494 0.027104514919273973
0 0.035986141469099016 0.6115332683015785 0.03490472610835645 0.032697104197024845
0 0.06878175451954711 0.698905583687686 0.037185882519110224 0.046016370164435966
0 0.19535174682574738 0.7491651543219396 0.03429147575897741 0.03981053053730604
0 0.23830206360937106 0.7417817708736387 0.028085636131847353 0.036916123777173265
0 0.2972698288780241 0.7308661526939907 0.04020297902233539 0.03909916806666958
0 0.8542252046474458 0.45932786413588655 0.023400633567247333 0.023400633567247333
0 0.8547894981192378 0.49688181588427394 0.02609881608486557 0.027202627040531377
0 0.7789944130414957 0.38785050585779896 0.02268927109661088 0.029312136830605448
0 0.7474746542995588 0.40342654898021174 0.028404550117454457 0.026196928206122842
0 0.6015765741056636 0.5899458244998042 0.029900809558149614 0.02990080955814948
0 0.5245539964987491 0.1698618170364371 0.02249304685409634 0.026908290676759296
0 0.932570213047464 0.24067577789106104 0.02288549533912569 0.0317159829844516
0 0.7938091449852706 0.14707344198815425 0.02798752401058981 0.035714200700250186
0 0.7950354473179458 0.10240606389948576 0.02519122937171458 0.0307102841500432
0 0.3807646326305964 0.12303636901227301 0.03250087995451031 0.03250087995451031
0 0.46534105010999416 0.21342558253552277 0.03409525151646274 0.037406684383459954
0 0.7843424162973937 0.5891357548096618 0.023596857809761874 0.02580447972109349
0 0.809239507671419 0.6250461797524266 0.03080839627130061 0.026393152448637585
0 0.8471615286490836 0.6644396841828683 0.02447986690107812 0.03662178741340118
0 0.7034956479883548 0.8680802191431559 0.0392953923091844 0.04260682517618154
0 0.6534071288765321 0.7998651384883954 0.02928755920877043 0.03701423589843053
0 0.8991381605883821 0.5464793776576443 0.023179831702897502 0.03532175221522083
0 0.5990022715276353 0.9623947109810307 0.02249304685409634 0.026908290676759296
0 0.8711248687594596 0.2078316046951915 0.018396717017040487 0.020604338928371966
0 0.891287802325215 0.22762646903166966 0.021389235898430534 0.028012101632425103
0 0.9231036827256701 0.7420247699668286 0.02379308205227696 0.02820832587493964
0 0.3718619990484285 0.5433659543279078 0.0440049724956193 0.04179735058428782