0 0.4588717854238243 0.584823280064123 0.03440917304759621 0.03284352103020948
0 0.28514741597751 0.8172402902976904 0.028399557662980832 0.03277359282426563
0 0.25247470715662335 0.6713880287543339 0.029461605389209458 0.02677796308083913
0 0.2270684819985038 0.5749125128531454 0.027309534866613302 0.03756729949076906
0 0.33943480462526665 0.5509727928683195 0.03575097147521374 0.03886712205601374
0 0.7172013217518691 0.591435962150485 0.022333992138087504 0.030299818464475364
0 0.8771790406536859 0.07152158063209242 0.02588381122857906 0.02793792923419564
0 0.3429866335938565 0.45002524004796984 0.030607578325854725 0.02438810256818158
0 0.22528410714390998 0.3416555220829356 0.024681888151655985 0.027923943593006966
0 0.5075701896780982 0.2487603303260807 0.02222209185753216 0.025492126156783056
0 0.3255132690865914 0.6325637056872007 0.028315632452564188 0.02916782359349613
0 0.4449303143274036 0.2540426923688783 0.027225609656196588 0.03396153025999983
0 0.5815838593067304 0.3746554113621641 0.02350794014487188 0.029111881028741165
0 0.6740769910285789 0.32643947393866707 0.01646425210416643 0.03623950564314677
0 0.5364153385852027 0.3007926636634931 0.02607963671955132 0.03635139077265725
0 0.3428248128073183 0.14705671081622163 0.028259682312286243 0.026763977439650182
0 0.40968389905373914 0.21876735390244498 0.027197634586057753 0.03275960718307676
0 0.5832074183138353 0.2532471949517446 0.030803403816826985 0.032801564106643116
0 0.20055229848627132 0.06124381848894978 0.029713381020459454 0.037595270773146686
0 0.42195792027136747 0.05299986877538198 0.035443245703686004 0.02564596820985993
0 0.5777053739479167 0.024755939565660724 0.02227804199780983 0.027895972310629243
0 0.6168373091537392 0.0480540041864297 0.02219411678739319 0.02429020307986001
0 0.6570882471651175 0.02327514573027561 0.024542012800961396 0.02191432820839146
0 0.761459729366453 0.03290535805216307 0.021076118920886754 0.027881986669440435
0 0.8298854195406518 0.037308308830694116 0.029461605389209593 0.026777963080838983
0 0.9142637710441236 0.4410434196126516 0.019818245703686007 0.02546415487440557
0 0.914873192952884 0.7247811796136306 0.02605166164941262 0.03514946769573431
0 0.22261843596832193 0.8694116379816769 0.028483482873397473 0.036379362055034864
0 0.21532196735731762 0.9246301713141942 0.03323522504081197 0.03403145846594395
0 0.38252915040031976 0.9205645600548227 0.028259682312286243 0.02676397743965025
0 0.30845651581426203 0.9521633590192287 0.03063555339599356 0.025590025645104656
0 0.010465568631663593 0.9727333815428669 0.020931137263327185 0.025492126156783056
0 0.4485220144114842 0.9778381405767802 0.03443714811773505 0.034045444107132554
0 0.31850961538461536 0.9891826923076923 0.026442307692307692 0.016826923076923076
0 0.29730551715838605 0.8630672092738442 0.03301142447970088 0.024416073850559335
0 0.12727687178755276 0.7817403395069221 0.03667314385074789 0.026861876927971852
0 0.15144230769230768 0.9831730769230769 0.028846153846153848 0.028846153846153848
0 0.02980920227622797 0.7854151948783213 0.028203732172008573 0.024360131285804096
0 0.27743835588776666 0.5286109241418863 0.0245140377308227 0.020712405131468367
0 0.14765863865021325 0.5258985518165724 0.022445892418643185 0.03510751077216767
0 0.026485193624946023 0.6699606512877618 0.029601480739903874 0.03278757846545451
0 0.59630863236704 0.6717821529035626 0.03440917304759621 0.03284352103020948
0 0.763937451340224 0.5462943395925826 0.027085734305502138 0.02795191487538445
0 0.6981983728384079 0.374810095480555 0.03088732902724363 0.03640733333741235
0 0.7264560452725958 0.45208281343335205 0.030859353957104655 0.035205410260489275
0 0.46135553703189036 0.7880321939112557 0.027057759235363302 0.026749991798461374
0 0.4922438709981832 0.7006274646844025 0.02960148073990391 0.03278757846545451
0 0.569560608781303 0.5813022667458005 0.026945858954807826 0.021942299490769066
0 0.7418562397724355 0.5135766893330722 0.019874195843963677 0.027868001028251727
0 0.8618257518426813 0.4728939601184561 0.025743935877884476 0.021928313849580185
0 0.8796897623928417 0.3252252493511833 0.023424014934455235 0.025506111797971933
0 0.9451861097148504 0.0422566996155885 0.069628618190171 0.04887410462468488
0 0.3831735819525634 0.8412236513367108 0.028399557662980832 0.03277359282426536
0 0.6528789224366445 0.8756204206041915 0.028147782031730628 0.02195628513195767
0 0.6877976763810358 0.5117454124026529 0.038014942278365445 0.03288547795377598
0 0.7977581429758543 0.5911710770332117 0.027337509936752068 0.03876922256769214
0 0.7899021729620721 0.6704280719041906 0.02940565524893165 0.024374116926992977
0 0.669542014848931 0.6762410462468489 0.030523653115438084 0.020782333337412348
0 0.6560121302922002 0.7410050359888071 0.022306017067948804 0.029097895387552287
0 0.74668788739407 0.7192174206164288 0.028343607522702888 0.03036974667041948
0 0.371304275924519 0.31810740005139626 0.027225609656196588 0.03396153025999983
0 0.3946423557704591 0.4001318677471304 0.03320724997067314 0.03282953538902088
0 0.7963074590848287 0.44688436523768726 0.018504422346207312 0.020642476925524386
0 0.8191190372933759 0.2932619816505543 0.028259682312286243 0.026763977439650182
0 0.574629121171688 0.10527080007831807 0.028287657382425217 0.027965900516573258
0 0.6150469046648503 0.12497708110950663 0.02227804199780983 0.027895972310629243
0 0.6105968586346684 0.4194762062380381 0.023591865355288524 0.03271765025951039
0 0.5078089011017087 0.9099998359692274 0.024681888151655985 0.027923943593006692
0 0.5332161311988775 0.9547786739215349 0.020880293429914494 0.019468525130978794
0 0.8293269230769231 0.9939903846153846 0.02403846153846154 0.007211538461538462
0 0.9479645228868048 0.9043012729520219 0.02219411678739319 0.024290203079860254
0 0.9718131885685892 0.6028143796209728 0.021048143850748054 0.026680063592517254
0 0.6747224275198717 0.1954018872716741 0.03432524783717957 0.029237751799440385
0 0.517433330168536 0.44484161955880785 0.037875066927670856 0.026875862569160594
0 0.2411308978269227 0.43561530670076765 0.02342401493445517 0.025506111797971933
0 0.07126507818167684 0.6055602882167127 0.03315129983039533 0.030425689235174722
0 0.1089702848104161 0.6901564297605588 0.03466094867884621 0.04366082872251717
0 0.23785479980352503 0.731330340547411 0.03211722717430561 0.03762324205552403
0 0.28017388312708275 0.7210025302967116 0.026051661649412486 0.03514946769573431
0 0.338229866731196 0.7060488410737741 0.03809886748878209 0.03649124718454507
0 0.6098035072802876 0.9700968318806953 0.02711370937564111 0.029153837952307526
0 0.8768093351075852 0.39732664832537906 0.022138166647115244 0.021886356926013824
0 0.8795478771640487 0.4346282206335609 0.024625938011378315 0.025520097439160675
0 0.797791142741239 0.33148576421188314 0.021076118920886754 0.02788198666944033
0 0.7673234397660788 0.34916496933600916 0.027001809095085497 0.02434614564461522
0 0.6329278359556085 0.5447699047030029 0.028287657382425217 0.027965900516573328
0 0.5319183868661858 0.1324255334059407 0.021020168780609083 0.02547814051559428
0 0.9421088519995725 0.17446823807712697 0.021132069061164424 0.03028583282328662
0 0.7985784644613247 0.09104520626251247 0.02602368657927365 0.033947544618811026
0 0.7972096959026174 0.04654608113398103 0.023507940144871606 0.029111881028741113
0 0.3860950485155982 0.09586351595013745 0.03074745367654904 0.030397717952797033
0 0.47551092252216864 0.17985911698817883 0.03206127703402773 0.03521939590167815
0 0.8147818964827986 0.5312567365225124 0.02219411678739319 0.02429020307985998
0 0.8416428252881405 0.565232252423701 0.02940565524893165 0.024374116926992838
0 0.8816689577993585 0.6017654565318126 0.02244589241864312 0.03510751077216767
0 0.750487472237713 0.8142392718992959 0.036980869622275654 0.0400830307741257
0 0.6966816894166127 0.7498940093276878 0.027253584726335697 0.03516345333692291
0 0.9265617475756941 0.48086072320419 0.021215994271581343 0.03389160205405572
0 0.6519557451220611 0.915283882142653 0.021020168780609083 0.02547814051559418
0 0.8790503555358439 0.1460827683248896 0.017274524199145266 0.019426568207412502
0 0.900265344868376 0.16436335602013422 0.019846220773824703 0.02666607795132858
0 0.9617491978919332 0.6736299416711128 0.022250066927671133 0.026694049233706132
0 0.4016001087226491 0.514426445184333 0.04176058685982899 0.03893705026195786