1 0.10368873849335519 0.23731268073561937 0.029335651287761985 0.04290664504534178
1 0.21131890160601088 0.503576432486522 0.014702789746852983 0.02445813021497865
1 0.28199460724426273 0.4852071111717052 0.01707866461832152 0.02212422884055206
1 0.33835912108894817 0.4760335057957559 0.021942299490769066 0.027071810707083224
1 0.35338442264845765 0.6314662790056401 0.01227097231062921 0.021984339281712933
1 0.43800853547468116 0.6759816539776307 0.023214150773636123 0.03311639848140839
1 0.2996187118689476 0.5542063400122571 0.012215029745874038 0.017176646974020625
1 0.4782882072907641 0.8333507704483428 0.013416952822797047 0.017211619363730408
1 0.49757491908628854 0.8387180209913911 0.008553317950349637 0.012264037497199244
1 0.5934638801228614 0.922009685932308 0.01221502974587397 0.017176646974020625
1 0.30864922575034465 0.8139965865761905 0.026819920004405456 0.033221315650537736
1 0.5483625303578974 0.7632987568258337 0.009783212309650334 0.014702856040754907
1 0.29907411392789834 0.610661752237932 0.013416952822797047 0.017211619363730408
1 0.44896485751356285 0.5849852240285743 0.013416952822797047 0.017211619363730408
1 0.6931082421167102 0.5019753607601335 0.013472895387552287 0.022019311671422716
1 0.2004579528595087 0.2929950872970152 0.008581289232727189 0.014667883651045193