1 0.11461232771231583 0.23672490589166675 0.03129629550654977 0.042738709375641046
1 0.23451052179395807 0.502379890839904 0.015823157871874553 0.024374162380128246
1 0.30423391452594156 0.48359772767040626 0.018086995930840972 0.022026266366559903
1 0.36009426271436734 0.4740952482746263 0.023174704428292888 0.026945858954807826
1 0.3823459386802661 0.6294510509692312 0.013279303623148801 0.021914366086004285
1 0.46893069572527746 0.673476613571261 0.024726647742415234 0.03298344940956191
1 0.32505106830693803 0.552498994036966 0.012999287433389056 0.01710667377831198
1 0.5164927603540008 0.8306218158157056 0.014201210510312133 0.017134648848450677
1 0.5360035457745296 0.8358771092456201 0.009113502012860354 0.012215056260203028
1 0.6356457400299249 0.9186159859404385 0.012999287433389056 0.01710667377831198
1 0.3461815579385684 0.8122542540030451 0.028332416973184466 0.03306737461997855
1 0.5832059790460693 0.7601569603385154 0.010455433184663167 0.014646877484188154
1 0.3271393354596895 0.6089614035822117 0.014201210510312133 0.017134648848450815
1 0.47562961888907707 0.5824102104264961 0.014201210510312133 0.017134648848450815
1 0.7155716230233935 0.4979728939655989 0.014481226700071877 0.02194234115614326
1 0.21384635195351687 0.29184752688739335 0.009253510107740158 0.014618902414049182