1 0.08867846519207569 0.2267245920817738 0.031050808022724103 0.04425313852608658
1 0.1794509367509867 0.4820221091554791 0.015682879309688487 0.025131376955351052
1 0.2514352303180681 0.4562159160480803 0.017960745224873478 0.02290968337098648
1 0.30849252600742794 0.44111802297295566 0.023020398009888046 0.02808168081764196
1 0.31358795445993715 0.595164260763884 0.013153052917181239 0.02254537823202331
1 0.3955179156679823 0.6308562285243364 0.02453727168346403 0.03418237248699814
1 0.2646717165931482 0.5234504634463247 0.012901092439858913 0.017737685924331004
1 0.4257907386165456 0.7841917874126312 0.01410301551678199 0.017828762209071796
1 0.4447695473699925 0.787542259164471 0.009043362731767356 0.012656764762416318
1 0.5355011324517668 0.8608760788237949 0.012901092439858913 0.017737685924331004
1 0.25707546620235866 0.7826104666380055 0.02814304091423326 0.03445560134122051
1 0.5004836073148418 0.7067029019975402 0.010371266047351595 0.015151687201003265
1 0.2605092579076879 0.5800319243464501 0.01410301551678199 0.017828762209071796
1 0.41232439550633704 0.5385993118307748 0.01410301551678199 0.017828762209071796
1 0.6622409621484381 0.42987551897442333 0.014354975994104317 0.022636454516764104
1 0.18206074609537642 0.2723231046871262 0.00916934297042852 0.015060610916262472