1 0.29294250863000404 0.6565796358889772 0.02458390154482492 0.0475744477941951
1 0.40146606864811507 0.5262787170346838 0.02461187282720254 0.04997829394804125
1 0.2669345978798633 0.5151502709256528 0.029335651287761985 0.04290664504534178
1 0.3397920635435685 0.3501463342262206 0.021984256414335428 0.030677579937852455
1 0.20538477941538794 0.5350012944350707 0.026931805133915833 0.04283670026592235
1 0.5400516912304918 0.3956501848462112 0.02092218974930031 0.04266183831737344
1 0.49326144714293874 0.2836743661808979 0.014758732311608224 0.02926582252267089
1 0.5141565076751756 0.14120507826240786 0.018448415389510312 0.03658227815333863
1 0.2115499209837082 0.31515428852727684 0.01590471282377606 0.024493102604688295
1 0.31992857219804693 0.8172747424727805 0.016128483082796883 0.043723871835457666
1 0.012333321928746897 0.9033087061737161 0.02321415077363616 0.03311639848140839
1 0.12229824505461877 0.5458093533912515 0.014814674876363428 0.03407351483036326
1 0.1736732532561574 0.5737554738410786 0.02082429026097885 0.034248376778911904
1 0.1682658625079746 0.41849756257974313 0.01951048205454529 0.024598019773817644
1 0.23527985635070203 0.44569640101887403 0.017176564106643186 0.0305376903790136
1 0.29737427275622674 0.4823707345145504 0.0159606553885313 0.029300794912380742
1 0.31499753531559765 0.517751089590966 0.01837848718356623 0.030572662768723245
1 0.4223488276697912 0.178210638182928 0.01470278974685312 0.02445813021497858
1 0.4450874666430081 0.1872885751258749 0.017134607183076758 0.026931921148244234
1 0.3156557025167854 0.35786034797048705 0.014702789746852983 0.02445813021497865
1 0.2935455753317507 0.3980962295710961 0.01953845333692291 0.02700186592766366
1 0.4028375035499319 0.30508989849112783 0.017134607183076758 0.026931921148244234
1 0.43011810764825376 0.33714426345445225 0.010971149745384533 0.013535905353541612
1 0.4939319158546873 0.32938241549368463 0.011013106668950893 0.017141674584310842
1 0.5055875199530091 0.36098213939078216 0.011041077951328514 0.019545520738156998
1 0.5380114717475546 0.3643302400667917 0.01221502974587397 0.017176646974020625
1 0.5749354317436387 0.3942605379939479 0.014758732311608224 0.02926582252267096
1 0.5606784983841993 0.5862185064045426 0.018532329236643035 0.04379381661487709
1 0.4696408707095132 0.4537179400891993 0.014772717952796964 0.030467745599594035
1 0.5039643435097939 0.6038055733189535 0.013458909746363408 0.02081738859449964
1 0.5340823486388148 0.5986702676770819 0.011013106668950893 0.017141674584310842
1 0.5528969168951761 0.2216860901997528 0.01470278974685312 0.02445813021497865
1 0.33827015484993106 0.17095487859555286 0.014688804105664243 0.023256207138055575
1 0.5540996820374132 0.11832070558436823 0.014688804105664243 0.023256207138055505
1 0.26302282867356847 0.3346869474386424 0.009797197950839075 0.015904779117677983
1 0.23767140099398748 0.2401675548650279 0.013500866669929907 0.024423157825268868
1 0.3213584758605611 0.28107716060624915 0.014660832823286486 0.020852360984209353
1 0.4723269558830776 0.11954835231487412 0.014688804105664243 0.023256207138055505
1 0.5909257425451757 0.15666446504998602 0.01236887179895081 0.030397800820174473
1 0.4809353743328683 0.20636659297101367 0.011013106668950893 0.017141674584310842
1 0.37292928303874306 0.2921963579791532 0.012284957951818089 0.02318626235863601
1 0.43924399482203025 0.379491350264438 0.012243001028251727 0.01958049312786678
1 0.44489082560105075 0.3075158552078924 0.013458909746363545 0.02081738859449964
1 0.46284974354895286 0.31405005643815403 0.01104107795132865 0.019545520738156998
1 0.36629115586594546 0.24270767748704852 0.014688804105664243 0.023256207138055505
1 0.514754521985038 0.503123813975093 0.013444924105174803 0.01961546551757656
1 0.5151181486559469 0.47187381397509304 0.014618875899720125 0.01724659175344019
1 0.5492894635337788 0.42838188704081226 0.014688804105664243 0.023256207138055575
1 0.30065500397839734 0.923721310473288 0.007393351796992922 0.01583483433825842
1 0.31770569731434123 0.9049801546984553 0.014688804105664243 0.023256207138055575
1 0.448982724012172 0.6791548927050914 0.01232691487538445 0.02679203158940524
1 0.49726943170692717 0.6625249421396355 0.012298943593006829 0.02438818543555909
1 0.45448969837930453 0.6191986284177766 0.014660832823286486 0.02085236098420942
1 0.3389389394310515 0.4234636419185283 0.011097020516083753 0.024353213045849306
1 0.3538926286539889 0.4816105906770628 0.014730761029230603 0.026861976368824807
1 0.4476985712187442 0.47953074476673135 0.014688804105664243 0.023256207138055575
1 0.3993707486657367 0.3963661075578622 0.009811183592027817 0.017106702194601062
1 0.37438126352643647 0.4773974289944363 0.011013106668950893 0.017141674584310842