1 0.3080190298315344 0.6706056096467352 0.02458390154482492 0.048696525694815855
1 0.4134377775057311 0.5452979374502039 0.02461187282720254 0.05110037184866187
1 0.27873847904321364 0.5278858550976973 0.029335651287761985 0.04425313852608658
1 0.3477079364564315 0.36619204820509604 0.021984256414335428 0.03168745004841105
1 0.21769214366153514 0.5448755799605325 0.026931805133915833 0.044070985956605
1 0.5488906164618158 0.4210652492952691 0.02092218974930031 0.04361560453290103
1 0.49952701439552283 0.30684527482871454 0.014758732311608224 0.02993906926304329
1 0.5170934923248244 0.165273649230721 0.018448415389510312 0.03742383657880413
1 0.21873854055475334 0.3251968857378317 0.01590471282377606 0.025222453240091845
1 0.3387252739557992 0.8326472097112835 0.016128483082796883 0.04445322247086107
1 0.03333975499433003 0.9043746801793058 0.023214150773636158 0.03418237248699814
1 0.13491329340691968 0.5518124701595719 0.014814674876363428 0.03474676157073567
1 0.18690366982076567 0.5821710580957336 0.02082429026097885 0.035202142994439495
1 0.17788798364587155 0.42657652346421193 0.01951048205454529 0.025495682094314222
1 0.24548937441852872 0.45691718002508064 0.017176564106643186 0.03132314490944802
1 0.308394958013004 0.49650891606237085 0.0159606553885313 0.030030145547784153
1 0.3268293877613254 0.5327308295642518 0.018378487183566196 0.03141422119418881
1 0.4262088646379011 0.19801531312888265 0.01470278974685312 0.025131376955350983
1 0.44914330258776114 0.20815922407741916 0.017134607183076758 0.02771737567867872
1 0.32376737440629155 0.3727839840487418 0.014702789746852983 0.025131376955351052
1 0.3026082708220955 0.41200999553879225 0.01953845333692291 0.027899528248160374
1 0.4096624964500681 0.32405301501161704 0.017134607183076758 0.02771737567867879
1 0.4376703538902078 0.35739776956065517 0.010971149745384533 0.01404084040882098
1 0.5012603918376204 0.3526094280365323 0.011013106668950893 0.01764660963959021
1 0.5136432492777601 0.38477019088394016 0.011041077951328514 0.020050455793436363
1 0.5461231436370608 0.38963309672578755 0.01221502974587397 0.017737685924331004
1 0.5837184144102074 0.4213026153989058 0.014758732311608224 0.029939069263043357
1 0.5739368862311853 0.6126995448591902 0.018532329236643035 0.044635375040342526
1 0.4798783600597175 0.47587897862645734 0.014772717952796964 0.031140992339966436
1 0.5176702718748215 0.6276497287071424 0.013458909746363408 0.021434531439841028
1 0.5476484205919545 0.6239170204410467 0.011013106668950893 0.01764660963959021
1 0.557680006181747 0.24760608970409004 0.01470278974685312 0.025131376955351052
1 0.34201830668853045 0.1868322808893352 0.014688804105664243 0.023929453878427973
1 0.5564772410395099 0.14424070508870546 0.014688804105664243 0.023929453878427938
1 0.2706310174802777 0.3471420121355318 0.009797197950839075 0.016353610277926343
1 0.2430978297752433 0.2513883338712345 0.013500866669929907 0.02504030067061019
1 0.3276799856779004 0.29622521226462806 0.014660832823286486 0.02152560772458182
1 0.47478842873230703 0.1416532869571011 0.014688804105664243 0.023929453878427907
1 0.5941704113009781 0.18432368530028526 0.01236887179895081 0.03095883977048485
1 0.48541077951328554 0.22892035877348896 0.011013106668950893 0.017646609639590142
1 0.3794745631151031 0.3097568771238665 0.012284957951818089 0.023747301308946388
1 0.44777523594720053 0.40019368753088913 0.012243001028251727 0.020141532078177156
1 0.4517437897835646 0.3284426080544676 0.013458909746363545 0.021434531439841028
1 0.4698425641433548 0.33581836771019485 0.01104107795132865 0.020050455793436363
1 0.37168961336482376 0.2599315732615757 0.014688804105664243 0.023929453878427907
1 0.5261108626303467 0.5274168005235302 0.013444924105174803 0.020232608362917952
1 0.5257472359594377 0.4961668005235303 0.014618875899720125 0.01791983849381259
1 0.5588836133892982 0.4542457826501185 0.014688804105664243 0.023929453878427973
1 0.3219411498677565 0.9382522192863255 0.007393351796992922 0.016171457708444754
1 0.33854430268565877 0.9202965180419274 0.014688804105664243 0.023929453878427973
1 0.46447881444936645 0.700474372816884 0.01232691487538445 0.02735307053971562
1 0.5123459529084575 0.6860885780526692 0.012298943593006829 0.024949224385869464
1 0.46858722469761854 0.6407425241096932 0.014660832823286486 0.02152560772458182
1 0.3485610605689485 0.43950935589740375 0.011097020516083753 0.02485814810112867
1 0.3648573713460111 0.49838565529134166 0.014730761029230603 0.027535223109197204
1 0.4585514287812558 0.5006819131934308 0.014688804105664243 0.023929453878427973
1 0.408321559026571 0.41521701628828933 0.009811183592027817 0.01755553335484942
1 0.38523412108894817 0.4951262598242427 0.011013106668950893 0.01764660963959021