1 0.334432443549951 0.6250674672763415 0.026495076192354087 0.048696525694815855
1 0.4344116941504106 0.4835482163959499 0.026621056431015252 0.05110037184866187
1 0.29941836881904255 0.4865372218253797 0.03105080802272407 0.04425313852608658
1 0.36157620377055366 0.3140964133333655 0.02320936836787979 0.03168745004841105
1 0.239254114043916 0.5128167277317752 0.028646961868877916 0.044070985956605
1 0.5643760315546166 0.33855013532011546 0.02263734648426253 0.04361560453290103
1 0.5105040174992804 0.2316162636328239 0.015934839787010883 0.029939069263043357
1 0.5222389625297107 0.08713019692312517 0.019918549733763467 0.03742383657880413
1 0.2313326914371894 0.2925915758006298 0.016884802386611567 0.025222453240091775
1 0.37165628326707173 0.7827374056733318 0.017892644295900803 0.04445322247086107
1 0.07014211807880281 0.9009137813591557 0.024537271683464066 0.03418237248699814
1 0.15701431304886007 0.5323221452250434 0.016186800264333143 0.03474676157073567
1 0.21008278798182511 0.5548481726734973 0.022196415648948527 0.035202142994439495
1 0.194745524126642 0.400346553458865 0.020490571617380864 0.025495682094314222
1 0.26337600894027646 0.4204866661287655 0.018401676060187482 0.03132314490944802
1 0.3277027224008632 0.4506064685530138 0.01713676286393396 0.030030145547784153
1 0.3475582820152962 0.48409609351267124 0.01960359913711056 0.03141422119418881
1 0.432971482621466 0.13371545610188657 0.015682879309688556 0.025131376955350983
1 0.45624895191831843 0.14039846823027316 0.018212705702195874 0.02771737567867872
1 0.3379786730674062 0.32433140056664284 0.015682879309688556 0.025131376955351052
1 0.3184857217400304 0.36683615830736155 0.02061655185604203 0.027899528248160374
1 0.4216195891166611 0.2624854465268445 0.018212705702195874 0.02771737567867872
1 0.45090156298848694 0.2916406919778064 0.01151019900494409 0.014040840408820912
1 0.5140995651107654 0.27719826427116 0.011699169362935836 0.01764660963959021
1 0.5277565389825912 0.3075375014237522 0.011825149601597 0.020050455793436363
1 0.5603344422981754 0.3074822878895971 0.012901092439858913 0.017737685924331004
1 0.5991058205467247 0.33350507690878656 0.015934839787010883 0.029939069263043357
1 0.5971650088703865 0.5267235320638867 0.02029649044974696 0.04463537504034266
1 0.49781399905960705 0.40392871368123495 0.01599782990634133 0.031140992339966436
1 0.541682466164291 0.550234886677473 0.014291985874773597 0.021434531439841028
1 0.571415592490715 0.5419483641743379 0.011699169362935836 0.01764660963959021
1 0.5660597719439905 0.16345160260360225 0.015682879309688556 0.025131376955350983
1 0.3485849067595283 0.1352831037260494 0.015619889190357839 0.023929453878427907
1 0.5606426216815608 0.06008621798821763 0.015619889190357839 0.023929453878427907
1 0.2839602355348404 0.30670414171062205 0.010434256166682178 0.016353610277926343
1 0.2526046985347476 0.2149578199749194 0.01448095623276541 0.02504030067061019
1 0.3387549977379415 0.24704401850460272 0.015493908951696812 0.02152560772458182
1 0.47910082280878324 0.06988517458136043 0.015619889190357839 0.023929453878427924
1 0.599854930765424 0.0945224685458686 0.013593983752495174 0.030958839770484782
1 0.49325149601596946 0.15569502584189568 0.011699169362935836 0.017646609639590142
1 0.39094161100027836 0.2527431228761335 0.013216043036511685 0.02374730130894632
1 0.46272160178044186 0.3329793893921878 0.013027072678520076 0.020141532078177156
1 0.4637498869282994 0.26049969963784003 0.014291985874773734 0.02143453143984096
1 0.48209368367879846 0.26514317075134364 0.011825149601597 0.020050455793436298
1 0.3811474776461862 0.20401073443073203 0.015619889190357839 0.023929453878427907
1 0.5460066807559071 0.4485447379380082 0.014228995755443154 0.020232608362917952
1 0.5443689376533121 0.4172947379380082 0.015304938593705067 0.01791983849381259
1 0.5756921493919269 0.3702734481191123 0.015619889190357839 0.023929453878427973
1 0.35923355773364707 0.8910747037905976 0.008030410012836024 0.016171457708444754
1 0.3750526389012809 0.8705688665734572 0.015619889190357839 0.023929453878427973
1 0.4916272953399096 0.6312563964138853 0.01340501339450343 0.02735307053971562
1 0.5387593666268741 0.6095844988704076 0.013279033155842402 0.024949224385869464
1 0.49328548168107306 0.5707959374287683 0.015493908951696675 0.02152560772458182
1 0.365418601049719 0.3874137210256732 0.012077110078919326 0.02485814810112867
1 0.38406712677758664 0.44392203701635063 0.01580885954834972 0.027535223109197204
1 0.47756516630026447 0.4320103944988769 0.015619889190357839 0.023929453878427973
1 0.4240029920319389 0.35401375294247994 0.010497246286012759 0.01755553335484942
1 0.4042478586079567 0.437566047868065 0.011699169362935836 0.01764660963959021