0 0.04310882118333998 0.49851486066070677 0.049300956716764495 0.04430652637248796
0 0.1554472255725422 0.4740779079985185 0.030922386665820794 0.03144758859818954
0 0.23639574040290542 0.45590413978613975 0.049545763444732764 0.05271998791094937
0 0.25437111669478796 0.6219078186053617 0.04409570629547342 0.07167085480669619
0 0.1740263812256175 0.5368281631363649 0.0513550789735131 0.03239925653726608
0 0.15752707148287365 0.5676039861305006 0.023256207138055505 0.01548670579616248
0 0.17468160789397594 0.5968123560485098 0.04046782650178592 0.02949158618037947
0 0.39670976379056594 0.556463873196604 0.03834375946561781 0.03899500986175507
0 0.3784968069520441 0.6461339269599702 0.03332623281966695 0.03155954953219856
0 0.7731307699418746 0.4489097171889718 0.03813392512735939 0.031783471400216604
0 0.4304407809051606 0.7997528450107583 0.03552024463525454 0.02445997200466912