0 0.08103616243318656 0.499187263298553 0.05003623942208076 0.04374619084094943
0 0.19191932111496063 0.47605309074719176 0.03144758859818954 0.031097378890977943
0 0.2717764016647527 0.45881788455014 0.05042810269111237 0.05215965237941097
0 0.3023942250399175 0.6250877227468428 0.045314174778569014 0.07118056121660005
0 0.21531897817389173 0.5390414884859421 0.05188028090588185 0.03181090422915075
0 0.20109348984900438 0.5696352024323276 0.023508304065592515 0.015220546418681816
0 0.22052184767796318 0.5990536981746639 0.04095101227956514 0.029029309366860136
0 0.44027618215669667 0.5612827587678351 0.03899500986175507 0.0385607498248128
0 0.4287937367150301 0.6507707034834513 0.0338514347520357 0.03118132304840989
0 0.8098757240544358 0.4580852115179149 0.038659127059728 0.031349211363274204
0 0.4925615820410005 0.8050480157837973 0.03591939810385479 0.024053728744303927