0 0.031425427931456515 0.5005306122998605 0.050281577253493324 0.042626733339859814
0 0.1442121159945919 0.47999917843853257 0.031622829906341396 0.030397717952796964
0 0.22549684358040503 0.46463906355580575 0.05072250808880737 0.05104019487832135
0 0.2395777554549931 0.6314406440655262 0.04572073461348129 0.07020103590314647
0 0.16130633197776356 0.5434633456152459 0.05205552221403371 0.030635473853006665
0 0.1441065789944991 0.5736932358737773 0.02359241989350541 0.014688804105664243
0 0.1605606721650808 0.6035315281790221 0.04111223428306485 0.02810575692846129
0 0.3832892713021915 0.5709100932772053 0.03921230908386328 0.03769317026146828
0 0.3630030024717286 0.6600342143049674 0.034026676060187486 0.030425689235174722
0 0.7618116071750618 0.4764163280982566 0.03883436836787979 0.030481631799929822
0 0.4113046715741381 0.8156268891690938 0.03605258149805014 0.023242122056013743