0 0.41862799075438506 0.7209552831065125 0.013871522851892757 0.037644311671422716
0 0.40185246378369543 0.37929437775297087 0.027029737762007337 0.034423238727460816
0 0.306495844153013 0.4221696634992674 0.013745644979814222 0.030432773209884252
0 0.05299224338016168 0.21417425259348455 0.018280601898003155 0.014947662768723245
0 0.30241027284809047 0.6010463676225473 0.017162597402465722 0.01972038268670591
0 0.09075201672972785 0.5192050455771864 0.02323515172312037 0.023501013866023775
0 0.08191014922334637 0.3567705682440222 0.019797219655122465 0.033011481312279045
0 0.10517844717616795 0.24452421919715783 0.013766624625160633 0.03163469628680733
0 0.5892895248476562 0.38114430131692334 0.022138126872929383 0.02947565686092938
0 0.6339197027955896 0.25390245528483457 0.026903859889928803 0.027211700265922286
0 0.7394642407581873 0.1752842287382335 0.024562952672121916 0.03074752471727202
0 0.5793323826145514 0.4301083959633817 0.017120638111772897 0.017316536532859753
0 0.424023113131777 0.7547490188191976 0.02205420829154374 0.02466796455323707
0 0.40391728208863575 0.6352340483581667 0.018469418706120885 0.025764970461030802
0 0.31347325299237777 0.6842588390479177 0.017225536338504953 0.023326151917474867
0 0.3352614329411444 0.14310081348806358 0.013514868881003669 0.017211619363730408
0 0.5002450486974307 0.579172581155426 0.013682706043774955 0.026827003979115024
0 0.6017161819394604 0.5424817727422937 0.020768366633234885 0.01982529985583498
0 0.40527214597516104 0.5752078392914324 0.01724651598385143 0.024528074994398078
0 0.39944253433767185 0.447699075968457 0.018427459415427998 0.023361124307184785
0 0.395723053819179 0.303433334347978 0.02205420829154374 0.02466796455323714
0 0.3049135576910403 0.19387422366330226 0.017351414210583452 0.030537690379013462
0 0.35030508616362216 0.04142696540553862 0.017183577047812166 0.020922305763628878
0 0.13737588474011983 0.024419544734604344 0.011152982017850336 0.019545520738157022
0 0.2703867557390873 0.7622917837055798 0.014716791957926745 0.01724659175344019
0 0.4356288342862569 0.662585638182928 0.017141617757119414 0.01851845960978283
0 0.4378289672788163 0.5821617091982112 0.013514868881003669 0.017211619363730408
0 0.35144617631877123 0.7262083677443046 0.013556828171696421 0.01961546551757656
0 0.2953097159054615 0.5383715056739985 0.017120638111772897 0.017316536532859753
0 0.2744276379845028 0.37438538136681376 0.014632873376541101 0.012438899445747883
0 0.33498261425946363 0.19595045648296922 0.014884629120698033 0.026861976368824737
0 0.4552101741957377 0.752052531720882 0.013745644979814222 0.030432773209884252
0 0.5690903384075886 0.6003967765996513 0.01733043456523694 0.029335767302090386
0 0.5468053540172344 0.5625076582002604 0.017120638111772897 0.017316536532859753
0 0.6402947852120857 0.41266121860780997 0.02213812687292952 0.02947565686092938
0 0.5797072864619728 0.24511715928635713 0.01855333728750653 0.030572662768723245
0 0.36294091595434164 0.6965100147183254 0.017183577047812166 0.02092230576362871
0 0.47924863573419935 0.7527519795150771 0.017225536338504918 0.023326151917475137
0 0.5057329027171998 0.755925218242538 0.014779730893966012 0.02085236098420915
0 0.32394334352933696 0.32056576019616195 0.013577807817042934 0.02081738859449964
0 0.44948000124735216 0.21730167965924208 0.01973428071908323 0.029405712081509952
0 0.7106208166808478 0.38107074344683933 0.021991269355504474 0.02106219532246784
0 0.5080169542911448 0.6803089815655133 0.013619767107735688 0.023221234748345792
0 0.5443115059898251 0.6261046641080541 0.01724651598385143 0.024528074994398012
0 0.5978464903801795 0.6649030646398988 0.017225536338504918 0.023326151917475137
0 0.6765710870342339 0.5638808301350677 0.017351414210583452 0.030537690379013462
0 0.6994617513708199 0.4299998657035879 0.02215910651827576 0.030677579937852455
0 0.7766216876848848 0.37698460949626045 0.023277111013813332 0.02590486001986993
0 0.7985141421058345 0.32356254643920734 0.019545463910965566 0.01858840438920226
0 0.45118816558140346 0.4528086579567457 0.017120638111772897 0.017316536532859753
0 0.3717922202762637 0.5153693540000381 0.013514868881003669 0.017211619363730408
0 0.48307636800278747 0.6279268414636259 0.013472909590310915 0.014807773209884254
0 0.23638233890652952 0.6724052214911087 0.014716791957926745 0.017246591753439917
0 0.16028082167532595 0.4419414934931388 0.012333925449426967 0.0183785700509437
0 0.22221437125097274 0.41130813468112304 0.00870717657331136 0.017071729804891415
0 0.17316630119593712 0.4230954205491769 0.012333925449426967 0.0183785700509437
0 0.25321534527562994 0.6044201919521396 0.008749135864004182 0.01947557595873743
0 0.44902390858735947 0.6041110760902144 0.013514868881003669 0.017211619363730408
0 0.4722110177276096 0.6936828867972976 0.011215920953889534 0.02315128996892623
0 0.5017285202248487 0.7329837626118701 0.01828060189800322 0.01494766276872311
0 0.14957784902529095 0.10406121931891521 0.022075187936890117 0.025869887630160217
0 0.16198079670293458 0.057570915605722514 0.012354905094773412 0.01958049312786678
0 0.6942913218000611 0.4779019268319622 0.017141617757119414 0.01851845960978283
0 0.60064286650343 0.7562841908757624 0.012459803321505501 0.025590108512482165
0 0.561759005366149 0.5245007608049487 0.013556828171696421 0.01961546551757656
0 0.6235186344868471 0.5527266603724539 0.013535848526350182 0.018413542440653484
0 0.6072019299449644 0.030882210649579973 0.018322561188695977 0.0173515089225694
0 0.39532381680304807 0.7623231430046251 0.014863649475351655 0.025660053291901727
0 0.29100826485489734 0.7737036220229534 0.01231294580408059 0.017176646974020625