0 0.3690858295949587 0.7020434952575271 0.015173847545401742 0.037490391483425936
0 0.3761577157925353 0.3608861582194909 0.028206031033563842 0.03411539835146726
0 0.27761024510412724 0.4082376067702811 0.014795906829418252 0.03027885302188748
0 0.038129595032333784 0.2118802191561816 0.0187847275858131 0.014737771603273121
0 0.26101317886233255 0.587450023103898 0.017834764986212316 0.019524484265619053
0 0.05464501791862054 0.5154003071933668 0.024033350728819444 0.023235151723120302
0 0.05713906864363323 0.3532455900354835 0.02093150245269485 0.03278759740246565
0 0.08830052447609223 0.23982424825243956 0.014858896948748902 0.03148077609881055
0 0.563846686150527 0.35400756431468083 0.023146378248549346 0.029223787462389312
0 0.617461628918899 0.22458358891540142 0.02782809031758049 0.026903859889928803
0 0.7287161108795321 0.14098563124880123 0.025613214521725942 0.03046766983000521
0 0.5504467835656656 0.40347522727664475 0.01770878474755122 0.017120638111772897
0 0.3721297985613949 0.7356134228299875 0.02289441777122702 0.02441609515469714
0 0.36033697422127603 0.616937732894799 0.019351638659788232 0.02555507929558088
0 0.26628224524390726 0.670214878248819 0.01802373534420406 0.023130253496388285
0 0.32594078906199814 0.12760209977750447 0.01410301551678199 0.01705769917573363
0 0.4607792592992435 0.5563441508525087 0.014606936471426643 0.026673083791118248
0 0.5650213947756142 0.5148974194596019 0.021440534216981614 0.019587423201658318
0 0.365890326341651 0.5567996197579524 0.018086725463534712 0.02433217657331136
0 0.36896150975992315 0.4294587125401455 0.01922565842112707 0.02315123314173466
0 0.37531840100266944 0.2852489229547227 0.02289441777122702 0.024416095154697004
0 0.2919822139307832 0.17983026286420356 0.01840167606018755 0.030341791957926745
0 0.3481218722820204 0.025144923204193127 0.01789775510554283 0.020726407342542122
0 0.13594839874061096 0.018041012738200954 0.01182514960159693 0.019419586038886973
0 0.21765374352193526 0.7503180482035595 0.015304938593704999 0.017078678821080145
0 0.39020119159600325 0.6428345698080999 0.017771774866881664 0.018322561188695977
0 0.3980272988219212 0.5622427847182145 0.01410301551678199 0.01705769917573363
0 0.301400196571283 0.7104298938584647 0.014228995755443154 0.019461545329579784
0 0.25827904968290727 0.5250549213306301 0.01770878474755115 0.017120638111772897
0 0.24881685975801976 0.36190807754928783 0.01505297811638274 0.012270986513387701
0 0.3219673007345296 0.18050769480746626 0.01580885954834972 0.026694063436464625
0 0.40356876891938664 0.7314621828202115 0.014795906829418252 0.03027885302188748
0 0.5282810327745697 0.5743790802985322 0.01833868594085704 0.02913986888100367
0 0.5085991110892022 0.5374970985301524 0.01770878474755122 0.017120638111772897
0 0.6127527023980318 0.3831744961332083 0.023146378248549346 0.029223787462389447
0 0.563753031173344 0.2183161344944517 0.01960359913711056 0.030362771603273123
0 0.31499418032377824 0.6801720204819237 0.017897755105542864 0.02072640734254213
0 0.42760723045784815 0.7310425899132831 0.01802373534420399 0.02313025349638801
0 0.4539235579114947 0.7329848838695081 0.015493908951696812 0.020684448051849377
0 0.3021951744779956 0.3057384709062768 0.014291985874773667 0.020663468406502863
0 0.4352051412522632 0.19654347465340297 0.02074253209470319 0.02918182817169649
0 0.6854298872777497 0.34828285090392364 0.022705447413235137 0.020810325923927772
0 0.4614977046600904 0.657200791087315 0.014417966113434898 0.023067314560349016
0 0.5016548655339123 0.6012619605431146 0.018086725463534712 0.02433217657331136
0 0.5525867872192798 0.6375984715324877 0.01802373534420399 0.023130253496388285
0 0.6385327836355557 0.5328274506788934 0.018401676060187482 0.030341791957926745
0 0.6708280616159651 0.397771493511234 0.02320936836787979 0.030425710539312388
0 0.7518506071051717 0.3411193550252554 0.02415933096748054 0.025638997876966458
0 0.7775217009365861 0.28663420330213507 0.02017562102072782 0.018364520479388798
0 0.42045523170962373 0.4321623570210189 0.01770878474755122 0.017120638111772897
0 0.3365249191119263 0.4984718394130749 0.01410301551678199 0.01705769917573363
0 0.4401678182528437 0.6059376916865511 0.013977035278120827 0.014653853021887478
0 0.18986308927547496 0.6619421909356049 0.015304938593704999 0.017078678821080145
0 0.12971582733290024 0.4348355850410052 0.012964082559189426 0.018238642607310333
0 0.19391656055482587 0.40129272040606856 0.009295323209089613 0.01697378059434799
0 0.14394482308834336 0.41537403971142545 0.012964082559189426 0.018238642607310333
0 0.2114823722311641 0.5931178808707933 0.009421303447750846 0.01937762674819414
0 0.4077107843662785 0.5836885832947123 0.01410301551678199 0.01705769917573363
0 0.4246841309204311 0.6722532573707845 0.012014119959588608 0.023025355269656263
0 0.45151460094800644 0.7102112843440089 0.018784727585813135 0.014737771603273258
0 0.14260835855710047 0.09717911900700629 0.022957407890557533 0.02561801823162008
0 0.15828612705714684 0.05007334290819572 0.013027072678520058 0.019440565684233375
0 0.6622988414581266 0.44595331481488915 0.01777177486688194 0.018322561188695977
0 0.5490014612270789 0.7289236457332952 0.013342023275172848 0.025450181068848658
0 0.5262397949077807 0.49876282467911043 0.014228995755443154 0.019461545329579784
0 0.5861520892055849 0.524135170458751 0.014166005636112434 0.018259622252656708
0 0.6062782625335175 0.0055986209123868695 0.018910707824474297 0.011197241824773739
0 0.34284271387992693 0.744530395856763 0.015745869429019003 0.025492140359541685
0 0.23751952475565236 0.7607787019249781 0.012901092439858845 0.01703671953038712