0 0.4641361515418276 0.6854732473499348 0.01626262960513126 0.03802965990645427
0 0.4254550014124368 0.34475712993073976 0.02918944708751316 0.03519393519752366
0 0.33302941586636936 0.39603053064900734 0.01567395687758723 0.03081812144491554
0 0.06664469161639443 0.20987021867034936 0.01920619160893418 0.015473137634675145
0 0.3404365834721738 0.5755370933951851 0.018396717017040487 0.020210825894927655
0 0.12391898137142322 0.512066647851011 0.024700668765427817 0.024166615362896292
0 0.10466422961706764 0.350157052703595 0.021879796504717292 0.033571987835961235
0 0.12068207483426277 0.2357061984765882 0.01577206899884457 0.03202004452183875
0 0.6126606650486648 0.3302307292993486 0.0239893062947915 0.03010622670007174
0 0.64903766807413 0.19889480221842393 0.02860077435996927 0.027982396735985127
0 0.749337197674785 0.11093367276550502 0.026491264569894923 0.03144815787187462
0 0.6058659543279078 0.3801396118801537 0.018200492774525675 0.017806979741081363
0 0.47169098324472525 0.7188470773140211 0.02359685780976215 0.02529853439237957
0 0.44394903708640293 0.6009067534102349 0.020089200700250186 0.02629044532698284
0 0.3568217044543145 0.6579097533233583 0.018691053380812433 0.023816595125696748
0 0.3438231377672565 0.1140223403976137 0.014594723543756443 0.01759696759876183
0 0.5364973123755628 0.5363421947983735 0.015379620513815149 0.027212352214146442
0 0.6354230739125323 0.49072838922752193 0.02200248624780972 0.020420838037247188
0 0.4414472771773823 0.5406705914692013 0.01878916550206984 0.025018518202619824
0 0.42744162309333567 0.4134767574576748 0.01989297645773551 0.023886599173136822
0 0.4144662454655324 0.26931599227434544 0.02359685780976215 0.025298534392379432
0 0.3167919589813219 0.167525137938743 0.019279726108356463 0.031028133587235277
0 0.3523105305373061 0.010878822194993785 0.018494829138297756 0.021412748971850686
0 0.13868713683060546 0.012452230899545542 0.012387101632425034 0.019860805657728183
0 0.31882595061114477 0.7398268261555572 0.015796646620679658 0.017666971646201766
0 0.4773575037540643 0.6255289558691056 0.01829860489578308 0.01900890281800444
0 0.47438976086059215 0.5447900975729397 0.014594723543756443 0.01759696759876169
0 0.3974171319616793 0.6966050124681066 0.014790947786271257 0.020000813752608117
0 0.329325137782177 0.5133871136323845 0.01820049277452581 0.0178069797410815
0 0.2979530431373333 0.3509756358824443 0.015404198135650304 0.012859279338509456
0 0.34693814802565615 0.16697695982966895 0.016581543590738226 0.027282356261586312
0 0.5026466468809533 0.7134212028498149 0.01567395687758723 0.03081812144491581
0 0.6065767217002954 0.5515827333250694 0.01918161398709919 0.02982621051031213
0 0.5819006305567028 0.5155831907943719 0.018200492774525675 0.0178069797410815
0 0.6655942373108673 0.3573386362299504 0.0239893062947915 0.03010622670007174
0 0.5943624568850475 0.19483344589168022 0.02048164918527954 0.031098137634675213
0 0.4069835596994767 0.6658568950706308 0.018494829138297756 0.021412748971850595
0 0.5266851084194148 0.7120211219010173 0.018691053380812433 0.023816595125696748
0 0.5533236403542372 0.7128848790111861 0.016090982984451604 0.021272740876970994
0 0.3439206547902651 0.2927470043515077 0.014889059907528526 0.021202736829531058
0 0.4625925221522085 0.17835542147672617 0.021585460140945346 0.029966218605192003
0 0.7337605594541236 0.3195545512771511 0.023302521445990064 0.02169276516161034
0 0.5507483459457944 0.6369537130227125 0.015085284150043203 0.023606582983377075
0 0.5834948037525722 0.5794951260136146 0.01878916550206984 0.025018518202619824
0 0.6394208948961649 0.6136745633108751 0.018691053380812568 0.023816595125696748
0 0.7115120986218805 0.5056189075170182 0.019279726108356463 0.03102813358723521
0 0.7257639256564434 0.3695334379053961 0.02408741841604877 0.031308149776994816
0 0.799375768078606 0.3096947132833421 0.024896893007942494 0.026570461516742413
0 0.8177972610835644 0.25427809792044587 0.02070245104962937 0.01914891091288431
0 0.4794186517647999 0.414072352648529 0.018200492774525675 0.017806979741081363
0 0.4041878601588499 0.4836664699808474 0.01459472354375658 0.01759696759876183
0 0.5224910631932673 0.586671101663818 0.014398499301241903 0.015193121444915674
0 0.27911373056117894 0.6527746277441262 0.015796646620679658 0.017666971646201766
0 0.1883570429069007 0.4286094859751347 0.013490912588090773 0.01872888662824497
0 0.24820801563295264 0.39251735243133773 0.009787031236064204 0.01731695140900222
0 0.20000840281293716 0.40860867222252684 0.013490912588090773 0.01872888662824497
0 0.29155018580335695 0.5832149516479126 0.009983255478578949 0.019720797562848374
0 0.4869730867355318 0.5657946765305962 0.014594723543756443 0.01759696759876183
0 0.51586799909319 0.6534769113689861 0.012681437996197049 0.023466574888497203
0 0.5478537408195786 0.6902583526919671 0.019206191608934213 0.015473137634675008
0 0.15597984452589725 0.09114911754950966 0.023694969931019418 0.02650045746930251
0 0.16537462564301506 0.04350407302767094 0.013589024709348111 0.019930809705168077
0 0.7236787951221216 0.4179603812195186 0.018298604895782944 0.01900890281800458
0 0.6480793391886456 0.7049507131095891 0.014079585315634802 0.02594042508978343
0 0.594386042676468 0.47621159971611493 0.014790947786271257 0.020000813752607982
0 0.6578425862672064 0.4990837009889886 0.014692835665013714 0.018798890675684906
0 0.44353161424737275 0.7289406359910401 0.016483431469480954 0.026080433184663302
0 0.34014165201015306 0.7494540650413868 0.013392800466833367 0.01752696355132189