0 0.3743189907102734 0.19944005281079313 0.02719818912427467 0.015654647197176012
0 0.8925503496486464 0.6849575033444117 0.03877137824854934 0.030581548323293524
0 0.5171554161001113 0.48797727715446937 0.029791005636112436 0.01937237736195426
0 0.5346564476547278 0.8678969303961708 0.02738715948226642 0.019260416427945105
0 0.3963620820699592 0.9189177988818517 0.04560497599410432 0.023705892663782126
0 0.11865154037414681 0.37882306324409204 0.038393437532565786 0.023370009861755064
0 0.2620088795511811 0.8842102656369627 0.038393437532565855 0.023370009861755064
0 0.14632975680848115 0.792004699370608 0.027135199004944058 0.01445272412025307
0 0.12162906881523579 0.6425480412932866 0.03225784190928924 0.020686261372886223
0 0.8454523936255511 0.2690657854591988 0.022768437532565855 0.0226422637906965
0 0.31925693560092366 0.3212854412434076 0.03934340013216657 0.018618298021067268
0 0.3875843518408149 0.5675084166842772 0.029979975994104315 0.02297814659272363
0 0.18754586768801326 0.6358633463772694 0.034787668301796554 0.02320206846074167
0 0.2080159960668257 0.7505761961578307 0.03276176286393383 0.03030164598827084
0 0.7343766604036256 0.2417080848796857 0.03902333872587167 0.035389240630985835
0 0.43514892234620023 0.026722031878377954 0.04035635285109794 0.01506850925730253
0 0.15549066816201648 0.277104131514319 0.0409232639250731 0.025885816949610237
0 0.37180270674430127 0.7031874301727474 0.04623487718741 0.035725123433012894
0 0.16679490397641702 0.07898109849285327 0.032509802386611567 0.025493953680578677
0 0.3353705241266421 0.39885063657336245 0.027324169362935836 0.018058493351022165