0 0.3529042851699582 0.22056981748517254 0.027114073296361816 0.014730761029230603
0 0.8208110860885907 0.7347034062698548 0.03860314659272363 0.02927970872300661
0 0.46659291690770044 0.5165234492973396 0.029685860851221362 0.018364501542377454
0 0.44649924318043044 0.8963031703226544 0.02728201469737521 0.018336530259999834
0 0.3038029659012638 0.939138004149718 0.04547880225223496 0.02215208410860087
0 0.08069992333325499 0.3845602841159434 0.0382672637906965 0.02206817026146842
0 0.17349476331787853 0.896734199003565 0.0382672637906965 0.022068170261468147
0 0.06745225806832042 0.798091750783426 0.027058092829357235 0.013528837952307526
0 0.057622893366960554 0.647655567191398 0.032145687472072096 0.01959439590167815
0 0.8149959235237696 0.31734240011258225 0.022642263790696296 0.021886356926013824
0 0.2860641420134352 0.3388469343999282 0.039245264999601535 0.01727446359496472
0 0.32976464688196405 0.58828835081769 0.02985380225223489 0.021970270773146686
0 0.1238966039987433 0.644819008226013 0.03466149455992727 0.022026213337901786
0 0.13294555608938768 0.7603714513048941 0.03259353120810811 0.029209780517062765
0 0.7071323961328912 0.28361778368747803 0.03882706846074167 0.03408740103069906
0 0.4305090694791319 0.05190983082796933 0.04027924667551101 0.013682680005384366
0 0.12741360978693667 0.2852901661729362 0.040783070878551674 0.024499987697692058
0 0.30065829611592093 0.7226380082504874 0.04603860692228 0.03417131487783164
0 0.158229021760291 0.08842652309895004 0.03236960934009008 0.024402088209370423
0 0.2944446424273731 0.4171117908118162 0.027226034230370767 0.017134607183076758