0 0.3717961994730696 0.23113648680823556 0.027030003041794395 0.015500518397135834
0 0.8840989990040138 0.7595805648417018 0.03843500608358852 0.030364366832327613
0 0.5111988256789357 0.5307989495748552 0.02958077303301219 0.01920423685281956
0 0.5242709570615725 0.9105086926576329 0.02717692687916604 0.019106287627905134
0 0.3854580177224897 0.9492498168462917 0.04535269687038397 0.02344667604553271
0 0.11418059368154683 0.3874293797599539 0.03814115840884544 0.023152828370789427
0 0.2515813424374056 0.9029972248606123 0.03814115840884537 0.023152828370789153
0 0.13703747575144737 0.8011357912837785 0.02698102842933718 0.014298595320212826
0 0.11408872611737124 0.6502097620939927 0.03203359379931556 0.020504109154657064
0 0.8418644238659726 0.3414847902877924 0.022516158408845507 0.022516158408845372
0 0.31534660918325785 0.34762916618830175 0.039147183035939594 0.018394110675554194
0 0.38077281550036485 0.598680075284411 0.02972769687038397 0.022810006083588793
0 0.18004757151076883 0.6492975965483709 0.034535389178076144 0.023005904533417647
0 0.19917221122973924 0.765269907282473 0.032425390698973405 0.03011949377004168
0 0.7311671093296274 0.30457617747726196 0.03863090453341765 0.035172059140020126
0 0.43460231757813944 0.06450586048460072 0.04020218227549103 0.014837316057242247
0 0.1521830085399049 0.2893838758113414 0.040642953787606025 0.02565462374954994
0 0.36342143363403545 0.7323649422631083 0.04584244299495611 0.03546590681476348
0 0.16578578748153555 0.09315003422018682 0.03222949224914448 0.025311801462349372
0 0.3305491897622082 0.426243912312874 0.027127952266708825 0.017904364550982058