0 0.4468746229970122 0.6202210734015103 0.01745642609169861 0.02290968337098648
0 0.5350403119343763 0.835181732192983 0.016184558235356104 0.020414760932399537
0 0.4944784075354546 0.4347233322575311 0.01759631565053774 0.02771737567867879
0 0.5603321438569265 0.6694432866129247 0.01385065686092938 0.022636454516764104
0 0.6300694059720479 0.5822479402977083 0.013990546419768508 0.027444146824456412
0 0.6599868420724128 0.6582781857486703 0.014060491199188072 0.029847992978302564
0 0.48114149724817806 0.8043333194908084 0.012438899445747883 0.01533383977048485
0 0.5039780357097166 0.8026028700807333 0.017421453701988828 0.021707760294063405
0 0.579172581155426 0.44757876155644516 0.014025518809478154 0.028646069901379488
0 0.11469484834547859 0.8369192786444409 0.010244887630160217 0.022363225662541727
0 0.44583108695118195 0.7913495317482913 0.008973019773817507 0.01986830322395478
0 0.5216864947107124 0.5832332674628407 0.01738648131227918 0.02050583721714033
0 0.5428021598951439 0.7707511988381336 0.01872829394804125 0.02540460580957343
0 0.34185628732914214 0.4884484043966596 0.017526370871118174 0.025313529524832637
0 0.2743865948996925 0.4465826000574029 0.012718678563425866 0.024949224385869464
0 0.15665319375906114 0.1676109265841992 0.010139970461030937 0.018757456431772495
0 0.07411083338363857 0.39430249473194057 0.010524666747838234 0.03197861027792634
0 0.1276084768655736 0.5769575202653859 0.010000080902191911 0.013949764124080187
0 0.07812340946413343 0.44940880370092057 0.013815684471219673 0.021434531439841028
0 0.9144906221447108 0.25593878835941763 0.012333982276618536 0.01172807053971562
0 0.9512513753372626 0.15317365557835627 0.013990546419768508 0.027444146824456343
0 0.9177157401982685 0.9049593185225864 0.01371076730209025 0.017828762209071796