0 0.47352194577563245 0.6177163156016194 0.018339762758393236 0.023008185082218188
0 0.5707172984169857 0.832198537509967 0.016969746383529046 0.020506226807114558
0 0.5137155171656924 0.4319089976509122 0.018675949354275464 0.027815877389910426
0 0.5893350310800657 0.6662841960169951 0.014733993527624004 0.022713848718446172
0 0.655735243565452 0.5786666995107858 0.015070180123506506 0.027521541026138345
0 0.6888425065177693 0.654535120721867 0.015238273421447483 0.029925387179984633
0 0.5153953302122238 0.8016597016145204 0.013027790556877587 0.015404198135650167
0 0.5382318686737624 0.7997955713106311 0.018255716109422747 0.021806262005294903
0 0.5991948789338368 0.444271918393668 0.015154226772476857 0.028723464103061556
0 0.14914497834656767 0.8363915909056998 0.011128224296854774 0.02241951235467409
0 0.47944695454483727 0.7888799531309831 0.009758207921990584 0.019917554079570667
0 0.5470578867485515 0.5802852519624074 0.018171669460452122 0.020604338928371966
0 0.5758782106369303 0.7677117174629852 0.019709779133257426 0.025510143357321404
0 0.36281099603350836 0.48653465686415875 0.01850785605633435 0.025412031236064274
0 0.2934274074928871 0.44505582353331224 0.013700163748642042 0.02501958275103478
0 0.16396525838892195 0.16672441118311426 0.010876084349943036 0.01881374312390486
0 0.09040348745822772 0.3939366312330801 0.011800597488619297 0.03203489697005871
0 0.15150764112558843 0.5763102233058637 0.010539897754060808 0.014006050816212551
0 0.09667347946471987 0.44902886852902696 0.014649946878653449 0.021511925641523096
0 0.9277406721451296 0.2506408034624576 0.012775650609965848 0.011798428904881074
0 0.9604282618190342 0.14764348807635017 0.015070180123506232 0.027521541026138345
0 0.9574168159402643 0.8997527995003415 0.014397806931741504 0.017906156410753864