0 0.4620882501811195 0.6426851057997859 0.017960745224873547 0.022026266366559903
0 0.5554092013687151 0.8619366471841876 0.016632841909289306 0.019594445142574777
0 0.5054613575468174 0.45996381809829023 0.018212705702195874 0.026833958674252208
0 0.5768906220628334 0.6977757319691769 0.014354975994104317 0.021942341156142985
0 0.6447226785637385 0.6143664585300742 0.01460693647142637 0.026750033463835567
0 0.6764612670894571 0.6918480319168798 0.014732916710087807 0.029153879617681448
0 0.5006978725235129 0.8283117810395295 0.01277511220119775 0.014702827624465824
0 0.5235344109850514 0.8277802547068907 0.017897755105542965 0.020824343289636824
0 0.5906038148407221 0.47723633241933716 0.014669926590757089 0.027951956540758643
0 0.13436329453929677 0.8416518697395834 0.010749206763335017 0.021858415945726614
0 0.4650232317414461 0.8134980580735574 0.009421303447750846 0.019426594721741488
0 0.5361716609246782 0.6096726763810358 0.017834764986212386 0.019622420212713747
0 0.5616861096595791 0.7980109235461534 0.019288648540457788 0.024458087590545026
0 0.3538198578772339 0.5056119347683758 0.018086725463534712 0.024430112520406055
0 0.28525747399257206 0.46027556362601474 0.013279033155842335 0.02431821223985044
0 0.16082783547256388 0.17556167962403835 0.010560236405343341 0.018252646714957247
0 0.08341271961775203 0.39758375789123923 0.01125312771797967 0.03147380056111123
0 0.14125311119091474 0.5827628320087606 0.01030827592802098 0.01344495440726494
0 0.08871411126080476 0.45281626928942303 0.014291985874773667 0.020740418079220044
0 0.9220554091423332 0.30345400295464664 0.012586141843205868 0.011097058393696594
0 0.9564906907763565 0.20277121025544792 0.01460693647142637 0.026750033463835428
0 0.9403820834615148 0.9516542173279908 0.01410301551678199 0.017134648848450677