1 0.3431277231665534 0.25901883143552085 0.01993021702496433 0.024598019773817644
1 0.4552470444813702 0.32660991595155575 0.01378071208150995 0.01961546551757656
1 0.41252812321136856 0.39150090027861045 0.01993021702496433 0.024598019773817644
1 0.6241144189663312 0.42497424883844537 0.01872829394804125 0.02456304738410786
1 0.7010596064523266 0.3807036805944231 0.013920601640348943 0.024423157825268868
1 0.6948879909459538 0.4277185701532622 0.018868183506880378 0.02937073969180017
1 0.2660812316020934 0.43058832866426006 0.03374590149618406 0.045415408368317145
1 0.4050404187228166 0.5250192789862012 0.014982635158432891 0.019650437907286343
1 0.488449862659654 0.46494884879363024 0.022264118399390916 0.022264118399390916
1 0.4464689746642217 0.628292608259248 0.014982635158432891 0.019650437907286343
1 0.5748042135134399 0.551303199647416 0.01738648131227918 0.01972038268670577
1 0.5642059888955177 0.4615436651649926 0.015262414276111013 0.02926582252267096
1 0.406041756197608 0.44933309752975714 0.013710767302090523 0.017211619363730408
1 0.4553684365679554 0.48752771870040895 0.012508844225167447 0.017176646974020625
1 0.43164472653688163 0.47740985880229636 0.01378071208150995 0.01961546551757656
1 0.44293878585833446 0.41943777199231064 0.01250884422516731 0.017176646974020625
1 0.4493017382307119 0.5309368390284788 0.01512252471727202 0.02445813021497865
1 0.6186808367345278 0.5704419135358474 0.009965108512482165 0.012299009886908753
1 0.35337983697804265 0.48449075644112277 0.013640822522670959 0.014807773209884254
1 0.6134112771792798 0.3388204835867911 0.01745642609169861 0.02212422884055206
1 0.47638279767392205 0.425670083541976 0.01250884422516731 0.017176646974020625
1 0.56793517276767 0.2921074837085485 0.013780712081509815 0.01961546551757656
1 0.3716277662062742 0.39389188460566515 0.008763185435559087 0.012264037497198971
1 0.4067227065195493 0.5910201310478412 0.009895163733062599 0.009895163733062599
1 0.4483574837085485 0.5633887621054019 0.012368954666328317 0.012368954666328317
1 0.29458127464181416 0.5654613818344043 0.012648733784006301 0.021984339281712933
1 0.49916586627349696 0.5919330262709593 0.017316536532859618 0.017316536532859618
1 0.4878368345623344 0.6511070361578681 0.014912690379013464 0.01724659175344019
1 0.33622530056694033 0.45496726536369214 0.013780712081509815 0.01961546551757656
1 0.5544728252842124 0.424598801287765 0.017386481312279045 0.01972038268670577
1 0.6111987678914382 0.49740438496121775 0.012508844225167447 0.017176646974020625
1 0.5976628625378967 0.5086063889403328 0.010035053291901729 0.014702856040754907
1 0.6389957500462995 0.5326227399158759 0.010035053291901729 0.014702856040754907
1 0.6078156948257191 0.5311281758944835 0.010035053291901729 0.014702856040754907
1 0.4766533280554732 0.49891744645486413 0.019860272245544763 0.022194173619971353
1 0.4343062412454875 0.5097568647100902 0.009965108512482165 0.012299009886908753
1 0.44793983758682937 0.24756277199231067 0.014912690379013464 0.01724659175344012
1 0.4406362437829531 0.29220878778701326 0.013710767302090386 0.017211619363730408
1 0.7632006338191021 0.4737670946270195 0.01745642609169861 0.022124228840551926
1 0.5686104874441488 0.6403504245088529 0.01724659175344019 0.014912690379013327
1 0.5733353731456302 0.6017839688781853 0.009965108512482165 0.012299009886908753
1 0.535910144548593 0.5260149808155302 0.012578789004586737 0.01958049312786678
1 0.4914096539581917 0.32195497502949383 0.014912690379013601 0.01724659175344019
1 0.5266501194757682 0.30771962188175705 0.01738648131227918 0.01972038268670577
1 0.40179723521593635 0.5539353776117746 0.010035053291901729 0.014702856040754907