1 0.34782875483524645 0.297879508637911 0.01951048205454529 0.025608255478578947
1 0.4611862943127993 0.3781136216958193 0.013444924105174803 0.02031000256460002
1 0.4195796707144081 0.43847973264999307 0.01951048205454529 0.025608255478578947
1 0.6318585291705623 0.4955090396510029 0.018308558977622076 0.025510143357321543
1 0.7080691804583241 0.4596227955979073 0.01350086666992977 0.02511769487229219
1 0.7027160481442686 0.5061053471128779 0.01836450154237759 0.03031783566501385
1 0.2737413948122405 0.4614639352086248 0.03296939180090884 0.047120181120101905
1 0.4144214953116817 0.5715988578246827 0.014646847182097881 0.02040811468585729
1 0.4968235753195135 0.5205781743778737 0.021886356926013824 0.023400633567247333
1 0.4576758983744096 0.6797963140035116 0.014646847182097881 0.02040811468585729
1 0.5847309455638497 0.6167807790432241 0.017050693335944035 0.020604338928372032
1 0.5725587148068562 0.5255573149401627 0.014758732311608224 0.030023499301241905
1 0.4141006676296532 0.4957795918572714 0.013416952822797047 0.017906156410753864
1 0.4641199107011919 0.539563762488541 0.01221502974587397 0.01780804428949632
1 0.44020731993342965 0.5267842123710866 0.013444924105174668 0.02031000256460002
1 0.4504940153258768 0.4698768016488376 0.01221502974587397 0.017808044289496457
1 0.4588087353107027 0.5824405447727424 0.014702789746852983 0.025215806993549597
1 0.6289643435097939 0.6408436198374379 0.009755241027272578 0.012804127739289474
1 0.3620263773686745 0.5252146167970522 0.013388981540419564 0.01550231025690771
1 0.6196443414900022 0.40789134477871064 0.01707866461832152 0.023008185082217983
1 0.48406394763259014 0.4798354795055815 0.01221502974587397 0.01780804428949632
1 0.5733287671375543 0.3559880489727515 0.013444924105174803 0.02031000256459988
1 0.37870030045783476 0.4363458436041668 0.0085533179503495 0.012706015618032205
1 0.41725805427706675 0.6379989634192238 0.009727269744895094 0.01040028158544332
1 0.45843112299860506 0.6148924678496656 0.012159087181118732 0.01300035198180415
1 0.3046129404348287 0.5999302701748804 0.01227097231062921 0.02261573659718863
1 0.5097641742765772 0.6491593659868078 0.017022722053566277 0.01820049277452595
1 0.4994634932429412 0.70726869978598 0.014618875899720125 0.018004268532011133
1 0.34434717224454836 0.4936948580551152 0.013444924105174668 0.02031000256459988
1 0.5621749619914014 0.4874146904642313 0.017050693335943896 0.020604338928371827
1 0.6202020830069264 0.5667414151750715 0.01221502974587397 0.017808044289496457
1 0.6068550583900733 0.5764794895335486 0.009783212309650334 0.015207973893135628
1 0.648628667617416 0.6051537983929398 0.00978321230965006 0.015207973893135628
1 0.6174066388997936 0.600199037086403 0.009783212309650334 0.015207973893135628
1 0.4856146696739193 0.5533490114404038 0.01948251077216767 0.023204409324732795
1 0.44343547685210116 0.5595304718117817 0.009755241027272578 0.012804127739289474
1 0.4524939620158757 0.2980018016488376 0.014618875899720125 0.018004268532011133
1 0.44596687790727463 0.34198239488870474 0.013416952822797047 0.01790615641075373
1 0.7718681609582548 0.5598727732227264 0.01707866461832152 0.023008185082217983
1 0.580090238885109 0.7054287503717599 0.016994750771188796 0.01579664662067952
1 0.5841435486339199 0.6672615482739933 0.009755241027272578 0.012804127739289474
1 0.5453751681315419 0.5871007713494244 0.012243001028251727 0.020211890443342612
1 0.4972859435440581 0.37745121610277016 0.014618875899720125 0.018004268532011133
1 0.5322955548279041 0.367075313773079 0.017050693335944035 0.020604338928371827
1 0.41168199376930426 0.6002487874283218 0.009783212309650334 0.015207973893135628