1 0.33213508909213185 0.2610620487502134 0.020911702210180502 0.024486062660683795
1 0.44135902911056074 0.3293178786254804 0.014565900229682892 0.019538495002296968
1 0.3960391720997362 0.39397095408712574 0.02091170221018064 0.024486062660683726
1 0.6060060172990921 0.42868282821100373 0.01970977913325756 0.02445808759054489
1 0.6846688038592158 0.384853091099946 0.014902086825565255 0.024346187309989276
1 0.6765832922416715 0.43183999138050155 0.02004596572913979 0.0292657798982372
1 0.24816912697189747 0.43221170680470067 0.03556164908883402 0.04522648073990391
1 0.3831042248332342 0.5274683408360039 0.01576782330660597 0.019566470072435803
1 0.46886923321459056 0.4678737283742517 0.023147455066085544 0.02213816664711538
1 0.42026332021894885 0.6310005709331727 0.01576782330660597 0.019566470072435803
1 0.5515920888830764 0.5547458808762815 0.018171669460452122 0.019622420212713747
1 0.544674433709715 0.46490937587857856 0.01644019649837056 0.029181854687820554
1 0.3871972406414568 0.45177516205998897 0.014397806931741778 0.01713464884845095
1 0.4349044704561973 0.49026367065261717 0.0131958838548187 0.01710667377831198
1 0.4116224287584709 0.4800058643630872 0.014565900229682892 0.019538495002297103
1 0.4252720525244426 0.4220897561096684 0.0131958838548187 0.01710667377831198
1 0.42707109878556465 0.5336448017024035 0.016104009902488194 0.024374162380128246
1 0.5946344496967306 0.5741434955888349 0.01045585110509032 0.012243031330341863
1 0.3331612421625886 0.4866319362298074 0.014229713633800664 0.014730802694604797
1 0.598836222178819 0.34245209244406993 0.018339762758393236 0.022026266366559903
1 0.45842161878446536 0.428517992607318 0.0131958838548187 0.01710667377831198
1 0.5553230881376416 0.2954661971025636 0.014565900229682892 0.019538495002296968
1 0.355089740835381 0.396124029548771 0.009253928028167243 0.012215056260203028
1 0.38208742837062226 0.5934901848563565 0.01028775780714907 0.009839185176495709
1 0.4248018392633594 0.5660967247793265 0.012859697258936474 0.01229898147061967
1 0.2711237787151467 0.5672736876032582 0.013532070450700928 0.021914366086004285
1 0.4743833653467876 0.5949418736864313 0.01800357616251101 0.017218574058867595
1 0.4606496949318452 0.654059905016773 0.015599730008664854 0.01716262391858965
1 0.3172335622330066 0.4570034853588138 0.014565900229682892 0.019538495002297103
1 0.5364625721354949 0.4279015361252132 0.018171669460452122 0.019622420212713747
1 0.5901459106685505 0.5010499884576384 0.0131958838548187 0.01710667377831198
1 0.5761683369816616 0.5121750219214738 0.010623944403031434 0.014646877484188017
1 0.6164706650455873 0.5364362790819973 0.010623944403031502 0.014646877484188017
1 0.5853887583435285 0.5347597847517623 0.010623944403031297 0.014646877484188017
1 0.455698619351107 0.5017793501593478 0.02074360891223939 0.022082216506837574
1 0.4129589384670348 0.5123738622295936 0.01045585110509032 0.012243031330341863
1 0.4372907233272335 0.2502147561096684 0.015599730008664854 0.017162623918589786
1 0.42817138193070714 0.2948257853065167 0.014397806931741778 0.017134648848450815
1 0.7429329647443872 0.47829436038936896 0.018339762758393236 0.022026266366559903
1 0.5417668676284854 0.6437721137790059 0.017835482864569895 0.01481472790502144
1 0.5480621296263126 0.6052266501070508 0.01045585110509032 0.012243031330342
1 0.5137776536219673 0.5292267504985573 0.013363977152759814 0.019510519932158132
1 0.4776688613651648 0.32487285729054444 0.015599730008664854 0.017162623918589786
1 0.5134491437346103 0.3108404264103628 0.018171669460452122 0.019622420212713747
1 0.3786832591040945 0.5563704448224356 0.010623944403031297 0.014646877484188017