0 0.6256890603862348 0.755656665511865 0.015715903590796314 0.016808991701630305
0 0.47019586215853254 0.20036536515685027 0.025324295622273334 0.016335678902633433
0 0.4511802603185939 0.5752922202474023 0.025352265957902905 0.021143371210325876
0 0.3733978969300563 0.5104780309700204 0.01809877199292022 0.013385375040342522
0 0.5932519238322759 0.5439719141545076 0.025387228877440073 0.02715298659494126
0 0.5487799686309726 0.7474239371346086 0.021718526391504102 0.01606245004841119
0 0.5976742226699119 0.81726383403975 0.02288548654889028 0.010143910948536599
0 0.5938516833380133 0.8542502205701431 0.01573688134251829 0.020414760932399537
0 0.35799046838633514 0.26521257836826473 0.012110134360026947 0.016535762847407928
0 0.49713923182672465 0.736296118429216 0.01449300276215099 0.01311214618612028
0 0.4540378230712715 0.7041712183323939 0.01809177940901276 0.012183451963419582
0 0.4741278787675013 0.7646137459422182 0.015736881342518425 0.020414760932399537
0 0.5612886802737213 0.664200084597401 0.01571590359079618 0.016808991701630305
0 0.616633082483442 0.6587742090800925 0.019314680237657946 0.015880297478929606
0 0.44196425434108033 0.29923214906935064 0.01811974974464233 0.016991144271111754
0 0.28461722002276824 0.2692723096144613 0.01814072749636458 0.020596913501881052
0 0.5395491761304949 0.680589557625913 0.015750866510333212 0.02281860708624569
0 0.5555238053258649 0.6216773954813893 0.030131987929965638 0.016699984041596467
0 0.6649189817224376 0.8331814136775418 0.014569921185132383 0.02633330003227413
0 0.5835937823582975 0.7572766878536298 0.019377613492824554 0.026697605171237298
0 0.5921890510783514 0.7266642218468153 0.022941427220149427 0.019759295563921215
0 0.4220621970552009 0.41315954389811343 0.015736881342518425 0.020414760932399537
0 0.522331469709907 0.5398003364317242 0.012110134360026947 0.016535762847407928
0 0.447001099207418 0.6735766837008723 0.018154712664179364 0.023000759655727274
0 0.6417196302528638 0.6871291187519568 0.021767474478855922 0.02447591158687273
0 0.5586191159313939 0.7096910089509963 0.01814072749636444 0.02059691350188112
0 0.728181173368344 0.7069077650994474 0.015729888758610963 0.019212837855476457
0 0.7882143939593313 0.7222788870287945 0.014506987929965912 0.015515992339966434
0 0.7523035459136943 0.6943062138711862 0.022969397555778998 0.024566987871613523
0 0.5185570771102108 0.7751951069391657 0.015708911006888718 0.015607068624707229
0 0.5133096533715017 0.6437301101308464 0.015708911006888718 0.015607068624707229
0 0.5183481009481382 0.604430953731348 0.015708911006888718 0.015607068624707229
0 0.7987729760470652 0.7675697274376154 0.015757859094240538 0.024020530163168765
0 0.31899749354783447 0.35364429110271334 0.01811275716073487 0.015789221194188813
0 0.3714058118715973 0.6462042623775872 0.014569921185132246 0.02633330003227413
0 0.30799837867393437 0.38407460454004627 0.022899471716705068 0.012547757102382616
0 0.2572728690064062 0.4223167082732409 0.019335657989380195 0.019486066709698838
0 0.40853336951712155 0.46504232015058017 0.010964151954363151 0.02606007117805175
0 0.2885360528190716 0.6291026910381652 0.015729888758610963 0.019212837855476457
0 0.578044876156421 0.8843162288685128 0.01814072749636458 0.02059691350188112
0 0.6773717526939271 0.7595729457557189 0.014486010178243393 0.011910223109197204
0 0.6615299825927976 0.7956485694387041 0.014513980513873238 0.016717915416889512
0 0.30481136312245966 0.5185078365859493 0.012110134360026947 0.016535762847407928
0 0.24563123776817491 0.35650209927198684 0.015729888758610963 0.019212837855476457
0 0.6779862987226287 0.8606255605019982 0.019314680237657946 0.015880297478929606
0 0.6342501675419011 0.524231969374156 0.021739504143226347 0.019668219279180284
0 0.41865222017383885 0.3792324688900449 0.02292744205233464 0.01735544941007506
0 0.2466233833278761 0.39265086786441994 0.01811974974464233 0.01699114427111189
0 0.1828087775532852 0.6138764395194374 0.01571590359079618 0.016808991701630305
0 0.2118577163327536 0.5812065011224472 0.010908211283103871 0.016444686562667135
0 0.18308148832567372 0.5670014395194374 0.019293702485935836 0.012274528248160376
0 0.5229312292156444 0.8500786428473597 0.01811974974464233 0.01699114427111189
0 0.4050037173541842 0.658369782965714 0.015694925839074066 0.013203222470861075
0 0.7609959094533024 0.8536886703029586 0.019321672821565546 0.017082220555852682
0 0.5106408903843239 0.4823991889689317 0.010922196450918657 0.018848532716513287
0 0.49183666877190596 0.4076246607207714 0.028937057436950023 0.017810830833778886
0 0.32243463940967665 0.5895855193185996 0.019321672821565408 0.017082220555852682
0 0.14963042710514213 0.5295955343159261 0.010922196450918657 0.018848532716513287
0 0.3391007330567296 0.6185048180742014 0.014527965681687887 0.0191217615707356
0 0.7011654737956297 0.8034617791428423 0.010964151954363151 0.02606007117805175
0 0.616458267885757 0.6888222860031695 0.019300695069843093 0.013476451325083452
0 0.6765823920675405 0.6885684079325167 0.019335657989380195 0.019486066709698838
0 0.656813995231051 0.5728374187842309 0.015694925839074066 0.013203222470861075
0 0.5742868727899878 0.496841616675578 0.015757859094240538 0.024020530163168765
0 0.39610157629735426 0.5350450188416338 0.02174649672713381 0.0208701423561035
0 0.25539965787437285 0.5376102473731155 0.02292744205233464 0.01735544941007506
0 0.2230805938916904 0.5123146492235757 0.014493002762150854 0.01311214618612028
0 0.2762798755521387 0.46223546729063203 0.01571590359079618 0.016808991701630305
0 0.252115547503344 0.4820485569804316 0.01450698792996564 0.015515992339966434
0 0.1872816271885718 0.46511120683519824 0.012068178856582588 0.009324224385869466
0 0.14629736864676143 0.4824473054617038 0.01456992118513228 0.02633330003227413
0 0.6534102095784469 0.7445302662147493 0.014534958265595211 0.020323684647658744