0 0.6504064298467379 0.6565219407688487 0.01607964106622662 0.016900457576345326
0 0.47594506354408256 0.12620351000558624 0.025660053291901727 0.016483431469480954
0 0.4700644984463127 0.503779002780112 0.02579994285074072 0.021291123777173262
0 0.3902258513505347 0.45126205989260804 0.0183785700509437 0.013490912588090773
0 0.6106673878833943 0.45013446477943886 0.025974804799289493 0.02730073916178865
0 0.5734134081442414 0.6603972703754721 0.0220542840611325 0.016189095105708873
0 0.624615735732124 0.7224804426346907 0.023081345189506663 0.010277591842351032
0 0.6220941105823573 0.7600343943830781 0.01618455823535597 0.020506226807114558
0 0.3662995331625314 0.2086452449748261 0.012473871835457664 0.01660612121257338
0 0.5215208814982906 0.6574045531279992 0.014772800820174471 0.013196576224318553
0 0.4774123133760257 0.6320904356471092 0.01834359766123392 0.01228898951116756
0 0.49955865277949596 0.6893167603549653 0.01618455823535597 0.020506226807114558
0 0.5829845716337894 0.5752815337782834 0.016079641066226894 0.016900457576345326
0 0.6379932540545729 0.5611529915850613 0.01965043790728607 0.015992870863194335
0 0.45123851351047123 0.22942162725604343 0.01848348722007305 0.017096681818860003
0 0.29326200458790175 0.22424546898690811 0.01858840438920226 0.020702451049629235
0 0.5618745420948202 0.5950763981147615 0.01625450301477553 0.02291007296096071
0 0.5757509226093325 0.5337047866922624 0.030467745599594035 0.016875879954510307
0 0.6922381795472041 0.7278034715365875 0.015157497106981803 0.026417730070472673
0 0.6084790117132692 0.6647635573205478 0.01996518941467411 0.026810178555502027
0 0.615983191119277 0.6328267724717466 0.02336112430718492 0.019892976457735648
0 0.43536509369183835 0.3463760365807762 0.01618455823535597 0.020506226807114558
0 0.5397888987346425 0.45712500301054465 0.012473871835457664 0.01660612121257338
0 0.46932646517174337 0.6026310314515764 0.018658349168621687 0.023106297203475387
0 0.6640030312435721 0.585534944730965 0.0222990907891007 0.024602556644170413
0 0.5819096762889139 0.6211508349438749 0.01858840438920226 0.02070245104962937
0 0.750926189068841 0.5916920258465908 0.016149585845646186 0.019304303730191482
0 0.8113370944223826 0.5976037274760316 0.014842745599594035 0.015600422378164981
0 0.7745449819307855 0.5753067064983671 0.023501013866023775 0.024700668765427817
0 0.5442396409639083 0.6928981503299825 0.01604466867651711 0.01569853449942225
0 0.5344180351009297 0.5623790955516537 0.01604466867651711 0.01569853449942225
0 0.5380716385482001 0.5223231855281628 0.01604466867651711 0.01569853449942225
0 0.8234483805339512 0.6411918722308696 0.016289475404485314 0.02411199603788379
0 0.33049589631893433 0.3031309867012147 0.018448514830363267 0.015894758741936927
0 0.39297580831081397 0.5871774797061731 0.015157497106981803 0.026417730070472673
0 0.3205878707590803 0.33526399579253063 0.02315128996892623 0.012681437996197049
0 0.27133113516815244 0.38145201257764644 0.019755355076415553 0.019598640093963563
0 0.42368272499291376 0.4003398852992222 0.01155172787621257 0.02612339370670059
0 0.3097283644957338 0.5831299083806214 0.01614958584564632 0.019304303730191482
0 0.6073783927148109 0.7925598519594234 0.01858840438920226 0.02070245104962937
0 0.7020891221544302 0.6523031195547835 0.01473782843046469 0.01199465314739575
0 0.6875482662354326 0.6908381925157442 0.014877717989303544 0.016802345455088057
0 0.3221009322527266 0.47007560465042997 0.012473871835457664 0.01660612121257338
0 0.2574233953545949 0.31752928763637367 0.01614958584564632 0.019304303730191482
0 0.7062287259669726 0.7531665458950646 0.019650437907286343 0.015992870863194335
0 0.6508682970942936 0.423962114195151 0.02215920123026157 0.019794864336478105
0 0.43078009754919605 0.313016526790702 0.023291179527765358 0.017489130303889357
0 0.25967449012281063 0.35348886782280864 0.01848348722007298 0.017096681818860003
0 0.20374929938824454 0.5845522365897284 0.016079641066226828 0.016900457576345326
0 0.23158125393281548 0.5473417764487832 0.011271948758534519 0.016508009091315976
0 0.2023853761895641 0.5376772365897284 0.019545520738156998 0.012387101632425103
0 0.5512156214336055 0.7670249326141838 0.01848348722007291 0.017096681818860142
0 0.4269094335823381 0.5940457249263523 0.01597472389709755 0.013294688345576096
0 0.7887767219878576 0.7331756556821545 0.019685410296996126 0.01719479394011741
0 0.5261259656490533 0.40161573960773345 0.011341893537954015 0.01891185524516213
0 0.504761880645989 0.32986822585554304 0.029300794912380742 0.017979690910176115
0 0.34215817700973855 0.5383154612931084 0.01968541029699599 0.01719479394011741
0 0.16771733073413506 0.5055686067541646 0.011341893537954015 0.01891185524516213
0 0.359789465049986 0.5645861223647365 0.014947662768723245 0.019206191608934213
0 0.727351617332733 0.6924081848219443 0.01155172787621257 0.026123393706700863
0 0.6388675637973168 0.5912010685081382 0.01958049312786678 0.013589024709348179
0 0.6988238280846316 0.5814877701375792 0.019755355076415418 0.019598640093963563
0 0.6750687587545126 0.46897298389126163 0.01597472389709755 0.013294688345576096
0 0.5901076678436544 0.4060311817964793 0.016289475404485314 0.02411199603788379
0 0.4137268652165585 0.47223446805025715 0.02219417361997149 0.02099678741340118
0 0.2734865615033658 0.4969347400835191 0.02329117952776522 0.017489130303889357
0 0.2403701630219574 0.47674722889592874 0.014772800820174471 0.013196576224318827
0 0.2916810208696338 0.4183437570990675 0.016079641066226828 0.016900457576345326
0 0.26827206234594786 0.44194061490882963 0.014842745599594035 0.015600422378164981
0 0.20301849229500415 0.43521943868749496 0.012264037497199108 0.009394582751034783
0 0.16274763830468536 0.4589879431179366 0.015157497106981803 0.026417730070472673
0 0.6776659643291614 0.6410442081337764 0.014982635158432891 0.020408114685857015