0 0.6504064298467379 0.7152611682906254 0.01607964106622662 0.015806813335454598
0 0.47594506354408256 0.17014583288447258 0.025660053291901727 0.014716775388041793
0 0.4700644984463127 0.5461519569847524 0.02579994285074072 0.019524467695734033
0 0.3902258513505347 0.4863486595382494 0.0183785700509437 0.012229015387062848
0 0.6106673878833943 0.5057349549527236 0.025974804799289493 0.025534083080349417
0 0.5734134081442414 0.7119622411006958 0.0220542840611325 0.014674818464475364
0 0.624615735732124 0.778641421620206 0.023081345189506663 0.008679188721048857
0 0.6220941105823573 0.815859080081255 0.01618455823535597 0.019412582566223826
0 0.3662995331625314 0.24216247594622153 0.012473871835457664 0.01576485641188803
0 0.5215208814982906 0.7041493200680388 0.014772800820174471 0.012187058463496214
0 0.4774123133760257 0.674799683139088 0.01834359766123392 0.011027092310139772
0 0.49955865277949596 0.7339316698085285 0.01618455823535597 0.019412582566223555
0 0.5829845716337894 0.6279674821279685 0.016079641066226894 0.015806813335454598
0 0.6379932540545729 0.6189954370072688 0.01965043790728607 0.014646847182097812
0 0.45123851351047123 0.2707857015986686 0.01848348722007305 0.015834784617832078
0 0.29326200458790175 0.25092473644908914 0.01858840438920226 0.01944055384860131
0 0.5618745420948202 0.6457445867404162 0.01625450301477553 0.02181642872006998
0 0.5757509226093325 0.5858302462297168 0.030467745599594035 0.014772717952796964
0 0.6922381795472041 0.7902419252190866 0.015157497106981803 0.025408212309650062
0 0.6084790117132692 0.7195793631567097 0.01996518941467411 0.02546415487440557
0 0.615983191119277 0.6884272626450313 0.02336112430718492 0.018294573336433473
0 0.43536509369183835 0.3859465467242631 0.01618455823535597 0.01941258256622369
0 0.5397888987346425 0.5061117251995072 0.012473871835457664 0.015764856411887962
0 0.46932646517174337 0.6446676923688783 0.018658349168621687 0.02184440000244719
0 0.6640030312435721 0.6457314431645413 0.0222990907891007 0.023088280002936903
0 0.5819096762889139 0.6736125877686678 0.01858840438920226 0.01944055384860131
0 0.750926189068841 0.6599595631762891 0.016149585845646186 0.018210659489300476
0 0.8113370944223826 0.6714761529280369 0.014842745599594035 0.014590904617342368
0 0.7745449819307855 0.6458161990769883 0.023501013866023775 0.02310226564412578
0 0.5442396409639083 0.7416606769940526 0.01604466867651711 0.01460489025853152
0 0.5344180351009297 0.6105811334034933 0.01604466867651711 0.014604890258531383
0 0.5380716385482001 0.570973614429787 0.01604466867651711 0.014604890258531383
0 0.8234483805339512 0.7160731775448901 0.016289475404485314 0.023018351796993058
0 0.33049589631893433 0.33306108927433364 0.018448514830363267 0.014632861540909002
0 0.39297580831081397 0.6221519815893684 0.015157497106981803 0.025408212309650333
0 0.3205878707590803 0.3641852185036344 0.02315128996892623 0.011083034874895011
0 0.27133113516815244 0.40566512926601234 0.019755355076415553 0.01825261641286711
0 0.42368272499291376 0.4386773200558016 0.01155172787621257 0.025366255386083836
0 0.3097283644957338 0.6103696646550332 0.01614958584564632 0.018210659489300614
0 0.6073783927148109 0.8469272667458007 0.01858840438920226 0.019440553848601036
0 0.7020891221544302 0.715862550861744 0.01473782843046469 0.01098513538657341
0 0.6875482662354326 0.7529403529109049 0.014877717989303544 0.015792827694265717
0 0.3221009322527266 0.4987726318366414 0.012473871835457664 0.015764856411887962
0 0.2574233953545949 0.3406214267002782 0.01614958584564632 0.018210659489300614
0 0.7062287259669726 0.8168380749644713 0.019650437907286343 0.014646847182097881
0 0.6508682970942936 0.4833739282916044 0.02215920123026157 0.018280587695244595
0 0.43078009754919605 0.3522507436468505 0.023291179527765358 0.01589072718258732
0 0.25967449012281063 0.3766931046491593 0.01848348722007298 0.015834784617832078
0 0.20374929938824454 0.6019273897688799 0.016079641066226828 0.01580681333545446
0 0.23158125393281548 0.567407275926642 0.011271948758534519 0.01575087077069922
0 0.2023853761895641 0.5550523897688799 0.019545520738156998 0.011041077951328514
0 0.5512156214336055 0.8162358503280387 0.01848348722007291 0.015834784617832078
0 0.4269094335823381 0.6321589641580393 0.01597472389709755 0.012201044104685366
0 0.7887767219878576 0.8045819303603448 0.019685410296996126 0.01584877025902096
0 0.5261259656490533 0.44948148417223455 0.011341893537954015 0.01815471692454551
0 0.504761880645989 0.375940406220906 0.029300794912380742 0.0159606553885313
0 0.34215817700973855 0.5686939549160119 0.01968541029699599 0.01584877025902096
0 0.16771733073413506 0.5198050225848243 0.011341893537954015 0.01815471692454551
0 0.359789465049986 0.596533984661886 0.014947662768723245 0.018196673848111872
0 0.727351617332733 0.7582095713778277 0.01155172787621257 0.02536625538608397
0 0.6388675637973168 0.6490435139303457 0.01958049312786678 0.012243001028251727
0 0.6988238280846316 0.6449351036820937 0.019755355076415418 0.01825261641286711
0 0.6750687587545126 0.5305146554741916 0.01597472389709755 0.012201044104685229
0 0.5901076678436544 0.4598381077706258 0.016289475404485314 0.023018351796992922
0 0.4137268652165585 0.5094509251823751 0.02219417361997149 0.01948251077216767
0 0.2734865615033658 0.521035759009439 0.02329117952776522 0.01589072718258732
0 0.2403701630219574 0.4978216082358028 0.014772800820174471 0.012187058463496351
0 0.2916810208696338 0.4443504379865717 0.016079641066226828 0.01580681333545446
0 0.26827206234594786 0.4657053405474109 0.014842745599594035 0.01459090461734264
0 0.20301849229500415 0.45293088515398483 0.012264037497199108 0.0085533179503495
0 0.16274763830468536 0.47288806566125774 0.015157497106981803 0.025408212309650333
0 0.6776659643291614 0.7023616841918141 0.014982635158432891 0.01939859692503495