0 0.5959344328520767 0.4478732815348166 0.02283634009545552 0.06026037504034266
0 0.6862994654856571 0.4668143099443472 0.02948378345128497 0.039263293648912685
0 0.6920880806398398 0.39590084840588563 0.0239893062947915 0.030485526971488115
0 0.5932112759804578 0.31826567317189863 0.024676091143592798 0.03889898850994962
0 0.2619952482456444 0.18311608459025575 0.01685130233267522 0.04547299297830257
0 0.31500374356984956 0.5559868866989086 0.029483783451285106 0.039263293648912685
0 0.35523189531226873 0.7150423201505802 0.029483783451285106 0.039263293648912824
0 0.4204292843655554 0.47932052666303776 0.0239893062947915 0.030485526971488115
0 0.15122289439053826 0.41417505618072514 0.030661128906373094 0.05368637057198961
0 0.5162887941556294 0.49021239867307 0.024676091143592798 0.038898988509949654
0 0.3179469088414867 0.4606706584830223 0.022247667367911624 0.0530488365788042
0 0.35667840441104504 0.5047237130643345 0.01685130233267529 0.04547299297830257
0 0.40811591559863547 0.541274068954593 0.01557584475632996 0.029847992978302564
0 0.36994831676870316 0.4162367867957308 0.028796998602483807 0.030849832110451284
0 0.4062769580148298 0.756400368348531 0.02948378345128497 0.039263293648912824
0 0.5196252013766276 0.6271226217822671 0.024676091143592798 0.038898988509949585
0 0.5766794827316383 0.550418979587534 0.02038353706402213 0.030212298117265737
0 0.5190367270151663 0.6935926961519995 0.0239893062947915 0.030485526971488115
0 0.17226943214585833 0.6008015754921795 0.029483783451285106 0.039263293648912824
0 0.30627156641186387 0.6036995046368685 0.03662178741340118 0.024275827642098236
0 0.36668663424362474 0.6191617028509563 0.024676091143592663 0.038898988509949654
0 0.5700568153637267 0.6019195193257448 0.015575844756329825 0.029847992978302564
0 0.576066629114425 0.6616334366576427 0.024676091143592663 0.038898988509949654
0 0.606727758020798 0.6119544226142477 0.030072456178829136 0.04647483211045129
0 0.37743001070434445 0.5171803938819763 0.028796998602483807 0.030849832110451284
0 0.4240602263164083 0.6718835164496597 0.0239893062947915 0.030485526971488115
0 0.37836118320891604 0.23909871306433453 0.02038353706402227 0.030212298117265668
0 0.3966841673604513 0.17760055219648319 0.021070321912823566 0.038625759655727204
0 0.24796501653976263 0.2957325486820619 0.02879699860248374 0.03084983211045115
0 0.36992433424511684 0.5794982413124947 0.02107032191282343 0.038625759655727274
0 0.33271308063984 0.3686690392683901 0.0239893062947915 0.03048552697148798
0 0.39366746758939186 0.28863285669711025 0.03789724498974664 0.039900827642098236