0 0.6192900708745188 0.4368525014264439 0.019399624590651896 0.05994429148082899
0 0.7103564740192838 0.45419203980110584 0.027309534866613097 0.038799704428292885
0 0.7120070031574783 0.38327857826264433 0.022306017067948804 0.03010622670007174
0 0.6090622495332263 0.3074766876738359 0.022501842558921063 0.03851968823853328
0 0.2714637501466345 0.1782905422483488 0.014256231441292809 0.0452411983679926
0 0.3458640460619654 0.5497073599832393 0.027309534866613368 0.038799704428292885
0 0.39513987739866396 0.7078356149936711 0.027309534866613232 0.038799704428292885
0 0.44637999327938 0.4713130764886943 0.022306017067948804 0.03010622670007174
0 0.17457853241298044 0.4109510038736869 0.027645235708279942 0.05322278135136981
0 0.5424499142228094 0.4805191695146543 0.022501842558920924 0.03851968823853328
0 0.3432663842952453 0.4544754207165566 0.019231774169818402 0.05273275301929053
0 0.3843825396028308 0.49779094699233717 0.014256231441292809 0.04524119836799246
0 0.4377137511706192 0.5333930522040551 0.013892555529487264 0.029616198367992598
0 0.392462310177724 0.4091986595372289 0.02711370937564111 0.03038624288983135
0 0.4483591886858968 0.7482454125130812 0.027309534866613368 0.038799704428292885
0 0.5537118082201918 0.6171765257762407 0.022501842558920924 0.03851968823853335
0 0.6060669071502667 0.5395878496148695 0.018700247837179572 0.029896214557752206
0 0.5569808716702452 0.6835623111967694 0.022306017067948804 0.03010622670007188
0 0.2063560389894226 0.5969453560661141 0.027309534866613232 0.038799704428292885
0 0.33993735094871746 0.5975042668704028 0.035359320493269224 0.02366473276037203
0 0.40098365224054433 0.6118917809821446 0.022501842558921063 0.03851968823853342
0 0.6024601329804482 0.5911305338276821 0.013892555529487264 0.029616198367992598
0 0.6119066622359504 0.6506548010238719 0.022501842558920924 0.03851968823853342
0 0.6395518979442303 0.6005121977598569 0.027477385287446657 0.04601124288983135
0 0.40576537935619617 0.5098683275385627 0.02711370937564111 0.03038624288983135
0 0.46116272635806566 0.6635389104785017 0.022306017067948804 0.03010622670007188
0 0.3905650301035255 0.23216594699233717 0.018700247837179572 0.029896214557752068
0 0.4052408875969016 0.17043599151417593 0.018896073328151693 0.03830967609621362
0 0.26402640124588656 0.2909912952893585 0.02711370937564111 0.03038624288983135
0 0.40190682955512774 0.572228319443683 0.018896073328151693 0.03830967609621361
0 0.35263200315747834 0.36234736807811896 0.022306017067948804 0.03010622670007188
0 0.4086767965287391 0.2813629348282984 0.03572299640507491 0.03928973276037203