0 0.614629067018327 0.3892680300992094 0.020085478010932214 0.05920892544942697
0 0.7055555000773204 0.3996928078221126 0.027743442132505108 0.037721167582236495
0 0.7080318527215669 0.3287793462836511 0.022641945273800427 0.029223787462389312
0 0.6058989255947898 0.26089303696725075 0.0229357498248128 0.03763724900085085
0 0.2695741539887188 0.1574552766002863 0.014774120758647454 0.04470192994496442
0 0.33970536228801806 0.5225942195329221 0.027743442132505108 0.037721167582236495
0 0.3871755795182639 0.6767191920607568 0.027743442132505108 0.037721167582236495
0 0.44120110010583335 0.43673927322990064 0.022641945273800427 0.029223787462389447
0 0.16991752855678846 0.39703049887738306 0.02824710707709756 0.052144244505313415
0 0.5372290300235314 0.43866667083295663 0.0229357498248128 0.03763724900085085
0 0.33821346419889314 0.42772621503738467 0.01983364553863609 0.05199738698788851
0 0.37885372121485533 0.46785731206564474 0.014774120758647386 0.0447019299449644
0 0.43180701355106066 0.4993651511019791 0.014228483735338889 0.0290769299449644
0 0.38796927042445795 0.378810106146605 0.027449637581492735 0.029307706043774955
0 0.43996098353960494 0.7130347234047835 0.027743442132505108 0.037721167582236495
0 0.5469092620516954 0.5742322227811074 0.0229357498248128 0.037637249000850984
0 0.6002021605564395 0.49282223152271176 0.0190361760430312 0.029160848526350043
0 0.5494084900300054 0.6402540734304909 0.022641945273800427 0.029223787462389447
0 0.19955349282092621 0.5802953402862213 0.027743442132504972 0.037721167582236495
0 0.33321878683168404 0.5707550611912308 0.03561126664765801 0.022243025099661404
0 0.3941391150463165 0.5805024069708713 0.0229357498248128 0.03763724900085085
0 0.5959935150178036 0.5445468831210969 0.014228483735338889 0.0290769299449644
0 0.6047541908530251 0.60325229708221 0.0229357498248128 0.03763724900085071
0 0.6330012979301227 0.5511080525768965 0.02799527460480123 0.04493270604377496
0 0.4001105878910263 0.47829698614171695 0.027449637581492735 0.029307706043774955
0 0.45375830882075174 0.6275093681351271 0.022641945273800427 0.029223787462389447
0 0.3881295506111008 0.2022323120656447 0.0190361760430312 0.029160848526350043
0 0.40353325255048894 0.13950153596683415 0.019329980594043433 0.03757431006481165
0 0.2608210862817185 0.27051996441244114 0.027449637581492735 0.029307706043774955
0 0.395524193643946 0.5408389454324097 0.019329980594043568 0.037574310064811586
0 0.3486568527215669 0.3350522602422293 0.022641945273800427 0.029223787462389312
0 0.40568143669322837 0.24997356081702515 0.03615690367096665 0.037868025099661404