0 0.1480243637333318 0.5753259596776351 0.031860137583994246 0.04622125503215102
0 0.4238748859327106 0.5148938830151877 0.029456291430148093 0.04608124693727115
0 0.46213433717483254 0.07620381420870967 0.029456291430148093 0.04608124693727116
0 0.5759782973387664 0.13672111391473324 0.031517315296793615 0.037807793493689415
0 0.7412458148004835 0.3477243731897962 0.02550769991217823 0.03745777325648994
0 0.4213342877456739 0.31239891944214665 0.03546590681476348 0.046431267174470554
0 0.46473817192194977 0.1300103364804886 0.03872885375833208 0.03822781777832869
0 0.5337232714835142 0.2614873932315235 0.025850522199378865 0.045871234794951546
0 0.652676951916768 0.4320215836349511 0.03171321374662247 0.04261548580138179
0 0.8248764221129032 0.5023298388625742 0.028917570693118604 0.0328600930911173
0 0.4871319473540765 0.46324675351883055 0.029309367592776317 0.04247547770650192
0 0.358001719333901 0.33647182221671296 0.025311801462349372 0.03265008094879763
0 0.5830266584980133 0.6111425633325942 0.022097829131237853 0.04205545342186257