0 0.19572563626666817 0.5933417452431827 0.031860137583994246 0.045870665521266465
0 0.46795203714421246 0.5616341378740562 0.029456291430148093 0.04575870458725744
0 0.4705579705174751 0.12508580581313283 0.029456291430148093 0.045758704587257476
0 0.5898870872766182 0.19782360342026217 0.031517315296793615 0.03745720398280493
0 0.7731772621225935 0.4270946172897616 0.02550769991217823 0.03717730164778251
0 0.4488580199466338 0.3580053136710157 0.03546590681476348 0.04603860692228
0 0.4775695203857425 0.1793962661426893 0.03872885375833208 0.03779308678483199
0 0.5576228823626397 0.31868436278927637 0.025850522199378865 0.045590763186243916
0 0.691073048083232 0.5024469272093648 0.03171321374662247 0.042264896290497234
0 0.8698351163486352 0.5911489215458688 0.028917570693118604 0.0325375507411036
0 0.5272911295690004 0.5164122186143629 0.029309367592776317 0.042152935356488216
0 0.3871905883584067 0.3755270216944737 0.025311801462349372 0.03236960934009021
0 0.6357233415019865 0.6750167121558998 0.022097829131237853 0.04181705255446115