0 0.2196556030523221 0.5733178676587476 0.03367822540959837 0.04657232007041797
0 0.4900639161042622 0.5096840778473049 0.03127437925575221 0.04640422677247686
0 0.47478379627428463 0.07075528481480524 0.03127437925575221 0.04640422677247684
0 0.5968646135262339 0.1299104521723527 0.032991440560796934 0.038158858531956434
0 0.7891960899914297 0.33887753422546685 0.026981825176181546 0.037738625287103714
0 0.46266565991946496 0.3073154976880399 0.03728399464036759 0.04682446001732971
0 0.484006534038557 0.12450563668046143 0.04020297902233539 0.03866313842577984
0 0.5696124345098666 0.2551120521365941 0.02766861002498298 0.04615208682556512
0 0.7103349515328753 0.4241717693793001 0.03338388904582628 0.04296655083964874
0 0.8923892328878859 0.49242980478344367 0.030195145921921424 0.03318307292632301
0 0.5474375081770457 0.45732077567288293 0.030980042891980128 0.04279845754170763
0 0.40183356598083964 0.33211861574220164 0.026589376691152192 0.03293093297941127
0 0.6621593212364462 0.6040229643565387 0.023768504430441668 0.04229417764788428