0 0.3011910370905441 0.8305374073695049 0.025073539133600435 0.04573095623276548
0 0.22823539543194368 0.9219942090253935 0.024765813362072626 0.032509802386611636
0 0.2035285470272963 0.7972410586930738 0.024765813362072626 0.032509802386611636
0 0.32537640855304445 0.46193007427974575 0.02859538315395309 0.04231415735998786
0 0.28294743482702955 0.37652032407959257 0.028679308364369733 0.04591992659075709
0 0.47279834565774553 0.2141126248141221 0.038518493540865305 0.05603923216078636
0 0.5393766762637283 0.34507458250833317 0.028483482873397473 0.03750646505229555
0 0.5761597105169334 0.41517428330513934 0.038714319031837564 0.0644526936992479
0 0.7143808643630872 0.40793041958212284 0.021271944411859013 0.03712852433631206
0 0.7356757591498392 0.6276984831106962 0.021467769902831273 0.0455419858747736
0 0.5335009065955123 0.649098130850541 0.031195054798771365 0.05085359913711056
0 0.39527774287126 0.759581398950281 0.030775428746688014 0.032824752983264406
0 0.4240679465771361 0.7604734822401933 0.021271944411859013 0.03712852433631206
0 0.3607286944729694 0.7998066607530757 0.031083154518215885 0.046045906829418254
0 0.7334447881120723 0.36251441394601025 0.03809886748878209 0.038010386006940206
0 0.8362756315776705 0.5347929087102041 0.03480082402954073 0.05104256949510244
0 0.5714329286025102 0.5666795811167776 0.03460499853856847 0.042629107956640905
0 0.5394525619617515 0.7544264307844579 0.03468892374898512 0.04623487718741014
0 0.5718475299593476 0.8067492459047401 0.021271944411859013 0.03712852433631206
0 0.2985344103663988 0.8931003974888353 0.021271944411859013 0.03712852433631206
0 0.1303780848167728 0.8454916196990623 0.021160044131303464 0.03232083202861975
0 0.16607411109075793 0.7559875117424215 0.028483482873397473 0.03750646505229555
0 0.6907859841906513 0.596438261491412 0.030579603255715754 0.024411291444802866