0 0.38512224228071684 0.8697962245059103 0.027408284073870595 0.04615208682556526
0 0.3208573495283328 0.9525778568320314 0.02640644494172201 0.03293093297941141
0 0.28365010886131936 0.8244428608287855 0.02640644494172201 0.03293093297941141
0 0.37287789915003583 0.503100369404066 0.030740824450417585 0.04279845754170763
0 0.3217581765178045 0.4122502587767705 0.031014053304639962 0.04640422677247686
0 0.4964895652788014 0.2726332585979773 0.04135804819795078 0.056691984579625994
0 0.5764016476313081 0.41212334885365476 0.030376519311454412 0.03799076523401532
0 0.6203277631772937 0.4869282262360975 0.04199558219113633 0.06510544611808747
0 0.7585489170234475 0.4965935908677125 0.023164980849916087 0.03748648534019198
0 0.8017492611080603 0.7195964632989111 0.023802514843101637 0.04589994687865338
0 0.6006458707476504 0.7162939339641637 0.03378220459744929 0.051380012378110414
0 0.4726611235430504 0.8101620472458746 0.0324160603263374 0.03335116622426426
0 0.5016894299586858 0.8145830129750142 0.023164980849915952 0.03748648534019184
0 0.4419217185009095 0.8462702795362371 0.03341789945848612 0.04657232007041811
0 0.7732079406418847 0.45338313675611713 0.03999190392683916 0.03866313842577977
0 0.893658384629675 0.6387479038991128 0.03738797382821865 0.05163215232502202
0 0.63060145197771 0.6382864872794346 0.03675043983503283 0.04321869078656048
0 0.6170740453433012 0.8226514912761884 0.03702366868925521 0.04682446001732971
0 0.6548263243104828 0.8790913359089028 0.023164980849916087 0.03748648534019184
0 0.3886562860103147 0.9322121778569397 0.023164980849915813 0.03748648534019212
0 0.21490454678134385 0.8638712157367053 0.022800675710952782 0.032678793032499806
0 0.2419098241491125 0.7784841372924964 0.030376519311454412 0.03799076523401532
0 0.7535260482122411 0.6827488444841835 0.03177852633315199 0.02493770468580272