0 0.38512224228071684 0.8342795477046904 0.027408284073870595 0.0454506460952984
0 0.3208573495283328 0.9249094344550511 0.02640644494172201 0.03222949224914428
0 0.28365010886131936 0.7998339274646443 0.02640644494172201 0.03222949224914455
0 0.37287789915003583 0.4658544162042849 0.030740824450417585 0.04199180070190081
0 0.3217581765178045 0.37992609224981766 0.031014053304639962 0.045597569932669904
0 0.4964895652788014 0.21969079654971707 0.04135804819795078 0.05560475144771244
0 0.5764016476313081 0.35146565364258264 0.030376519311454412 0.0371841083942085
0 0.6203277631772937 0.4220138506593361 0.04199558219113633 0.06401821298617404
0 0.7585489170234475 0.4163817702267553 0.023164980849916087 0.03689026071946508
0 0.8017492611080603 0.6364581749065426 0.023802514843101637 0.04530372225792662
0 0.6006458707476504 0.6555032174916638 0.03378220459744929 0.05050321146527691
0 0.4726611235430504 0.7644027333147149 0.0324160603263374 0.03247436531143076
0 0.5016894299586858 0.7656311887695876 0.023164980849915952 0.03689026071946508
0 0.4419217185009095 0.8042355609250555 0.03341789945848612 0.0456955191575846
0 0.7732079406418847 0.3711759971937431 0.03999190392683916 0.037575905293866216
0 0.893658384629675 0.5447018720696656 0.03738797382821865 0.05065013530264842
0 0.63060145197771 0.573505132964101 0.03675043983503283 0.042236673764186876
0 0.6170740453433012 0.7609296259736941 0.03702366868925521 0.04584244299495611
0 0.6548263243104828 0.8136448752864303 0.023164980849916087 0.03689026071946508
0 0.3886562860103147 0.8968285223171476 0.023164980849915813 0.03689026071946508
0 0.21490454678134385 0.8472435580582316 0.022800675710952782 0.032082568411773045
0 0.2419098241491125 0.7581318842940448 0.030376519311454412 0.03718410839420837
0 0.7535260482122411 0.604665364026071 0.03177852633315199 0.024060903772968947