0 0.22072146290801406 0.6010720912761301 0.03221506368593511 0.056197743670915054
0 0.47877281093795815 0.17490675863275518 0.026861900599236047 0.0248078541120762
0 0.5471443818661402 0.306637932374484 0.02245282155312558 0.04750450301477553
0 0.44582010614153533 0.35174220232607784 0.02698777847131458 0.03201939257361466
0 0.6608262924543328 0.48774000761239683 0.022326943681047047 0.04029296455323707
0 0.7390412943278958 0.42634626225631755 0.03221506368593525 0.05619774367091519
0 0.5740813879857704 0.1981022697275181 0.02698777847131458 0.032019392573614594
0 0.4626077996965798 0.5564538216898083 0.03179547077900689 0.03215928213245352
0 0.5133883672543762 0.5062749421396354 0.03194232829643166 0.04057274367091519
0 0.46819236263663844 0.1193385179766156 0.016317328296431663 0.040118102604688365
0 0.8125142725986201 0.5750442486338085 0.038077821553125585 0.04795914408100243