0 0.1617710384391577 0.6121215442969568 0.03576315757783742 0.05783937669115233
0 0.4628145142130556 0.19991009232559692 0.028404550117454457 0.026196928206122908
0 0.5183241743480327 0.3351139513024427 0.025460988113651366 0.04864101818263195
0 0.4122362279592778 0.3748513440724922 0.028993222844998348 0.0334084666676613
0 0.6143805034788701 0.5220248818427329 0.024872315386107475 0.04142947972109349
0 0.6989073689824321 0.4647983587687939 0.03576315757783714 0.057839376691152196
0 0.556098531228604 0.22809364221261869 0.028993222844998348 0.03340846666766137
0 0.40877832119168467 0.580257500483246 0.03380091515269065 0.03380091515269065
0 0.4646798347134423 0.5327936293896192 0.03448770000149209 0.042214376691152196
0 0.4577122871755084 0.1438367338170767 0.01886270000149209 0.04093891911480693
0 0.7578511517274987 0.617221589307592 0.04108598811365137 0.04991647575897728