0 0.1895603594970972 0.5876068093016156 0.033180715620938 0.056379735585078805
0 0.4703372799135887 0.1444367491361393 0.02728174926662856 0.024961847270214495
0 0.5319100646430253 0.2719359771144493 0.02327152645454115 0.04763049741688878
0 0.428067719955922 0.323580526882236 0.027533581738924822 0.032173385731752956
0 0.636275120069974 0.44595916125718865 0.02301969398224475 0.04041895895535032
0 0.7178265633188473 0.3794870809850068 0.033180715620938134 0.056379735585078534
0 0.5645756776523391 0.16155364722526422 0.027533581738924822 0.032173385731752956
0 0.4341536204203486 0.5274457570932826 0.03234127404661699 0.03234127404661713
0 0.48764111211283073 0.47395826540080044 0.03263507859762937 0.040754735585078666
0 0.462652610919142 0.08948406422740611 0.017010078597629368 0.0402090985617701
0 0.7836194312539516 0.5236453437253756 0.03889652645454115 0.04817613444019728