0 0.8197624286344094 0.6105737176563254 0.02079631897860123 0.031368873926425615
0 0.8426269383783255 0.6080370124082387 0.013430938463985926 0.018105764576827547
0 0.8568122594011928 0.6283857937090424 0.020586534360769147 0.01334002777257946
0 0.2290168152940601 0.6656897686625503 0.02434614564461522 0.026582159370455553
0 0.6592543866596507 0.047843763742530666 0.0340174728247548 0.03144579234940715
0 0.20589078869412697 0.17427105221478933 0.04128495385104877 0.036295440160543806
0 0.1483514809895821 0.2647439344276678 0.017134607183076758 0.026540203867011263
0 0.07925278454440886 0.5223400650041132 0.02795191487538445 0.0266031371221778
0 0.03868109839398913 0.4973374282415801 0.028007857440139658 0.031410829429870106
0 0.07368986761252115 0.5872718814935889 0.03762324205552427 0.03146677010112939
0 0.16174855371399208 0.9725507602250268 0.02795191487538445 0.0266031371221778
0 0.19332022346133457 0.9447247222742038 0.041173068721538295 0.026680055545159467
0 0.4150639927410526 0.5828821415100417 0.02816169949321653 0.044631983276023954
0 0.9487491784385326 0.16394001997540184 0.03041170359398584 0.031424814597684966
0 0.8914459425035692 0.4406969939435425 0.037777084108601144 0.0446879239472831
0 0.36978503996720435 0.239418837450245 0.017092650259510397 0.02293443463624203
0 0.15623348816286908 0.31036806326339295 0.02795191487538445 0.0266031371221778
0 0.18540131175636543 0.28255601048038465 0.03756729949076906 0.026659077793437083
0 0.21677718252706463 0.27155689560648455 0.02451397333888087 0.041005236293532615
0 0.42380165022279875 0.24511378655902746 0.017134607183076758 0.026540203867011263
0 0.4448357251016096 0.1933122203249094 0.03041170359398584 0.0314248145976849
0 0.4742561323018185 0.04050716012580846 0.030523588723496323 0.041040199213069575
0 0.2843891906796545 0.6581565713412716 0.02079631897860123 0.031368873926425615
0 0.18925545426727697 0.6743339854699559 0.020740376413845987 0.026561181618733307
0 0.8681733229692358 0.78816464451683 0.028063800004894928 0.03621852173756242
0 0.399897992704341 0.8533847596568079 0.009923068721538296 0.02649824836356684
0 0.6638078112300024 0.3795255848859481 0.030775330264894762 0.06267481459768504
0 0.6267579804632191 0.3617135088332314 0.017344391800908836 0.04456905002085749
0 0.5927964502032192 0.3883516088749462 0.030355761029230603 0.026617122289992724
0 0.5814065732874846 0.33433499625248164 0.03428320000734239 0.054282330810945606
0 0.8193873425182538 0.33295046463881683 0.02816169949321653 0.044631983276023954
0 0.6145840655755974 0.4783629805499363 0.017134607183076758 0.026540203867011333
0 0.6056950922367166 0.5192773132526727 0.02795191487538445 0.0266031371221778
0 0.9454205958355971 0.4499977122830941 0.030467646158741084 0.03623250690537734
0 0.3411461445429404 0.531632989404608 0.020698419490279625 0.02295541238796421