0 0.8699549611960063 0.5527241314829534 0.02261790518092692 0.032798296840593474
0 0.8926234063596037 0.5485898359190323 0.014481853580712403 0.019030685285994872
0 0.9084752763151803 0.5679296128098351 0.021357205446368363 0.014769450686747322
0 0.28342473633251 0.6491252795983726 0.025887487815813993 0.028263833387123547
0 0.6634697751365036 0.00929093998568545 0.03583905902708077 0.0185818799713709
0 0.22020350305739486 0.159724571970613 0.04338678408450159 0.03915428598887911
0 0.17001661711480265 0.25414938812266075 0.018675949354275464 0.027717375678678654
0 0.12189683076373442 0.5163701222449425 0.029493257046583225 0.028537062241345786
0 0.07926646651996791 0.4942263313107447 0.02982944364246546 0.0333447545490381
0 0.12162765750045262 0.5816382735377519 0.03944482825785007 0.034073364826964436
0 0.24115470874308104 0.960442707305019 0.029493257046583225 0.028537062241345924
0 0.27047163581675804 0.9304304931325276 0.042714410892737004 0.029538901373494644
0 0.4628057180486653 0.553368762517522 0.030753956781141713 0.04656590839519194
0 0.9625717313510035 0.0974298126161908 0.032233289796311536 0.03352690711851968
0 0.9278159221526951 0.377970553121834 0.04036934139652633 0.047294518673118284
0 0.3894895302892375 0.21335289019189427 0.01842380940736386 0.02411160644790949
0 0.18162385131414566 0.29918493105255217 0.029493257046583225 0.028537062241345786
0 0.20853693223397654 0.2693548694495425 0.03910864166196777 0.02926567251927213
0 0.2390305123932414 0.2561695783539743 0.026896047603460742 0.04268691031020033
0 0.4439963019956288 0.21526407276317422 0.018675949354275464 0.02771737567867872
0 0.46081498839758683 0.16203308361488855 0.032233289796311536 0.03352690711851968
0 0.4777852947475557 0.014432622081785897 0.03290566298807626 0.028865244163571793
0 0.3382089179771481 0.6377242320387578 0.02261790518092692 0.032798296840593474
0 0.2443496013368424 0.66054425853328 0.022281718585044692 0.027990604532901166
0 0.9328746344744194 0.7267835429084557 0.030165630238347882 0.03815244685673054
0 0.46969698329781184 0.8247122176726221 0.011464410892737002 0.027170917970234035
0 0.6950801117908411 0.3327750472225836 0.03441850266954615 0.06477690711851967
0 0.6565597966716672 0.31756956589570184 0.01993664908883402 0.04574622183252491
0 0.6247549767951737 0.34656200956075156 0.03189710320042931 0.02871921481082751
0 0.6089536468222673 0.29338623394662106 0.03743594535752155 0.05663667443428052
0 0.8469344160530365 0.27535312956794505 0.030753956781141713 0.04656590839519194
0 0.6538950139295044 0.4349757909199074 0.018675949354275464 0.02771737567867879
0 0.6483391384560421 0.47647870952847754 0.029493257046583156 0.028537062241345786
0 0.9825748338059981 0.3834875049238831 0.032569476392194034 0.038334599426211986
0 0.38467248137370025 0.5073327998637586 0.022029578638133093 0.024384835302131938