0 0.8448289404544713 0.6298186113829491 0.021341974440145826 0.03160665397088909
0 0.8675955341365904 0.627813378490685 0.013745739691800032 0.018259622252656708
0 0.882613141684733 0.6484978265425342 0.02081738859449964 0.013577807817042934
0 0.25618852244276 0.6712002978255515 0.02480785411207613 0.026861900599235773
0 0.6613595819882888 0.06320051760287435 0.03456312828629994 0.03183743006969963
0 0.2130386612053165 0.17911024787569912 0.04191455630667726 0.036771000249470484
0 0.15917120581816346 0.2682684353136483 0.01759631565053767 0.026736022727157513
0 0.10054952798528174 0.524326093281134 0.028413623342845362 0.026924839535275316
0 0.058949723185992293 0.49837240072397115 0.02855351290168439 0.03173253184296762
0 0.09763034472191622 0.5891460208535945 0.038168897517069006 0.03190036900573891
0 0.2014045587418244 0.976578761237576 0.028413623342845362 0.026924839535275042
0 0.23185019377850002 0.9494800012473521 0.04163477718899921 0.027155615634085868
0 0.4389065537886505 0.5927003939781302 0.028938209188491618 0.04495368568912147
0 0.9556522607952294 0.1860660533151684 0.030957359055530712 0.031774491133660376
0 0.9096093719669345 0.4615642769668874 0.038553593803876234 0.045121522851892755
0 0.37962560417781455 0.24809022851892723 0.01749139848140839 0.023130253496388285
0 0.16891361816559572 0.31408836975415017 0.028413623342845362 0.026924839535275316
0 0.19695540704842518 0.2869476504732334 0.03802900795822998 0.027092676698046603
0 0.2278906555410374 0.2766758135599324 0.025227522788593176 0.04128497752231297
0 0.43388700458790186 0.25504392794413133 0.01759631565053774 0.026736022727157513
0 0.4528158841380746 0.20371788960732806 0.030957359055530438 0.031774491133660376
0 0.47601862141416657 0.05155619068106484 0.0312371381732087 0.04138987574904499
0 0.311267149642963 0.6649538230499482 0.02134197444014596 0.03160665397088881
0 0.21676986763226674 0.6789214310675813 0.021202084881306902 0.026798961663196782
0 0.9004856233622842 0.808584371872114 0.028693402460523414 0.03654022415065993
0 0.4347561107041146 0.8629232898323583 0.010384777188999276 0.02661014485507898
0 0.6794254230866426 0.39507814435106847 0.031866641187984227 0.06302449113366038
0 0.6416412218563808 0.37639892919148343 0.018120901496183926 0.044764868881003665
0 0.6087567682761492 0.40225380681409156 0.030817469496691584 0.02696679882596807
0 0.5951637799699795 0.3479574718990889 0.03522760369078512 0.054673968531238105
0 0.8331445492007489 0.3521114416776791 0.028938209188491618 0.04495368568912147
0 0.6342162359659194 0.49279665084490415 0.01759631565053774 0.026736022727157513
0 0.6269918356775894 0.533515177942864 0.028413623342845362 0.026924839535275316
0 0.9639756895461509 0.47212374562286075 0.03109724861436957 0.03658218344135268
0 0.36288351026190035 0.5397169636589602 0.021097167712177622 0.02319319243242755