0 0.3792219983987743 0.35996492312587186 0.017645794628220503 0.0158207989766432
0 0.34928968009507433 0.4076642338906972 0.0161919110739751 0.010999121027762153
0 0.6117140660321245 0.5788844349507656 0.006765496816582365 0.01449300512902104
0 0.6003775049562459 0.6376108380257308 0.009043362731767356 0.01211713025755237
0 0.4902721775724895 0.5078023036527244 0.007652469296852397 0.008497375385594398
0 0.5102639390448677 0.49962659801447246 0.010434256166682178 0.015736885129510478
0 0.3513887972715518 0.35603748414776015 0.008980372612436774 0.010915207180629292
0 0.375815421145281 0.3178836297923754 0.008980372612436636 0.010915207180629292
0 0.6113259036968569 0.6173180021299264 0.006513536339260038 0.009685312821328732
0 0.4032774527697876 0.566849534409718 0.010308275928021015 0.013333038975664326
0 0.4304858635133464 0.5359351897982492 0.012586141843205868 0.010957164104195654
0 0.5469362001169394 0.5805330564804164 0.010371266047351595 0.014534962052587402
0 0.5894546602638454 0.5437909098197867 0.008980372612436774 0.010915207180629292
0 0.594630071668237 0.5967034964867797 0.008030410012836024 0.015708913847132723
0 0.9680348754464043 0.6623091508960081 0.016695832028619753 0.020614505643146906
0 0.9698462564780648 0.7656325785878264 0.011825149601597 0.019356640001468587
0 0.9633854886388511 0.8027942944841201 0.017582804508890056 0.014618875899720125
0 0.9823540757730138 0.8438554780761479 0.009295323209089683 0.016924822565244677
0 0.45037208798563183 0.43406542672475257 0.0091063528510978 0.013319053334475446
0 0.2485171119915276 0.410095209261607 0.011195248408291182 0.007337409232237682
0 0.26845099415421736 0.37789502772608236 0.009106352851097937 0.013319053334475446
0 0.34222456511076543 0.31869395491601193 0.01277511220119775 0.014562933334964886
0 0.37887472254064336 0.21581806774223547 0.012838102320528195 0.01576485641188803
0 0.241295351910705 0.4556564010551734 0.0092323330897591 0.0157228994883216
0 0.27608813102214363 0.4548600615727257 0.0065765264585906195 0.010887235898251673
0 0.29398588612768656 0.47548855285706126 0.011321228646952345 0.009741255386083836
0 0.31227691437813915 0.43486092414188626 0.009169342970428485 0.014520976411398524
0 0.35091720157838513 0.4845593395313965 0.012586141843205868 0.010957164104195654
0 0.3580401958723826 0.5975540944033546 0.014864007758390994 0.008581289232727256
0 0.33634259036843667 0.5961004297850331 0.009043362731767356 0.01211713025755237
0 0.43958710555480224 0.5720767959530744 0.008093400132166605 0.016910836924055934
0 0.4160576757806274 0.5585899149243333 0.01144720888561351 0.01214510153992999
0 0.5259314859256299 0.5923005457082486 0.00790442977417486 0.013305067693286569
0 0.6192201118517475 0.6762681754639124 0.012901092439858913 0.016966779488811038
0 0.5671220427569517 0.5531405672525841 0.009106352851097937 0.013319053334475446
0 0.47142957067698793 0.46914496621454266 0.01043425616668204 0.015736885129510478
0 0.45358969488113343 0.47254095082747977 0.010308275928021015 0.013333038975664326
0 0.43523567651135026 0.5119666564657317 0.01144720888561351 0.01214510153992999
0 0.9506886989859102 0.7209656257650293 0.013027072678520076 0.019370625642657464
0 0.9789049516387583 0.7092820503843297 0.01277511220119775 0.014562933334965158
0 0.9903846153846154 0.6706730769230769 0.014423076923076924 0.02403846153846154
0 0.9555168345321708 0.6297313570483858 0.010686216644004367 0.020544577437202786
0 0.9270486214020005 0.6366072401213929 0.011699169362935836 0.01695279384762216
0 0.9298201866525461 0.6894918555060083 0.012712122081867304 0.013361010258042082
0 0.9963942307692307 0.7487980769230769 0.002403846153846154 0.016826923076923076
0 0.6641424181524997 0.6395540000856604 0.009106352851098074 0.013319053334475446
0 0.49741561510505516 0.5295068472432838 0.009358313328420128 0.018126745642167756
0 0.4070040914295759 0.5921178903074801 0.012901092439858913 0.016966779488811038
0 0.439896945341813 0.6009089641580394 0.012838102320528332 0.015764856411887962
0 0.40032202797089245 0.48753659697398366 0.015304938593705067 0.016994750771188796
0 0.36614892843347546 0.5459972728663616 0.012586141843206004 0.010957164104195654
0 0.37696112531614107 0.5689456964574104 0.010308275928021015 0.013333038975664326
0 0.3413069277726427 0.46162490158153646 0.010308275928020878 0.013333038975664326
0 0.3636395452795365 0.45227524414873915 0.011573189124274673 0.01454894769377628
0 0.390716864974792 0.4417796062037739 0.012964082559189358 0.018168702565734114
0 0.4252627944185505 0.41335302159328424 0.011699169362935836 0.016952793847622296
0 0.4809921867923261 0.42240982262643073 0.010308275928021015 0.013333038975664326
0 0.6265048620519008 0.6319089067472691 0.009106352851098074 0.013319053334475446
0 0.9579376735185688 0.8363642267908334 0.008980372612436636 0.010915207180629292
0 0.9734350328762822 0.5590696370513227 0.010560236405343204 0.018140731283356634
0 0.4743271161661945 0.5244334277530042 0.013977035278120827 0.014576918976153763
0 0.4504146348663941 0.5265575610830743 0.00790442977417486 0.013305067693286706
0 0.29460556570170815 0.5331528892669913 0.012838102320528262 0.015764856411887962
0 0.27651884023817347 0.5089186287518866 0.012838102320528262 0.015764856411887962
0 0.42799858400160135 0.6259955067203471 0.01511596823571332 0.01338898154041929
0 0.47336182113766745 0.5976947928805566 0.012649131962536586 0.012159087181118732
0 0.6404342396396172 0.5768162441854507 0.01030827592802115 0.013333038975664326
0 0.3115891338751449 0.3988172174753828 0.011699169362935836 0.016952793847622296
0 0.3995235996581633 0.3806213856925851 0.012964082559189358 0.018168702565734114
0 0.358910175520101 0.384953566199858 0.015115968235713186 0.013388981540419564
0 0.4611996172972237 0.3885461918547525 0.011636179243605117 0.01575087077069922
0 0.2412374726010165 0.4316319251579008 0.010182295689359851 0.010929192821818172
0 0.2904737718741004 0.33971320208831995 0.009106352851097937 0.013319053334475446
0 0.6116459651031518 0.6005050646941922 0.008917382493106193 0.009713284103706216
0 0.6444077279670858 0.6297148452112549 0.006576526458590483 0.01088723589825181
0 0.9728204641119027 0.47858274782104304 0.01043425616668204 0.015736885129510478
0 0.9940515847323241 0.5857357150026513 0.009232333089758963 0.0157228994883216
0 0.3794653976604379 0.6854902779953824 0.010560236405343204 0.018140731283356634
0 0.3752978281653356 0.6518084605591586 0.012838102320528195 0.015764856411887962
0 0.4920512333426719 0.47298849134552157 0.00916934297042852 0.014520976411398524
0 0.5561838656356248 0.527788297507689 0.012649131962536586 0.012159087181118732
0 0.598303941827979 0.5751248236669195 0.0065765264585906195 0.01088723589825181
0 0.9556495859840997 0.8843852073030013 0.014228995755443154 0.01938461128384607
0 0.9427110574731207 0.7521037406355189 0.017645794628220503 0.0158207989766432
0 0.34907515568887215 0.5181712287616763 0.01511596823571332 0.013388981540419564
0 0.3158043610606516 0.5021686164495786 0.009295323209089683 0.016924822565244677
0 0.3295243250518079 0.5347603959383898 0.01884771770514358 0.015834784617832078
0 0.337995665899958 0.5588827713239841 0.01675882214795047 0.021816428720069843
0 0.3834848832746852 0.5329859036380398 0.013027072678520076 0.019370625642657194
0 0.4053135798269345 0.5140208615898578 0.01410301551678199 0.016980765129999915
0 0.4253734422282853 0.48422452620817935 0.01410301551678199 0.016980765129999915
0 0.48469327140390395 0.5617909426259412 0.013977035278120827 0.014576918976153763
0 0.5181632580094004 0.5357542185281089 0.012712122081867032 0.013361010258041808
0 0.5312635424265353 0.5106816616069898 0.0091063528510978 0.013319053334475446
0 0.589081830357504 0.5137568185378986 0.01543091883236623 0.01939859692503495
0 0.5789471923585485 0.5724972072540525 0.011573189124274673 0.014548947693776144
0 0.5137488388466178 0.4744421559638431 0.010371266047351595 0.014534962052587402
0 0.4368989736621557 0.42910389236398344 0.0065765264585906195 0.010887235898251673
0 0.2598911091385263 0.4666834933653132 0.01151019900494409 0.013347024616853066
0 0.3086983595992059 0.5957787600376906 0.014040025397451408 0.01577884205307684
0 0.34828860939905265 0.6406834687606973 0.01043425616668204 0.015736885129510478
0 0.40819579288721475 0.6377769815893684 0.014228995755443154 0.01938461128384607
0 0.42495461503516524 0.659593410309438 0.01144720888561351 0.012145101539929853
0 0.2473526249857247 0.5253959107990895 0.011573189124274673 0.01454894769377628