0 0.34193184775507185 0.37887604991907414 0.017645794628220503 0.016703318226992756
0 0.30696031990492567 0.42487335927251135 0.016191911073975235 0.011818603188800946
0 0.5517474724294139 0.6093943861771318 0.006765496816582365 0.014808190575574432
0 0.5342378796591387 0.6673643441803688 0.009043362731767356 0.012558389882727283
0 0.4376124378121259 0.5321346201266446 0.007652469296852397 0.008875597921458414
0 0.4584860609551323 0.5250305450066742 0.010434256166682178 0.01624118184399574
0 0.3144765873438328 0.3734987578868169 0.008980372612436774 0.01135646680580407
0 0.342934578854719 0.33673171949626696 0.008980372612436636 0.01135646680580407
0 0.5473279424569892 0.6477018791776713 0.006513536339260038 0.010000498267882126
0 0.34431870107636625 0.5864540691853376 0.010308275928021015 0.01383733569014959
0 0.3748025980251152 0.5570526147173251 0.012586141843205868 0.011587534997302439
0 0.48671764603690665 0.6076390048840062 0.010371266047351595 0.015039258767072666
0 0.5331414935823084 0.5732292305278714 0.008980372612436774 0.011356466805803933
0 0.5327737744856091 0.6262678913734857 0.008030410012836024 0.01608713638299701
0 0.8997535860920572 0.7112889692904019 0.016695832028619753 0.02143398780418556
0 0.8907306665988582 0.8144232857142881 0.011825149601597 0.019923973805264474
0 0.8803645113611489 0.8511437419854071 0.017582804508890056 0.015501395150069678
0 0.8950497703808323 0.8930874448277846 0.009295323209089683 0.01736608219041959
0 0.40539714278359895 0.4565066305193526 0.0091063528510978 0.013760312959650224
0 0.20580981108539548 0.4220092191413244 0.011195248408291182 0.007904743036033706
0 0.22914515969193647 0.39094370521339183 0.009106352851097937 0.013760312959650087
0 0.3092177425815423 0.33577700611920464 0.012775112201197715 0.01519330422807167
0 0.3567022005362797 0.23510741707130178 0.012838102320528195 0.016395227304994747
0 0.19380080193544885 0.4670661142204055 0.0092323330897591 0.016164159113496376
0 0.22871956128554866 0.4680978503279673 0.0065765264585906195 0.011202421344805202
0 0.24447565233385193 0.4896088608626522 0.011321228646952345 0.01030858918987986
0 0.2670500086987839 0.4500528626657587 0.00916934297042845 0.014962236036573163
0 0.3005251061139225 0.5016423907345893 0.012586141843206004 0.011587534997302439
0 0.2958059579737712 0.614700182695858 0.014864007758390994 0.00933773430445529
0 0.2742343327084864 0.6121118504699443 0.009043362731767356 0.01255838988272701
0 0.38012443290673625 0.5935724434080142 0.008093400132166605 0.017289059459919952
0 0.3579807857578341 0.5788878576823703 0.01144720888561351 0.012712435343726014
0 0.4644531294589855 0.6182718265042464 0.00790442977417486 0.013683290229150585
0 0.5490491189174832 0.7069042008689 0.012901092439858913 0.017597150381917823
0 0.5098010341661253 0.5813811832637661 0.009106352851097937 0.013760312959650224
0 0.4228011985537813 0.4925947634381134 0.01043425616668204 0.01624118184399574
0 0.4045833820419435 0.49504519171139055 0.010308275928021015 0.01383733569014959
0 0.38207201579634203 0.533399266831361 0.01144720888561351 0.012712435343726014
0 0.8762343779371667 0.7688738136411415 0.013027072678520076 0.02000099653576398
0 0.9057104329766262 0.7587031284038983 0.01277511220119775 0.01519330422807167
0 0.9233511167952048 0.7212428854388531 0.015619889190358113 0.02376081122753221
0 0.8906370116216753 0.6781438416389836 0.010686216644004367 0.02104887415168805
0 0.8614129170595379 0.6835068345685346 0.011699169362935836 0.017520127651418322
0 0.8586413518089924 0.7363914499531499 0.012712122081867304 0.013991381151148593
0 0.9240644513464095 0.799675976360851 0.011636179243605117 0.016318204574495246
0 0.5978768126167312 0.6726484719737643 0.0091063528510978 0.013760312959650087
0 0.442488231048791 0.5541543491637574 0.009358313328420128 0.018568005267342393
0 0.34539975472427026 0.6118484992617212 0.012901092439858913 0.017597150381917823
0 0.3774107469658793 0.6223415745236687 0.012838102320528332 0.016395227304994747
0 0.34967797202910755 0.5072041688389141 0.015304938593705067 0.017751195842916827
0 0.30933184079729376 0.5637106949626609 0.012586141843206004 0.011587534997302439
0 0.3177504131453974 0.5871634152681953 0.010308275928021015 0.01383733569014959
0 0.293308456842742 0.4782666931595544 0.010308275928021015 0.01383733569014959
0 0.31664891625892505 0.4701147404236599 0.011573189124274673 0.015116281497572168
0 0.34486005810213105 0.4610689555328402 0.012964082559189358 0.018799073458840902
0 0.3824295132737572 0.43453348360167066 0.011699169362935836 0.017520127651418322
0 0.4372770439769047 0.4464899907431082 0.010308275928021015 0.01383733569014959
0 0.5609951379480993 0.663049228866742 0.0091063528510978 0.01376031295965036
0 0.8713892495583543 0.8843354517562564 0.008980372612436636 0.011356466805803933
0 0.9159880440467947 0.6086167892495127 0.010560236405343204 0.018645027997841897
0 0.9342620794646955 0.8582155340886529 0.010371266047351595 0.015039258767072666
0 0.9404078967072563 0.90202392397138 0.016632841909289306 0.020232064727262484
0 0.9335215304616548 0.9413792945878436 0.01043425616668204 0.016241181843996016
0 0.9110576923076923 0.9915865384615384 0.019230769230769232 0.01201923076923077
0 0.4199036530645748 0.5478832249765749 0.013977035278120827 0.015270326958571171
0 0.39573921128745204 0.5487466165204316 0.00790442977417486 0.013683290229150722
0 0.23904828045213802 0.5471471230939611 0.012838102320528262 0.016395227304994747
0 0.2234811597618265 0.5220303433285067 0.012838102320528262 0.016395227304994747
0 0.3628668006137833 0.646734709103559 0.01511596823571332 0.014145426612147597
0 0.4112535634777172 0.6208924417468847 0.012649131962536586 0.012789458074225516
0 0.5807196065142289 0.6088390855552732 0.010308275928021015 0.01383733569014959
0 0.27014163535562435 0.4140721930885659 0.011699169362935767 0.017520127651418322
0 0.36009178495722133 0.40054110591475806 0.012964082559189358 0.018799073458840902
0 0.3189744398645144 0.4027300253854681 0.015115968235713186 0.014145426612147597
0 0.42101192116431474 0.4116808036317699 0.011636179243605117 0.016318204574495246
0 0.1962625273989835 0.44310467541244347 0.010182295689359851 0.011433489536303435
0 0.25519930504897653 0.35402262136184304 0.009106352851097937 0.013760312959650087
0 0.5494117272045405 0.6309519788312478 0.008917382493106193 0.01015454372888113
0 0.5791499643406065 0.6618007236703881 0.0065765264585906195 0.011202421344805202
0 0.9238141512727126 0.5283190112871649 0.01043425616668204 0.01624118184399574
0 0.9338330306522913 0.636291460629812 0.009232333089758963 0.016164159113496515
0 0.917692227674737 0.8752430847460058 0.010371266047351595 0.01503925876707294
0 0.3080346023395621 0.7035188855382354 0.010560236405343239 0.01864502799784217
0 0.3073944795269721 0.6697109939233902 0.012838102320528332 0.016395227304994747
0 0.44304492050348193 0.4975099190873738 0.00916934297042852 0.0149622360365733
0 0.5015084420566829 0.5555246168043856 0.012649131962536586 0.012789458074225516
0 0.5387152889412519 0.6049413669108683 0.0065765264585906195 0.011202421344805065
0 0.8640619524774388 0.9321042839111816 0.014228995755443154 0.02007801926626348
0 0.864981250219187 0.7995076317971458 0.017645794628220503 0.016703318226992756
0 0.29515561354189707 0.535065168696937 0.01511596823571332 0.014145426612147597
0 0.2635225620162715 0.517360554973451 0.009295323209089683 0.017366082190419317
0 0.2738410595635767 0.5505827053553689 0.01884771770514365 0.01678034095749212
0 0.27979279563850357 0.5750833032768273 0.0167588221479504 0.022635910881108636
0 0.32805357826377635 0.5516448820739993 0.013027072678520076 0.02000099653576398
0 0.35189795863460394 0.5338775447227201 0.01410301551678199 0.017674173112417327
0 0.3751073270024839 0.5052158769486338 0.01410301551678199 0.017674173112417327
0 0.42636442090378834 0.5856819994746867 0.013977035278120827 0.015270326958571171
0 0.46260597275983034 0.5614733509668639 0.012712122081867032 0.013991381151148593
0 0.47835184218884935 0.5371572391174729 0.0091063528510978 0.013760312959650224
0 0.535918169642496 0.543258176335294 0.01543091883236623 0.020155041996762983
0 0.5196104999491438 0.6013051570690305 0.011573189124274673 0.015116281497572168
0 0.46461654576876676 0.5000982513132874 0.010371266047351595 0.015039258767072666
0 0.3924279494147674 0.450851688176166 0.0065765264585906195 0.011202421344805065
0 0.21126273701531983 0.4790387628702053 0.01151019900494409 0.01391435842064909
0 0.24659010193925562 0.6103403276684563 0.01404002539745134 0.016472250035494247
0 0.28151908290863964 0.657199186160094 0.010434256166682178 0.016241181843996016
0 0.34180420711278525 0.6574445534542986 0.014228995755443154 0.02007801926626348
0 0.35629538496483476 0.6800804643354071 0.01144720888561351 0.012712435343726288
0 0.19255122116812148 0.536931698142943 0.011573189124274673 0.015116281497572168