0 0.3377781948490777 0.36836085438404365 0.017828218573416328 0.016212609102024607
0 0.30224536255217543 0.4153045313356335 0.01631820457449538 0.01136294471561619
0 0.5450679495130178 0.5924298707139494 0.0069338881506091354 0.014632937316657072
0 0.5268707587954664 0.6508204365385877 0.009183688843456285 0.012313035320243141
0 0.43174680634352597 0.5186050685382387 0.007750697575034839 0.0086652940107578
0 0.45271865776471465 0.5109051323379499 0.010616680111877868 0.01596077662972835
0 0.3103650322713453 0.36378972734280535 0.009106666112956784 0.011111112243320065
0 0.3392720673396363 0.32625157461301985 0.009106666112956784 0.011111112243320065
0 0.5401993759831883 0.6308074650180557 0.0066257972286111275 0.009825245008964765
0 0.3377514390493213 0.5755533164806894 0.010462634650878865 0.013556930475882193
0 0.36860018388846155 0.5453106463698744 0.012712435343726014 0.011237028479467991
0 0.48001005789817275 0.5925672246171293 0.010539657381378366 0.014758853552805271
0 0.5268689163898104 0.5568605761450075 0.009106666112956784 0.011111112243320065
0 0.5258837624016794 0.6098291356870549 0.008212833958031714 0.01587683247229626
0 0.8921479108385137 0.6840546128546732 0.016934386418490988 0.020978329331001078
0 0.8819181867847896 0.7872940812339095 0.012049671380299177 0.019608517939213553
0 0.8711170206008442 0.8242598920675126 0.017751195842916827 0.015010686025101668
0 0.885325170840785 0.8657128857849219 0.009491779765454293 0.01712072762793545
0 0.40038750059630185 0.4440285984844498 0.009260711573955787 0.013514958397166219
0 0.20105275589913857 0.4153846459542552 0.011279444075304568 0.007589287169982784
0 0.22476698500723985 0.38368822029422095 0.009260711573955787 0.013514958397166219
0 0.30554119845529065 0.3262782794858938 0.01294350353522452 0.014842797710237358
0 0.35423246097055344 0.22438191762557066 0.013020526265724022 0.016044720787160436
0 0.18851050752477383 0.4607219462476038 0.009414757034954792 0.015918804551012373
0 0.2234432994860425 0.4607372134534459 0.006702819959110629 0.01102716808588784
0 0.23896083614447444 0.4817575148631628 0.011433489536303573 0.009993133323828939
0 0.262012301289149 0.441605655585951 0.00933773430445529 0.014716881474089295
0 0.29491206164636274 0.4921436641012784 0.012712435343726014 0.011237028479468126
0 0.28887384805633487 0.6051664054107637 0.0149622360365733 0.00891712648305406
0 0.267316255402219 0.6032089849169519 0.009183688843456285 0.012313035320243141
0 0.37350104043501575 0.581620171149863 0.008289856688531216 0.017078755549219338
0 0.35151175200897156 0.5676015478081043 0.011587534997302439 0.012396979477675093
0 0.4576052152085625 0.6038309579694713 0.008058788497032711 0.013472986318450108
0 0.5412329544964063 0.6898695841021508 0.013097548996223524 0.017246643864083373
0 0.503416196084276 0.5656784912647872 0.009260711573955787 0.013514958397166219
0 0.4173846106425862 0.47955592097467564 0.010616680111877868 0.01596077662972835
0 0.3991246962972416 0.4825321090247042 0.010462634650878865 0.013556930475882193
0 0.37615025388306655 0.5214820452249931 0.011587534997302439 0.012396979477675093
0 0.867941104736347 0.7422353182857312 0.013251594457222255 0.01965049001792953
0 0.8975574858874957 0.7312234174056855 0.01294350353522452 0.014842797710237221
0 0.9156472132634791 0.6933075159674554 0.015886508802566916 0.023340203406130983
0 0.8834102168696921 0.6512249410693056 0.010924771033875603 0.020768468937420657
0 0.8541019266405413 0.657429149641659 0.011895625919300174 0.0172046717853674
0 0.8507129264985642 0.7103137650262745 0.012866480804725019 0.013640874633314145
0 0.9154484280887053 0.7716004042823197 0.011818603188800946 0.01600274870844432
0 0.5904956591418901 0.654246879787461 0.009260711573955787 0.013514958397166219
0 0.4363700125791507 0.5404495443164343 0.009568802495953795 0.018322650704858525
0 0.3385378078626785 0.6008776452535061 0.013097548996223524 0.017246643864083512
0 0.3704505718261052 0.6104243529173007 0.013020526265724022 0.016044720787160436
0 0.3440368623392099 0.4962683654824823 0.015501395150069678 0.0173305880215156
0 0.3030031331601201 0.5538614618115157 0.012712435343726014 0.011237028479468126
0 0.3111550858960147 0.5770337769027826 0.010462634650878865 0.013556930475882193
0 0.2879620319873913 0.4690133210887276 0.010462634650878865 0.013556930475882193
0 0.31141475229292553 0.4601954059689478 0.011741580458301443 0.014800825631521245
0 0.3397521876366516 0.4503434560871092 0.01317457172672289 0.018448566941006588
0 0.3776584254763314 0.4227564646024366 0.011895625919300446 0.0172046717853674
0 0.4324077279012966 0.4331006417618361 0.010462634650878865 0.013556930475882193
0 0.5536981801402715 0.6457342068857252 0.009260711573955787 0.013514958397166219
0 0.8617488456853203 0.8576619057490625 0.009106666112956784 0.011111112243320065
0 0.9095891733537764 0.5810669769477328 0.010770725572876599 0.0183646227835745
0 0.9249724908708841 0.8297544048405038 0.010539657381378366 0.014758853552805271
0 0.9306131341113646 0.8733174401607469 0.016857363687991487 0.019776406254078
0 0.9232636916971895 0.9128130133843442 0.010616680111877596 0.01596077662972835
0 0.8993649765170206 0.96618602650771 0.016626295496492978 0.016170637023308496
0 0.4138415650396102 0.5348443825131373 0.014145426612147597 0.01488476978895347
0 0.3896490580401497 0.5364087870926625 0.008058788497032711 0.013472986318450108
0 0.23285989892665335 0.5393658783980384 0.013020526265724022 0.016044720787160436
0 0.21757343045971983 0.5147398077575522 0.013020526265724022 0.016044720787160436
0 0.3556119406394623 0.6352030446668089 0.015270326958571171 0.013724818790746367
0 0.40433548617144977 0.6079938018905807 0.012789458074225516 0.012438951556391204
0 0.5740681488201707 0.5910333544492883 0.010462634650878865 0.013556930475882193
0 0.2655249062810564 0.4055899353569747 0.011895625919300379 0.0172046717853674
0 0.35569957766135574 0.38946509995119266 0.01317457172672289 0.018448566941006588
0 0.3145261021239732 0.3928457415825395 0.015270326958571171 0.013724818790746367
0 0.4165355182014358 0.39881721442724927 0.011818603188800946 0.01600274870844432
0 0.19125288521168643 0.4367254567878583 0.010308589189879928 0.01115308432203604
0 0.25127017392168466 0.3460661234070033 0.009260711573955787 0.013514958397166219
0 0.5424796172871041 0.6140225140198488 0.009029643382457282 0.009909189166396852
0 0.5718810717551167 0.6439599419126196 0.006702819959110629 0.011027168085888115
0 0.9183554655280108 0.5006640470300348 0.010616680111877868 0.01596077662972835
0 0.9271254425135573 0.6081808378994972 0.009414757034954792 0.015918804551012373
0 0.908192149913392 0.8472376139710414 0.010539657381378366 0.014758853552805271
0 0.3000781118067961 0.6934943991281729 0.010770725572876803 0.0183646227835745
0 0.2998309021069353 0.6597566088168946 0.013020526265724022 0.016044720787160297
0 0.43758623475878006 0.4838752155436176 0.00933773430445529 0.014716881474089295
0 0.4954182888093805 0.5401023300196743 0.012789458074225516 0.012438951556391204
0 0.5320778638583624 0.5883624086173037 0.006702819959110629 0.01102716808588784
0 0.8538602441576487 0.9055709405111215 0.014453517534145331 0.019692462096645505
0 0.8563231291279761 0.7731495416560029 0.017828218573416058 0.016212609102024746
0 0.28914965596160813 0.5256715940189765 0.015270326958571171 0.013724818790746367
0 0.25769902838117825 0.5089133478936433 0.009491779765454225 0.01712072762793545
0 0.26763864542692317 0.5417849917577269 0.019030141650339408 0.01625458118074072
0 0.273309729278472 0.5660752857684846 0.017011409148990627 0.02218025240792388
0 0.32187922934946056 0.5412698891461025 0.013251594457222392 0.019650490017929664
0 0.3459481314989906 0.5228365894109381 0.0142994720731466 0.017288615942799623
0 0.369508315146093 0.49354400990474995 0.0142994720731466 0.017288615942799623
0 0.4198673219325879 0.5723978024487649 0.014145426612147597 0.01488476978895347
0 0.45641759123434567 0.5471726850392225 0.012866480804725019 0.01364087463331428
0 0.47245814549791165 0.5224359653684303 0.009260711573955787 0.013514958397166219
0 0.5299964077292204 0.5268544713006466 0.01565544061106868 0.01973443417536175
0 0.5130011400885921 0.5852870092040009 0.011741580458301443 0.014800825631521245
0 0.45914382741289594 0.4858326360374295 0.010539657381378366 0.014758853552805271
0 0.38747443767214595 0.43875921331088097 0.006702819959110629 0.01102716808588784
0 0.20584614910412466 0.47216883512065205 0.011664557727801941 0.013598902554598169
0 0.23967202463298823 0.6022436271064829 0.0142224493426471 0.016086692865876547
0 0.27408179898912294 0.648015915392834 0.010616680111877868 0.01596077662972835
0 0.3344090210267752 0.646508750097867 0.014453517534145468 0.019692462096645776
0 0.3486476118777846 0.668689002505791 0.011587534997302439 0.012396979477675093
0 0.18644703530965023 0.5305174288665744 0.011741580458301443 0.014800825631521245