1 0.41036060909103256 0.19169843994377825 0.03326711957529364 0.030848744839140282
1 0.2296612709155631 0.4795313398642707 0.019264275897069496 0.035934087457761985
1 0.2900013280336636 0.5316904676576661 0.01943236919501061 0.03833793361160814
1 0.44541909821892295 0.5018088928926383 0.02004596572913979 0.030001494803645966
1 0.5308649533207672 0.5229795294886007 0.016272103200429308 0.027366580458301443
1 0.9254730925222442 0.2838664902887834 0.028879660512453907 0.036550269301757726
1 0.6158312385536833 0.39562042304852935 0.021836215348856696 0.038491979072607006
1 0.38104536191667526 0.6799873000965454 0.014397806931741778 0.017674173112417327
1 0.4625574978668331 0.653820800309511 0.023483641661967772 0.02782871684129818
1 0.5676543554442993 0.6702141852088496 0.015599730008664854 0.017751195842916827
1 0.589919600679414 0.7489087849334145 0.018171669460452122 0.020309087457761714
1 0.49127786172275106 0.7437948441093803 0.020407422316357164 0.018059286764914563
1 0.3633532623251513 0.8466694941363557 0.01987787243119854 0.02759764864979995
1 0.4612973580987145 0.8444948737683519 0.018844042652216713 0.029924472073146326
1 0.4461096246599375 0.9063016691938567 0.023147455066085544 0.023021024533605876
1 0.42107084000879413 0.8672705310077533 0.019541685835316312 0.022789956342107367
1 0.3980662082493146 0.8682109452821093 0.016272103200429308 0.027366580458301443
1 0.5090276180390305 0.2137163265752349 0.02074360891223939 0.022866979072607006
1 0.6886772130520278 0.19987530607377302 0.02107979550812189 0.027674671380299314
1 0.13754934062082924 0.19111822592781932 0.018171669460452122 0.02030908745776192