1 0.42283298399531355 0.14747337256597584 0.03141782201377757 0.03011949377004168
1 0.2647113755735791 0.4520639190997097 0.01702970801023768 0.03554141380517036
1 0.32869300200679813 0.49754518771639994 0.01704369317805233 0.037945259959016514
1 0.48110647750708474 0.4516619503958709 0.018196668167623723 0.02958077303301219
1 0.5677358426363425 0.46376077829895074 0.014576913769039707 0.027030003041794395
1 0.9424063898375453 0.18521057075368574 0.026645092625622296 0.03593321070482821
1 0.8938991319789612 0.9397692998556498 0.021837400317929988 0.035737312254999355
1 0.6426878122526823 0.3284638392526072 0.019447539331898484 0.03804320918393108
1 0.4304796653694095 0.6352582433469162 0.013319050020857485 0.017365643813952565
1 0.5096247812647403 0.6007759189247394 0.021788452230578167 0.027323850716537815
1 0.6154499527052302 0.6060815376438883 0.014520973097780563 0.017414618426409782
1 0.6435417088445345 0.6818781984804491 0.016938804419441365 0.0199164138051705
1 0.5449910091207495 0.6870960397788645 0.01932866540547287 0.017610516876238772
1 0.42544201914792257 0.80257042410151 0.01818268299980894 0.02717692687916604
1 0.52274884029134 0.7901900189540132 0.016994745090700647 0.029531798420555113
1 0.512295146962217 0.8531307904661283 0.021760481894948596 0.022516158408845507
1 0.48443414609185687 0.8169975911680291 0.018154712664179364 0.02236923457147373
1 0.4616115927981332 0.8203319549585626 0.014576913769039707 0.02703000304179426
1 0.5226835029707252 0.15903347973202625 0.019356635741102444 0.022418209183930962
1 0.7004212740932851 0.12654485247297242 0.019384606076732015 0.027225901491623287
1 0.15129626478540176 0.17536855805823157 0.016938804419441435 0.019916413805170362