1 0.4314655544992641 0.196631237482478 0.03293009713855724 0.03121413724941432
1 0.2889707890335861 0.48259501468887633 0.018857040452679722 0.036130837217140326
1 0.3554728740081045 0.5354989808570612 0.01899704854755946 0.038534683370986485
1 0.5058069712118191 0.5074022074806795 0.019708943292403393 0.030212298117265737
1 0.5932554853669991 0.5295846999820164 0.015963165966754424 0.027535223109197204
1 0.9541265220545877 0.29487042325972906 0.028472425068064338 0.03685944749506653
1 0.6612761939947658 0.40311096745914754 0.02140089470140575 0.03871683594046793
1 0.4646948900675492 0.6849763118522104 0.014201210510312133 0.017828762209071796
1 0.5422017079110353 0.6597373466451023 0.023174704428292888 0.02808168081764196
1 0.6485309710597852 0.6773674443176764 0.01540313358723521 0.01791983849381259
1 0.6806554608651686 0.7563852757897913 0.017946987835961235 0.02050583721714033
1 0.582167772604916 0.7501189435179699 0.020210825894927516 0.018284143632775758
1 0.46841583727707775 0.8515882381208141 0.019568935197523656 0.02780845196341958
1 0.5652815781757679 0.8505519556463563 0.018507020215480178 0.030121221832524945
1 0.558104480950334 0.9122322690836893 0.02289468823853328 0.023273988509949654
1 0.5282901247104669 0.8728778991500359 0.019288919007764187 0.023000759655727274
1 0.5055935943438082 0.873551295893807 0.015963165966754424 0.027535223109197204
1 0.532135222500598 0.21981556911596337 0.020490842084687124 0.02309183594046793
1 0.7085497528889758 0.20805447464221535 0.020770858274446462 0.027899528248160308
1 0.1608109957788071 0.19287492020798308 0.017946987835961235 0.02050583721714026