0 0.3002947455687446 0.5253182801915062 0.02444404513293682 0.03541527063354703
0 0.5735105804730088 0.2798411971025636 0.009825169233216694 0.018252646714957247
0 0.7861619988493764 0.9021256054209931 0.01840645846594395 0.03287154912900657
0 0.32384286760028397 0.6701634960262818 0.01597464102972004 0.03041175283488247
0 0.5328952532683946 0.46583255319316197 0.01589072718258732 0.023200214373344005
0 0.5053506061181136 0.2513876991774034 0.014632861540909002 0.018364546995512862
0 0.5365306779121695 0.2566699627384077 0.009881111797971935 0.023060339022649555
0 0.27290309840622634 0.4009896818748395 0.01723250667139836 0.03524742021271375
0 0.3044887537947576 0.3714161762050745 0.01228495795181802 0.023116289162927364
0 0.471933673799163 0.33507571837884575 0.015764856411888097 0.012382906681036313
0 0.4960009486853162 0.2287749612769761 0.01459090461734264 0.014758777764743632
0 0.46493276202077066 0.2138773131005872 0.009853140515594315 0.020656492868803403
0 0.6259904543284629 0.21012865370197595 0.01706467897713264 0.020824343289636758
0 0.350344486118603 0.251390713994551 0.023186179491258504 0.030579603255715824
0 0.4061767035327998 0.4099036798586535 0.014772717952796964 0.030383777764743634
0 0.43560604398231323 0.8754385566707796 0.017148592824265636 0.028035881751175287
0 0.3369373086104245 0.7840104874923075 0.021872371284824946 0.020936243570192168
0 0.3229338009230117 0.7482884960262818 0.018294573336433473 0.02325616451362195
0 0.36792073936252323 0.9094570836754805 0.022012227696713047 0.03295547433942293
0 0.2196845117637077 0.22439191971661307 0.017120621541888016 0.02563203559732913
0 0.2665849568501432 0.5309092744630874 0.014716775388041793 0.025576085457051187
0 0.5075709548058771 0.4736315681276171 0.014828660517552205 0.03519147007243594
0 0.5513042379302806 0.12294877542841835 0.017092650259510397 0.02322818944348291
0 0.4965184174093019 0.18430380743082225 0.009825169233216694 0.018252646714957247