0 0.26925771912142415 0.5342350319733096 0.02647581435860789 0.03499562090891709
0 0.556415694574259 0.29662567104478194 0.010876084349943173 0.018084786825105368
0 0.7324952668885469 0.925309160053682 0.020298105676051392 0.03255681183553404
0 0.28432845921137034 0.6798145685430572 0.017726166224264126 0.03013898051387324
0 0.5050109721712535 0.481498062205899 0.017221886330440785 0.02292744205233464
0 0.4900072454139078 0.2661790168389833 0.01568377665763548 0.01811275716073494
0 0.5208370121690549 0.272370439405191 0.011212270945825399 0.022892479132797607
0 0.24915241676820907 0.40906720995953205 0.01926427589706943 0.03495366540547287
0 0.28241953634350264 0.38040286329497053 0.013616117099671553 0.02290646430061253
0 0.45175610355801565 0.34892290938117587 0.016465466489705705 0.012110134360026947
0 0.48198874712896383 0.24328653770618566 0.01543163671072374 0.014506987929965708
0 0.45183135356558124 0.2274797305245933 0.01104417764788415 0.02048863297895152
0 0.6128890458732735 0.2284167367681847 0.01825571610942261 0.02053058848239595
0 0.3352113084377425 0.2616712042841597 0.024937704685802586 0.03018093601731746
0 0.38172541181696495 0.42186261754248405 0.016524243147341047 0.030131987929965638
0 0.38397108124715484 0.8884115563219525 0.01875999600324609 0.02774212694393441
0 0.2907671044822436 0.7940811718576384 0.023063408417114985 0.02055855881802552
0 0.2788654270282836 0.7579395685430572 0.019625732484286937 0.022941427220149427
0 0.3143941294172573 0.9204718947000613 0.023903874906820624 0.03257778958725602
0 0.20630285927739125 0.23086093571517635 0.018591902705304975 0.025338280790088187
0 0.23526768637169576 0.5388469319315947 0.016188056551458822 0.025324295622273334
0 0.4792663076620454 0.48856275640538216 0.016860429743223274 0.03493968023765795
0 0.5433873440509415 0.13903389628971088 0.01842380940736386 0.02293443463624203
0 0.48509847314087473 0.1988153838600318 0.010876084349943173 0.018084786825105368