0 0.3468371787555536 0.5503029551740934 0.026679673795944252 0.03625585017956686
0 0.5991456903998291 0.32687117354037504 0.010981528886496505 0.018588878533365234
0 0.8666394341114434 0.96708576037572 0.020487905841847558 0.033501983788521164
0 0.3830977938245735 0.6972057324780233 0.017901907118519682 0.03095812953979541
0 0.574709899788372 0.5097271978684526 0.017355449410074924 0.023746591078256947
0 0.528359167896694 0.29283286591322477 0.015789221194188678 0.018868894723124773
0 0.560064549320398 0.3006625865312771 0.011345834025459677 0.02339657084105754
0 0.3085190912963578 0.4236228580355363 0.019468135334405928 0.035835825894927516
0 0.3375832604625789 0.39659680942281944 0.013749680179305694 0.023536578935937278
0 0.5021915084668853 0.37387544894004016 0.016535762847407928 0.012929283385949257
0 0.5170133338712345 0.2694362950721672 0.015515992339966434 0.015263125492355542
0 0.4845793421696042 0.25199118983873026 0.01116368145597809 0.020992724687211386
0 0.6456370344772965 0.26137173219567467 0.018375219917516554 0.02141274897185073
0 0.3730378621193947 0.28019657456271047 0.025113445580058142 0.031378153824434755
0 0.4428433156822272 0.4434125380705941 0.01669998404159674 0.03088812549235561
0 0.513036683392422 0.9117888092925046 0.018921677625961173 0.028624287433389056
0 0.40617311779802523 0.8122284733549943 0.02318291222520886 0.02169276516161034
0 0.3890177523327247 0.7753307324780233 0.01975929556392108 0.023886599173136548
0 0.448188050772731 0.9403205057127941 0.02409367507261665 0.03371199593084111
0 0.23975133961625966 0.2425180564686862 0.018739525056479585 0.02622044127954297
0 0.3135476377406705 0.553150534153469 0.016335678902633433 0.026080433184663302
0 0.550015972881432 0.5154686513337535 0.017064289180559775 0.03569581780004792
0 0.5631762355603244 0.1680191695146543 0.01855737248699814 0.023816595125696817
0 0.5136435113358253 0.22496514122601335 0.010981528886496505 0.018588878533365234