0 0.42159323942051274 0.09314910326092123 0.025101514203739475 0.04693287930968849
0 0.6377954981597753 0.2942993059194794 0.017358449409561907 0.023718400132166605
0 0.6262438040705122 0.6874541323119867 0.020824343289636824 0.01789775510554283
0 0.595862036183867 0.6002125578416047 0.011348834024946523 0.023403449535513696
0 0.2710091144510679 0.5284035626072143 0.028567408083814118 0.04111223428306478
0 0.31522949760502095 0.4852705336959289 0.024709863221794956 0.03010595623276548
0 0.5009620434910249 0.8092637398683211 0.017498324760256496 0.029728015516781718
0 0.41378417509556564 0.6349644504759067 0.021104093991025728 0.029916985874773597
0 0.49263652691917686 0.599620092719419 0.017358449409561907 0.023718400132166605
0 0.48975207987772357 0.8782772762075812 0.017498324760256496 0.029728015516781718
0 0.24677683729973252 0.43483742215556387 0.017358449409561976 0.023718400132166605
0 0.5550835915960466 0.4438893461029899 0.017218574058867595 0.01770878474755122
0 0.526428238545619 0.6950861583702709 0.014954603255715754 0.023592419893505443
0 0.40206865034166595 0.8288520065765055 0.014954603255715754 0.023592419893505443
0 0.45931335691175146 0.845059250079407 0.017498324760256496 0.02972801551678199
0 0.5198152308865384 0.10240699039889073 0.015094478606410342 0.029602035278120793