0 0.41755845759961735 0.1277298689521588 0.0266986153411772 0.04637252471727202
0 0.626321587356604 0.3469051732741383 0.018156999978280908 0.023326151917475002
0 0.6010264176899158 0.7398640746485649 0.02141274897185073 0.017421453701988828
0 0.5737547941235441 0.6499775124340939 0.012147384593665524 0.02315128996892623
0 0.25201201671101864 0.5515227147407329 0.029954364334746887 0.04046782650178598
0 0.29766138509320544 0.5119163361548995 0.025718558677018777 0.029545601640348942
0 0.47170987528953306 0.8516815062827854 0.018507020215480178 0.029335767302090525
0 0.3907943245119219 0.6699370662033055 0.02211278944624941 0.029440684471219596
0 0.47073942974535893 0.6409602715344397 0.018156999978280908 0.023326151917474867
0 0.4581042599700751 0.9199113425497226 0.018507020215480317 0.02933576730209025
0 0.23110002876646174 0.4558013990901952 0.018156999978280908 0.023326151917475002
0 0.538524174539455 0.4900296878609867 0.017806979741081363 0.017316536532859753
0 0.5011267942104206 0.7393652124565014 0.015753153824434755 0.023256207138055575
0 0.3723121344125622 0.8632368472496624 0.015753153824434755 0.0232562071380553
0 0.42888437734583174 0.8841462911864999 0.018507020215480317 0.02933576730209025
0 0.5152761013380309 0.1450206818314356 0.016103174061634026 0.02926582252267089