0 0.4283081657105863 0.13267265358201552 0.02563340052967119 0.04665256917222141
0 0.6568910697971722 0.3544243668895294 0.017624392572527698 0.023522183035939594
0 0.668212093383472 0.7473552638184611 0.021020301409717054 0.01765949148869585
0 0.6326542364815617 0.6570906415898083 0.011614777187912586 0.023277309973653522
0 0.30262522573349754 0.5548272393091357 0.029029309366860205 0.04078987762497759
0 0.3444674058263829 0.5157249407422111 0.025045791427646583 0.02982564609529826
0 0.5496452590940583 0.8577444687324397 0.01783425296610812 0.029531798420555113
0 0.452045265519214 0.6749358597241522 0.02144002219687735 0.02967872225792662
0 0.5290789914725968 0.6468692095338717 0.017624392572527833 0.02352218303593973
0 0.542422282965488 0.9258622872173974 0.01783425296610812 0.029531798420555113
0 0.27286712382262246 0.45879787475815365 0.017624392572527903 0.023522183035939594
0 0.5826427682448901 0.49662473477504493 0.017414532178947686 0.01751256765132421
0 0.5685364221562886 0.7456942171383576 0.015220546418681816 0.023424233811025028
0 0.4515912317309584 0.8681516274340242 0.015220546418681816 0.023424233811025028
0 0.5099550926827228 0.8897331780627403 0.01783425296610812 0.029531798420555113
0 0.5273695229628711 0.15111164872658484 0.015430406812261967 0.02943384919564055