0 0.596875685006607 0.5857270032857389 0.03760225199607785 0.061935706528208186
0 0.5776161440850588 0.37271685992841724 0.04240994430377016 0.0623281550132374
0 0.8607253700492772 0.5087539776546601 0.02309526406611221 0.046335284150043204
0 0.4402410928917001 0.506866658291516 0.024178313216609536 0.0260007039636083
0 0.3531781875601837 0.40965835479175716 0.02788897120598973 0.0443238864812264
0 0.05999986038174912 0.4013439972049675 0.029076909115097988 0.04201815244863765
0 0.5484918895929078 0.7355505601603419 0.03148075526894418 0.042214376691152196
0 0.431102005337168 0.7944451876617384 0.029076909115098023 0.04201815244863765
0 0.3384428484267221 0.9742924422036664 0.02903495361165353 0.034806613987099194
0 0.9279569452891376 0.707659759708429 0.024206283552238972 0.03080839627130061
0 0.9681510418494121 0.595610956446563 0.01702970801023768 0.03622933892837196
0 0.4787375942727756 0.5160158615563661 0.01809877199292022 0.013490912588090773
0 0.4572568157341229 0.5406921510660418 0.009713280790088255 0.017611820046981783
0 0.45141341965298626 0.1557824300868852 0.016952789587256288 0.0230081850822181
0 0.6760401759433611 0.15129285830046835 0.018168697831994016 0.025510143357321578
0 0.9749911720087089 0.32586504898767205 0.01698075992288586 0.02781587738991029