0 0.5843720985301524 0.5407139518348701 0.03828761800658963 0.059111000870360024
0 0.5700356699572753 0.3290706015377976 0.04309531031428207 0.05913897120598973
0 0.8505155063716353 0.4436946279868054 0.023612785339355905 0.044604012940394386
0 0.4292759790242051 0.47369914669613916 0.024458054445389895 0.0241783132166094
0 0.3443109908867248 0.38305144988557566 0.028378518356355322 0.0422281371221778
0 0.05076902472799062 0.3969702594121705 0.02953848214258555 0.03983128355223911
0 0.5324078577719651 0.6942734097408206 0.03194232829643166 0.039845268720053895
0 0.41342355644875783 0.762097751902511 0.02953848214258551 0.03983128355223897
0 0.4047765890426715 0.9820217046438043 0.024500013736082647 0.026582159370455827
0 0.316400731774717 0.949052330357734 0.02941260427050711 0.03261974509070051
0 0.9132435527016317 0.6375888354863277 0.024541973026775674 0.02898600552430198
0 0.9561229832702721 0.5224419679545639 0.01743533279196896 0.03495366540547287
0 0.46763261925901156 0.47993252476579124 0.018238642607310333 0.012124119527841733
0 0.445536451676775 0.5062489659477657 0.009909099650234437 0.016882863748182222
0 0.4486441689568587 0.12161260358065897 0.017204556693158544 0.021732511559318955
0 0.673802397603056 0.10008367830980396 0.018448439060774237 0.024143350297072503
0 0.9692568650116772 0.2520582237342234 0.017288475274544187 0.026540203867011263