0 0.590624314993393 0.5441685221318844 0.03760225199607785 0.05932778564608367
0 0.5738261636072489 0.3324202759755908 0.04240994430377016 0.05938372821083891
0 0.8556207837968766 0.4486876708857289 0.02309526406611221 0.04473688102874117
0 0.4347589071082999 0.4762446195465707 0.024178313216609536 0.0243181743622376
0 0.3487448893628932 0.38509342261174606 0.02788897120598973 0.04238897743965025
0 0.055384755002866264 0.397305926161678 0.029076909115097988 0.03999911692699284
0 0.5404504180993999 0.6974412646892973 0.03148075526894418 0.04002708820937046
0 0.4222633792782166 0.7645802872374099 0.029076909115098023 0.03999911692699298
0 0.41617604411547043 0.9844762677495777 0.024192298384424323 0.026722020516083616
0 0.32742253618866246 0.9509894072246833 0.02903495361165353 0.03278757846545424
0 0.9206007470185547 0.6429664965357283 0.024206283552238972 0.02912586666992977
0 0.9621374196890494 0.5280573929515324 0.01702970801023768 0.03505156820741243
0 0.4731854826503013 0.48270177544922777 0.01809877199292022 0.012229015387062848
0 0.4513970304197233 0.5088923416001371 0.009713280790088255 0.016938808206433557
0 0.45002888803932145 0.12423500006118599 0.016952789587256288 0.021830414361258654
0 0.6749213625181774 0.10401377650195383 0.018168697831994016 0.024248246156293583
0 0.9721242126066757 0.25772260013216175 0.01698075992288586 0.026638106668950893