0 0.5853208370957188 0.7174275692068963 0.010770725572876736 0.01881374312390486
0 0.5973077848482249 0.6423196657101217 0.008135811227532212 0.015011749650621088
0 0.5806349072323008 0.6412893892538781 0.007827720305534204 0.010204057342928782
0 0.31080409766589806 0.7099452801730065 0.010770725572876736 0.01881374312390486
0 0.7151912530312045 0.7618255852857938 0.010924771033875603 0.02121758927775101
0 0.7484134034131222 0.747157327242615 0.009722847956952526 0.021119477156493743
0 0.6707058000823444 0.8216517820239277 0.012789458074225516 0.013000351981804013
0 0.5079499228923512 0.6747222351772917 0.01294350353522452 0.015404198135650167
0 0.4803038497174643 0.5837193745724971 0.009183688843456285 0.012706015618032205
0 0.48357108741516713 0.6073653876259293 0.01294350353522452 0.015404198135650304
0 0.4622445629525496 0.604323713500869 0.010539657381378366 0.015207973893135628
0 0.4009464860294727 0.6093274316849931 0.01294350353522452 0.015404198135650167
0 0.6287118303092238 0.6373649044035848 0.008135811227532212 0.015011749650621088
0 0.552050262188714 0.620905653823773 0.008135811227532212 0.01501174965062102
0 0.5057144213022103 0.6163185650143477 0.0055779196126870545 0.012411679254260122
0 0.3813628861629308 0.6910336232939271 0.01317457172672289 0.019009967366419397
0 0.3944908757702228 0.6540929218949189 0.013328617187721893 0.021413813520265553
0 0.47720311417781064 0.4082140277198928 0.015347349689070673 0.015600422378164981
0 0.4226401402305692 0.4760366598896239 0.013174571726723027 0.019009967366419536
0 0.3239463863758963 0.6168085305223856 0.014376494803646103 0.01910807948767694
0 0.3505104565124783 0.5381194354166767 0.01294350353522452 0.015404198135650167
0 0.3433132171536461 0.48251205989260804 0.01557841788056918 0.019206191608934213
0 0.7469481291279761 0.6767344263104402 0.009568802495953523 0.018715631002647316
0 0.2976115420251567 0.5986324170036119 0.015578417880569044 0.019206191608934213
0 0.3803579058551254 0.5201397445065006 0.01557841788056918 0.019206191608934213
0 0.5626060610784547 0.6427610710727383 0.010231566459380358 0.01040028158544332
0 0.5315566886588845 0.6608388741041716 0.010539657381378366 0.015207973893135628
0 0.4217661343953185 0.6949093496327163 0.013174571726723027 0.019009967366419397
0 0.41014815878694755 0.726944246602775 0.012635412613226512 0.01059650582795786
0 0.41791315546468855 0.6617460640851568 0.00933773430445529 0.015109861771878084
0 0.5267632954538984 0.6050352743375883 0.010770725572876736 0.01881374312390486
0 0.49925696863730423 0.5678246158305602 0.013991381151148593 0.013098464103061556
0 0.47441231196581096 0.3211604279533095 0.01557841788056918 0.019206191608934213
0 0.4303746962972416 0.42997113448151764 0.01294350353522452 0.015404198135650304
0 0.43664582048442396 0.4067421475349499 0.010539657381378366 0.015207973893135628
0 0.44746497058238777 0.49911857783734714 0.008366879419030719 0.018617518881390183
0 0.4738445546469022 0.44196598599499626 0.010770725572876873 0.01881374312390486
0 0.5132036100746782 0.6300548570886233 0.010231566459380358 0.01040028158544332
0 0.6164901295539071 0.5295596983437021 0.00933773430445529 0.015109861771878222
0 0.3027720649686217 0.5181035708497658 0.01317457172672289 0.019009967366419397
0 0.33226668367549606 0.5802602776084066 0.01453054026464497 0.021511925641523096
0 0.35293228658034287 0.6682460417099759 0.009568802495953795 0.018715631002647316
0 0.44276842642757575 0.6656953249233681 0.008135811227532212 0.015011749650621088
0 0.43339840910639577 0.606678404411045 0.015732463341568047 0.021610037762780365
0 0.5965841396626611 0.6722696305119412 0.010539657381378366 0.015207973893135628
0 0.5941498528977464 0.6915985118639678 0.010385611920379362 0.012804127739289474
0 0.6271104944770971 0.6996686801610701 0.01294350353522452 0.015404198135650167
0 0.6476667916347199 0.7147295850553612 0.012789458074225516 0.013000351981804013
0 0.7161745646136791 0.6158777547499797 0.01294350353522452 0.015404198135650167
0 0.5675355158304213 0.5658379941496613 0.00852092488002945 0.021021365035236335
0 0.5828505825027672 0.47611078948729496 0.010770725572876873 0.01881374312390486
0 0.35716485194650194 0.4156213936917801 0.00933773430445529 0.015109861771878359
0 0.390139792628559 0.3674955137372698 0.013174571726723027 0.019009967366419397
0 0.6065864803361992 0.7587345575509805 0.010539657381378366 0.015207973893135628
0 0.6361885623846415 0.8005566841231863 0.00933773430445529 0.015109861771878084
0 0.6239525625266185 0.7489475263149162 0.013174571726722753 0.019009967366419397
0 0.6147527321748 0.7245901507908477 0.010770725572876873 0.01881374312390486
0 0.6532304121447007 0.7585139540527136 0.010770725572876599 0.01881374312390486
0 0.729861539654142 0.7941058617420372 0.010770725572876599 0.01881374312390486
0 0.7220033787375393 0.8234425761944778 0.014145426612147597 0.01550231025690771
0 0.4757539814010268 0.37485451792981866 0.015886508802566916 0.024013883916626518
0 0.5147080968566308 0.34537073447853356 0.014145426612147597 0.01550231025690771
0 0.4948611457818657 0.35655591303403555 0.009568802495953795 0.01871563100264759
0 0.49906879775392454 0.4028422403064915 0.013790753570718768 0.028625351981804152
0 0.40354727495243653 0.4381392165337944 0.014684585725643838 0.023915771795369113
0 0.3729761804242256 0.48606887224579004 0.014376494803645966 0.019108079487676805
0 0.3596618623392099 0.45128663751444303 0.013174571726723027 0.019009967366419397
0 0.2723102761876349 0.6389580857690398 0.010924771033875739 0.02121758927775101
0 0.35795490557117127 0.6271844328520768 0.018444400417412073 0.026613954312987416
0 0.3847357447965455 0.6010856167672112 0.012789458074225516 0.01300035198180415
0 0.437419732600731 0.5812417955531457 0.014145426612147597 0.015502310256907573
0 0.4825213673935869 0.5118002141996272 0.01557841788056918 0.019206191608934213
0 0.46130599108384973 0.6749428386755585 0.013174571726723027 0.019009967366419397
0 0.5781378968395928 0.6056241454312151 0.014376494803646103 0.01910807948767694
0 0.40513615408751313 0.5252909284216349 0.014684585725643838 0.02391577179536925
0 0.46958663574410026 0.1912300459025248 0.019184187111338274 0.01950052797270616
0 0.4184126619388357 0.20616806268764057 0.015300767569639717 0.03353115641075373
0 0.43095859512451273 0.3462289675819316 0.011386907416872614 0.028429127739289475
0 0.5519677122412461 0.3423292587195562 0.014838631186642842 0.026319617949215265
0 0.31283344445864086 0.47304374427606793 0.017982264034415198 0.01940241585144875