0 0.6659591365880081 0.7692307692307693 0.010350003802242961 0.018028846153846152
0 0.6701342490771988 0.6947115384615384 0.007799233811025028 0.014423076923076924
0 0.6532093767753613 0.6923076923076923 0.007603335361196173 0.009615384615384616
0 0.38829246358426983 0.7391826923076923 0.010350003802242961 0.018028846153846152
0 0.8016254302995021 0.8245192307692307 0.010447953027157389 0.020432692307692308
0 0.8335876072518528 0.8125 0.009246029950234312 0.020432692307692308
0 0.7630618524696069 0.8810096153846154 0.012508976893803182 0.01201923076923077
0 0.5834223313234157 0.7199519230769231 0.012606926118717473 0.014423076923076924
0 0.5459484653979061 0.6262019230769231 0.008903207663033678 0.01201923076923077
0 0.551735649954743 0.6502403846153846 0.012606926118717336 0.014423076923076924
0 0.5299051361202987 0.6454326923076923 0.010203079964871319 0.014423076923076924
0 0.46860705919722173 0.6454326923076923 0.012606926118717473 0.014423076923076924
0 0.7012862998522843 0.6923076923076923 0.007799233811025028 0.014423076923076924
0 0.622230782215597 0.6694711538461539 0.007799233811025028 0.014423076923076924
0 0.5750129599283964 0.6610576923076923 0.005297438432264583 0.01201923076923077
0 0.45746528130877884 0.7259615384615384 0.012753849956089115 0.018028846153846152
0 0.4668133506273697 0.6899038461538461 0.012851799181003543 0.020432692307692308
0 0.5243261204436173 0.4495192307692308 0.015010772272563627 0.014423076923076924
0 0.4764410056730809 0.5132211538461539 0.012753849956089115 0.018028846153846152
0 0.39173295688660204 0.6466346153846154 0.013955773033012191 0.018028846153846152
0 0.4102331970739551 0.5697115384615384 0.012606926118717336 0.014423076923076924
0 0.39711408259615777 0.5132211538461539 0.01515769610993527 0.018028846153846152
0 0.8246884897322613 0.7415865384615384 0.009148080725319883 0.018028846153846152
0 0.3632561577055984 0.6262019230769231 0.01515769610993527 0.018028846153846152
0 0.438442680958165 0.5540865384615384 0.01515769610993527 0.018028846153846152
0 0.635180530621515 0.6923076923076923 0.010007181515042327 0.009615384615384616
0 0.605769123660382 0.7079326923076923 0.010203079964871319 0.014423076923076924
0 0.4986245135989068 0.7331730769230769 0.012753849956089115 0.018028846153846152
0 0.49028246890741 0.7644230769230769 0.012411027668888481 0.009615384615384616
0 0.49124360906548914 0.6995192307692307 0.009001156887948242 0.014423076923076924
0 0.595053855336431 0.6514423076923077 0.010350003802242961 0.018028846153846152
0 0.5633896162022656 0.6117788461538461 0.013710899970725986 0.01201923076923077
0 0.5123375121957784 0.36177884615384615 0.01515769610993527 0.018028846153846152
0 0.4793876627073987 0.4675480769230769 0.012606926118717473 0.014423076923076924
0 0.48326483737840376 0.44471153846153844 0.010203079964871319 0.014423076923076924
0 0.5039117802269903 0.5384615384615384 0.007946157648396807 0.018028846153846152
0 0.5244954865154964 0.4831730769230769 0.010350003802242961 0.018028846153846152
0 0.5840141168163446 0.6754807692307693 0.010007181515042327 0.009615384615384616
0 0.6775988408879077 0.5829326923076923 0.009001156887948105 0.014423076923076924
0 0.3599748586709644 0.5456730769230769 0.012753849956089115 0.018028846153846152
0 0.39627333389750063 0.6105769230769231 0.014053722257926619 0.020432692307692308
0 0.42638873752410017 0.7007211538461539 0.009148080725319883 0.018028846153846152
0 0.5167288667431598 0.7055288461538461 0.007799233811025028 0.014423076923076924
0 0.5010589822741448 0.6454326923076923 0.015255645334849697 0.020432692307692308
0 0.6725605374655523 0.7247596153846154 0.010203079964871183 0.014423076923076924
0 0.6721422081879449 0.7439903846153846 0.010105130739957028 0.01201923076923077
0 0.7062368258539061 0.7548076923076923 0.012606926118717336 0.014423076923076924
0 0.7285570858129226 0.7716346153846154 0.012508976893803182 0.01201923076923077
0 0.787237066041259 0.6778846153846154 0.012606926118717336 0.014423076923076924
0 0.6320461554242526 0.6153846153846154 0.008044106873311509 0.020432692307692308
0 0.6380374187178026 0.5264423076923077 0.010350003802242961 0.018028846153846152
0 0.4040358635263951 0.44711538461538464 0.009001156887948242 0.014423076923076924
0 0.43222290517609746 0.4014423076923077 0.012753849956089115 0.018028846153846152
0 0.6917606841749298 0.8125 0.010203079964871183 0.014423076923076924
0 0.72602466791277 0.8569711538461539 0.009001156887948105 0.014423076923076924
0 0.7082447849646522 0.8040865384615384 0.012753849956089115 0.018028846153846152
0 0.6963990104107428 0.7788461538461539 0.010350003802242961 0.018028846153846152
0 0.7387826080123013 0.8161057692307693 0.010350003802242961 0.018028846153846152
0 0.8198236425252273 0.8581730769230769 0.010350003802242961 0.018028846153846152
0 0.8149894178395853 0.8870192307692307 0.013808849195640413 0.014423076923076924
0 0.5193490620640457 0.41586538461538464 0.015353594559764124 0.02283653846153846
0 0.5555312359746022 0.3894230769230769 0.01380884919564055 0.014423076923076924
0 0.5366922636434908 0.39903846153846156 0.009148080725319883 0.018028846153846152
0 0.545813811990861 0.44591346153846156 0.013145646855746963 0.027644230769230768
0 0.45319022807737713 0.4735576923076923 0.014151671482841048 0.02283653846153846
0 0.42740703258152085 0.5192307692307693 0.013955773033012191 0.018028846153846152
0 0.4103127942078041 0.4831730769230769 0.012753849956089115 0.018028846153846152
0 0.34198680684269117 0.6646634615384616 0.010447953027157389 0.020432692307692308
0 0.4271274468544007 0.6598557692307693 0.017855389938524705 0.025240384615384616
0 0.45138833922064087 0.6358173076923077 0.012508976893803045 0.01201923076923077
0 0.5024343615663892 0.6201923076923077 0.01380884919564055 0.014423076923076924
0 0.5406061424966265 0.5540865384615384 0.01515769610993527 0.018028846153846152
0 0.5364004074860441 0.7163461538461539 0.012753849956089115 0.018028846153846152
0 0.6469324460939521 0.65625 0.013955773033012191 0.018028846153846152
0 0.46397691324829293 0.5612980769230769 0.014151671482841048 0.02283653846153846
0 0.4937781255917871 0.23076923076923078 0.0187634653407045 0.018028846153846152
0 0.4437381278731328 0.24158653846153846 0.014543468382498896 0.03245192307692308
0 0.47115174752770067 0.38341346153846156 0.01074180070190081 0.027644230769230768
0 0.5927908513592175 0.3894230769230769 0.014249620707755475 0.025240384615384616
0 0.36537433647158557 0.5012019230769231 0.017561542263781423 0.018028846153846152