0 0.598787885732501 0.7211424908876334 0.010455091620452132 0.018757456431772495
0 0.6094702131483187 0.6460768024099579 0.007883304065592584 0.014969534631521678
0 0.5927552510054047 0.6449480242424828 0.007659382197574543 0.010161842323829372
0 0.3237450897153059 0.7120419594549376 0.010455091620452132 0.018757456431772495
0 0.7296262457887551 0.7663214848198675 0.010567052554461153 0.02116130258561865
0 0.7626379735357234 0.7518431943626354 0.009365129477538075 0.021070226300877855
0 0.6861297792241589 0.8259084631164388 0.012579035439275871 0.012929993616638696
0 0.5205542387258396 0.6779657558114199 0.012690996373284892 0.01533383977048485
0 0.4912668689983448 0.586765891784162 0.00897326620850664 0.012656764762416318
0 0.4949549519659471 0.6104400481836604 0.012690996373284892 0.01533383977048485
0 0.4735442584493497 0.6072717290013022 0.010287150219438738 0.015151687201003265
0 0.4122461815262728 0.6119166195230824 0.012690996373284892 0.01533383977048485
0 0.6408321740823278 0.6413049728528512 0.007883304065592584 0.014969534631521678
0 0.5637708029554134 0.6243883928994639 0.007883304065592584 0.014969534631521678
0 0.5172876662244449 0.6195269064658931 0.0053674969777374095 0.01238353590819394
0 0.394072413313894 0.693538381093818 0.012858937774298286 0.01893960900125408
0 0.40656913501633685 0.6566610022234587 0.012970898708307307 0.021343455155100235
0 0.4850729207249302 0.4111761148933591 0.015094842527131046 0.015515992339966434
0 0.4316251867429222 0.47870324192939534 0.012858937774298286 0.01893960900125408
0 0.33526712413619136 0.6189474248234159 0.014060860851221362 0.019030685285994872
0 0.3604844894090951 0.5403849747750049 0.012690996373284892 0.01533383977048485
0 0.35229826366599915 0.48471427672228723 0.01526278392814444 0.019121761570735665
0 0.7599312057043739 0.6813851142478777 0.009253168543529328 0.018666380147031703
0 0.3085745613060371 0.6006094870647617 0.015262783928144473 0.019121761570735665
0 0.3900583893263075 0.5225741439412259 0.01526278392814444 0.019121761570735665
0 0.5747264048515586 0.6463141685135945 0.010063228351420697 0.010343994893310957
0 0.5439505818574231 0.6642160756321143 0.010287150219438738 0.015151687201003265
0 0.4346019151272515 0.6976533258741697 0.012858937774298286 0.01893960900125408
0 0.42353103836974976 0.729631936152096 0.01246707450526685 0.010526147462792542
0 0.4301597528187623 0.6644548611440275 0.00908522714251566 0.015060610916262472
0 0.5381682022681733 0.6083632250099151 0.010455091620452132 0.018757456431772495
0 0.5099674807562451 0.5709766705899733 0.013780958516198948 0.013021069901379488
0 0.48074603327779764 0.32407326427116 0.01526278392814444 0.019121761570735665
0 0.4385601367967858 0.43266585986735523 0.012690996373284892 0.01533383977048485
0 0.4444314579775636 0.4094650162668536 0.010287150219438738 0.015151687201003265
0 0.45689190462813534 0.5019399482804826 0.008051245466605978 0.01857530386229091
0 0.48230354457188096 0.44492103733194605 0.010455091620452132 0.018757456431772495
0 0.5250293621588524 0.6333124493957846 0.010063228351420697 0.010343994893310957
0 0.6266956273489686 0.5333871934087038 0.00908522714251566 0.015060610916262472
0 0.31232525259533905 0.5200806409109155 0.012858937774298286 0.01893960900125408
0 0.3429561535309419 0.5824343510920197 0.014172821785230383 0.021434531439841028
0 0.36519992619791164 0.6705749035969532 0.009253168543529054 0.018666380147031703
0 0.45512023509912436 0.6685518745490864 0.007883304065592584 0.014969534631521678
0 0.44469810460319587 0.6094575598350811 0.015374744862153459 0.02152560772458182
0 0.6092726245501292 0.6760338030482941 0.010287150219438738 0.015151687201003265
0 0.607175014001134 0.695355648563804 0.010175189285429717 0.012747841047157111
0 0.6403250359519397 0.7036228202833695 0.012690996373284892 0.01533383977048485
0 0.661175924798492 0.7188103702349585 0.012579035439275871 0.012929993616638696
0 0.7280424012248433 0.6203244034284375 0.012690996373284892 0.01533383977048485
0 0.5783091547398469 0.5693910915905176 0.008163206400614999 0.020979150016137062
0 0.5920670939135649 0.47972017362028363 0.010455091620452132 0.018757456431772495
0 0.36499257396663154 0.4178798972135918 0.00908522714251566 0.015060610916262472
0 0.3971679086358797 0.3699299131719952 0.012858937774298286 0.01893960900125408
0 0.6208110504588003 0.7625901959620484 0.010287150219438738 0.015151687201003265
0 0.6511916962565566 0.8046022901202009 0.00908522714251566 0.015060610916262472
0 0.6380298368047549 0.7529016664372157 0.012858937774298286 0.01893960900125408
0 0.6283881189195419 0.7284809683844983 0.010455091620452404 0.018757456431772495
0 0.6675181090577869 0.7626439900879269 0.010455091620452404 0.018757456431772495
0 0.7448857157895522 0.7987002629873425 0.010455091620452404 0.018757456431772495
0 0.7375325691968286 0.8280017982572004 0.013892919450207968 0.015424916055225642
0 0.48303460457028713 0.3777954975937353 0.01548670579616248 0.023929453878427973
0 0.5215257902290017 0.3485298250744632 0.013892919450207968 0.015424916055225642
0 0.5018471772621964 0.3596024302457005 0.009253168543529054 0.018666380147031703
0 0.5068754775105592 0.40593097253725574 0.013306781510334367 0.028554993616638696
0 0.4118379267694555 0.4406791535162679 0.014284782719239403 0.02383837759368718
0 0.3820664382540535 0.48844698498838296 0.014060860851221362 0.019030685285994872
0 0.36812085226418867 0.4535732843823209 0.012858937774298286 0.01893960900125408
0 0.2839466479003545 0.6408014749363752 0.01056705255446122 0.02116130258561865
0 0.36950710822991095 0.629527366412087 0.018002512884017656 0.026515452601755713
0 0.39586710218538573 0.6035763028940688 0.012579035439275871 0.012929993616638696
0 0.4482775405641366 0.584035022650215 0.013892919450207968 0.015424916055225642
0 0.492221850864769 0.514832659738259 0.01526278392814444 0.019121761570735665
0 0.4738471801268531 0.6779119616855416 0.012858937774298286 0.01893960900125408
0 0.5896269727078476 0.6092546370737536 0.014060860851221362 0.019030685285994872
0 0.414962891139665 0.5278730804232078 0.014284782719239403 0.02383837759368718
0 0.47362675033513485 0.19406548801869333 0.01886855315891367 0.019394990424957976
0 0.4226421569013251 0.2087079996701141 0.014732626455275484 0.03345376220907173
0 0.43767107717940884 0.34889554962170305 0.010902935356488213 0.02837284104715711
0 0.5587854056136171 0.3457064602474989 0.014396743653248424 0.026242223747533336
0 0.3216080683360442 0.475063029356317 0.017666630081990594 0.019303914140217114