0 0.9764735016327357 0.5535699199199675 0.04049457006559338 0.05265089470140561
0 0.868363148337452 0.5043718105087758 0.044917148720788176 0.04692129550654984
0 0.8087775553993821 0.402884680903823 0.05108080956640256 0.04967516189759526
0 0.7482317218672816 0.5499737618091824 0.056936379490019215 0.04762133598094865
0 0.6875964089076313 0.5450605026427151 0.03650368718232691 0.046431267174470554
0 0.6555134579748434 0.5903598507877026 0.042359257105943286 0.04437744125782381
0 0.512529351534772 0.6746915024689621 0.04197414345344592 0.038367825873208423
0 0.4400592938779585 0.6921829032089489 0.044763103259789445 0.04451744935270341
0 0.33920706116364424 0.6244659193118319 0.027011907416872614 0.029114315765468197
0 0.4109248754294813 0.46345564408591977 0.03770561025924998 0.046501271221910494
0 0.3898008209529499 0.3597283849628906 0.04650418545020876 0.05300091493860502
0 0.5094396704290549 0.28761412192273644 0.05333061025924998 0.04741132383862898
0 0.6274592001590149 0.2843594945043971 0.046119071797711526 0.0469912995539897
0 0.7952446258199182 0.5870470735923683 0.015501395150069678 0.017666971646201766