0 0.9783653846153846 0.6466346153846154 0.038461538461538464 0.052884615384615384
0 0.8715941508341524 0.5868240218174717 0.04517703370421863 0.046185265282156746
0 0.8113974769890978 0.48010183117704625 0.051354742386774996 0.04883398449828897
0 0.7516874897550566 0.6202901498083734 0.0571962644734494 0.04667501140672888
0 0.6910030093661088 0.6094279576470506 0.0367635721657571 0.04584244299495611
0 0.6591729194982799 0.6512769246550218 0.0426050942524315 0.04368346990339616
0 0.5166313199218872 0.7209742011689371 0.04218486100757838 0.037673854518780775
0 0.44423852536825564 0.7312079036552004 0.04500894040627752 0.043781419128310586
0 0.342957833627205 0.6539726269663146 0.027173457541707628 0.02867269763083267
0 0.4137625384918007 0.5010529006134059 0.037965495242680176 0.04589141760741346
0 0.3920274031082846 0.39589789757161153 0.046799190025994565 0.05224385527922934
0 0.511286960986951 0.33603843650085946 0.053590495242680176 0.04652808756935724
0 0.6293275624723242 0.3444437177524367 0.04637895678114171 0.046234239894613956
0 0.7989321830172392 0.6617656720077523 0.015599730008664854 0.017414618426409643