0 0.8949723956208939 0.6901936989786308 0.04078957464137918 0.0537405631842593
0 0.7942712337812322 0.6257567834416651 0.04517703370421863 0.04815156637428768
0 0.748698676857056 0.5165626714282749 0.051354742386774996 0.051081185746438745
0 0.6689855871680203 0.653492548249785 0.0571962644734494 0.049203112810897225
0 0.6094777598646604 0.6398213545282752 0.0367635721657571 0.04741548386866102
0 0.5715963112709509 0.6800411006313378 0.04260509425243123 0.045537410933119506
0 0.4184648339242667 0.7428282333071928 0.04218486100757838 0.03952779554850412
0 0.3442230130932828 0.7496349538900277 0.04500894040627752 0.045747720220441525
0 0.25319601252664115 0.6679052747048428 0.027173457541707628 0.029852478286111015
0 0.34585284612358386 0.5188057904737884 0.037965495242680176 0.0475206385123219
0 0.3387418276609461 0.4129766270575492 0.046799190025994565 0.05426633640256394
0 0.4670784236284336 0.3589037092007825 0.053590495242680176 0.048887648879914335
0 0.5846147452199835 0.37281463351032645 0.04637895678114171 0.04825672101794855
0 0.7106832015981455 0.6970467316037023 0.015599730008664854 0.018088778800854646