0 0.600007375263795 0.6793095223528 0.012288989511167695 0.018911855245162403
0 0.6342247214251013 0.4795205328416324 0.009100246387262974 0.009100246387262837
0 0.6051823433364328 0.48427906990565456 0.013392800466833367 0.01780804428949632
0 0.5857065913516446 0.5766063449643817 0.016802345455088057 0.01569853449942225
0 0.5894838088370106 0.5010814153607426 0.00939458275103492 0.012706015618032068
0 0.6770033915880455 0.4819981118609836 0.008290771795369248 0.013809826573697738
0 0.5785444064998592 0.6643467295797664 0.009787031236064135 0.01751370792572424
0 0.531890208364209 0.6800942209567759 0.011798428904881074 0.012902239860546744
0 0.5480301482262477 0.6286323305134333 0.011798428904881074 0.012902239860546744
0 0.5378992286505756 0.5040983134978849 0.008290771795369113 0.013809826573697875
0 0.5586506365777921 0.4546478207233591 0.00949269487229219 0.01390793869495528
0 0.446626609303844 0.4960279468346997 0.010596505827957996 0.012804127739289474
0 0.3609467776009463 0.5364515293553019 0.013196576224318827 0.015404198135650304
0 0.49963331933330307 0.32932870837166917 0.013589024709348179 0.020211890443342612
0 0.4597000990529046 0.35049714240575003 0.013000351981804013 0.013000351981804013
0 0.4016892741071557 0.46149089322345466 0.00838888391662652 0.015011749650620815
0 0.39558214169953165 0.6386887237592688 0.010596505827957996 0.012804127739289474
0 0.4320812393698405 0.6010858151332941 0.01059650582795786 0.012804127739289474
0 0.4705429761974619 0.6564480095372608 0.009885143357321543 0.01871563100264759
0 0.5580132053387438 0.5502129941496613 0.00949269487229219 0.013907938694955145
0 0.5191839943800939 0.6309870214236093 0.00949269487229219 0.013907938694955008
0 0.44679904938885523 0.7133062650158396 0.009688919114806866 0.01631178484880116
0 0.5117758349438749 0.5169759757365966 0.013294688345576096 0.01660612121257338
0 0.4290147892568623 0.507016901147687 0.013294688345576096 0.01660612121257338
0 0.46593091303403555 0.47893126501583966 0.016189095105708873 0.02281196083970344
0 0.4117460640851568 0.4260464512651414 0.011087066434244619 0.01881374312390486
0 0.6422455361124507 0.4251396580163219 0.01339280046683364 0.017808044289496457
0 0.4467249197911843 0.5533278060419781 0.015992870863194335 0.02040811468585729
0 0.38780611140011845 0.5438103351817678 0.013392800466833502 0.017808044289496457
0 0.4556291403020154 0.6051331880927627 0.008585108159141059 0.017415595804467107
0 0.37146994729556493 0.5976760717789565 0.012288989511167695 0.01891185524516213
0 0.5248255405354321 0.5911273356426331 0.013490912588090773 0.019009967366419536
0 0.4856278636153393 0.5155286731734887 0.012902239860546744 0.011798428904881074
0 0.4927902468332076 0.48629007084230563 0.009983255478578949 0.019917554079570667
0 0.36465105568513867 0.6519588344830098 0.014496611422499174 0.01670423333383079
0 0.49237381582459194 0.6522781452007825 0.01349091258809091 0.019009967366419397
0 0.4918093239867172 0.5568110838957379 0.013490912588090773 0.019009967366419397
0 0.4664952065058274 0.5158965440366831 0.009198358508520244 0.01030216946418605
0 0.4360544827316382 0.46465525709160727 0.018004268532011133 0.015796646620679658
0 0.3883208528960744 0.4351221200305692 0.013392800466833367 0.017808044289496457
0 0.5297808969402177 0.7351864582527227 0.013294688345576096 0.016606121212573245
0 0.4717692785301371 0.6121730799336216 0.01719479394011741 0.020506226807114558
0 0.4701261484566803 0.705432519327335 0.014594723543756443 0.017906156410753864