0 0.6854587372475553 0.7909029762929474 0.011446888873048412 0.01897523794679483
0 0.6965621904132545 0.5941629882555542 0.008707266089473911 0.009149544044088333
0 0.6677999807245327 0.5940431229615372 0.012606839871255514 0.017878469513532627
0 0.6589706279377213 0.6843377303710814 0.01612866494459225 0.01579008729066964
0 0.6539225408247643 0.6084062672376056 0.008833182325621837 0.012755313274857563
0 0.7400412815760655 0.6039581708119643 0.007673231327414735 0.013852081708119631
0 0.6620345896839924 0.772078114986466 0.009001070640486284 0.017563005582550008
0 0.6167812335480758 0.78010146929658 0.011237028479468059 0.012965622562179445
0 0.6270376370112328 0.7306722465024205 0.011237028479467991 0.012965622562179445
0 0.6021978764383561 0.602682694483261 0.007673231327415008 0.013852081708119631
0 0.6173459163666374 0.5560779364175914 0.008875154404338085 0.013957236351780504
0 0.5091041624919705 0.5789607869213665 0.01003510540254505 0.012860467918518572
0 0.4273466883883274 0.6053589626626061 0.012522895713823291 0.015474623359686471
0 0.5430594213250503 0.41896935170064 0.012690784028687464 0.020282315667378918
0 0.5052274640442525 0.4336332492573352 0.012438951556391204 0.013070777205840454
0 0.4596841328961341 0.5362930627133895 0.007715203406130983 0.015054004785042707
0 0.47430946208457 0.7149137606036315 0.01003510540254505 0.0128604679185183
0 0.5067461179556509 0.6830023213953695 0.01003510540254505 0.0128604679185183
0 0.5520719805819678 0.7456821193363949 0.009043042719202258 0.018764928659473084
0 0.6279152211254593 0.6528627104334035 0.008875154404337811 0.013957236351780776
0 0.598191483165079 0.7281485350545572 0.008875154404338085 0.013957236351780776
0 0.5347719269721366 0.7992881065762811 0.008959098561770035 0.01636108250562693
0 0.5773352405314157 0.6112917546586885 0.012564867792539266 0.016676546436609686
0 0.49261301604477575 0.5871040065254977 0.012564867792539266 0.016676546436609686
0 0.5265873716225081 0.564913106576281 0.015178574339965705 0.022896471108546954
0 0.4656784810749073 0.5020682213445861 0.010244965796125336 0.018870083303133958
0 0.6982792161018018 0.5403919137249986 0.012606839871255514 0.017878469513532762
0 0.5159265145780328 0.6370737131883182 0.015094630182533618 0.0204926249547008
0 0.4553266957872865 0.6173929040821929 0.012606839871255378 0.017878469513532832
0 0.5309944398876927 0.6911150296532041 0.00779914756356307 0.01745785093888886
0 0.44515423648156166 0.6692259730301987 0.011446888873048277 0.01897523794679483
0 0.5992102507212957 0.6886953828034177 0.012648811949971353 0.019080392590455977
0 0.55076701660296 0.6053725832673779 0.012396979477675093 0.011868854128917241
0 0.5545673790214672 0.5769470479958679 0.009085014797918234 0.019966851736396025
0 0.4446391338699374 0.7231022022044152 0.013766790869462343 0.016781701080270422
0 0.5736226518091511 0.7451710567684462 0.01264881194997149 0.019080392590455977
0 0.561851423973406 0.6482811281089733 0.01264881194997149 0.019080392590455977
0 0.5314942752934747 0.6024881858918794 0.008749238168189887 0.010351467121011272
0 0.4947497625204835 0.5453521627641729 0.0173305880215156 0.01589524193433051
0 0.4430937750856651 0.5072818215765662 0.012606839871255378 0.017878469513532627
0 0.6211157953228601 0.8356002401223636 0.012564867792539266 0.01667654643660982
0 0.548115167515628 0.7010006562029191 0.016296553259456694 0.020597779598361947
0 0.5573986050400948 0.795276429421224 0.013808762948178455 0.017983624157193772