0 0.7025582381690983 0.6870314666382366 0.011867368403905778 0.018785265994581232
0 0.7090364164953638 0.48745345921137034 0.008903489870540682 0.009001788081255504
0 0.6803302707440897 0.4918744249405101 0.012999287433389056 0.01766738956662878
0 0.6736313475802901 0.5840610452763696 0.016465048569278686 0.01551568335969423
0 0.6668172464377312 0.5085079847281568 0.009113502012860354 0.012607557312024734
0 0.7526556675017939 0.49043739523304536 0.00798158298337735 0.013725433739977323
0 0.6787416430434016 0.6718014298917543 0.009393518202619825 0.01741524961971718
0 0.6337686065947234 0.6870144333218664 0.011517348166706508 0.012775650609965848
0 0.6428476673714791 0.6356931976013915 0.011517348166706508 0.012775650609965848
0 0.6150645500825991 0.5109200675569681 0.007981582983377212 0.013725433739977323
0 0.6290913112619266 0.4616664913944571 0.009183506060300427 0.013809480388947812
0 0.5216064205428036 0.5017666595277016 0.01031542508978343 0.012691603960995224
0 0.4406338415634281 0.5412197244605168 0.012859279338509456 0.015263543412782628
0 0.551749331629441 0.3355315816501345 0.013139295528268927 0.020071235720474936
0 0.5143378538795008 0.35624992057103877 0.012719271243629584 0.012859697258936474
0 0.4712893679478043 0.4666669870249858 0.00805158703081715 0.0149273568169004
0 0.4900634285073686 0.6439632758668072 0.01031542508978343 0.012691603960995224
0 0.5216871572854581 0.6067542004648622 0.01031542508978343 0.012691603960995224
0 0.5683865863792431 0.6626227518711526 0.009463522250059898 0.018617172696640257
0 0.6419031735186559 0.5573160576544798 0.009183506060300153 0.013809480388947812
0 0.6140015135253253 0.637710317176685 0.00918350606030029 0.01380948038894795
0 0.5523760033307087 0.719255959793143 0.009323514155180025 0.0162133265427941
0 0.5904542018941734 0.5235023548776577 0.012929283385949257 0.016465466489705705
0 0.5053395298453996 0.5125586972286741 0.012929283385949257 0.016465466489705705
0 0.5387252140799312 0.48488095979314316 0.015683149776994816 0.022643175172262067
0 0.4764707890335861 0.4313069379003931 0.010665445326982975 0.018701219345610608
0 0.7094920035913381 0.4331147808029202 0.012999287433389056 0.01766738956662878
0 0.5297743071276103 0.559122780624127 0.015543141682115081 0.02023932901841605
0 0.46883810471217796 0.5489020361495783 0.012999287433389056 0.01766738956662878
0 0.546075639061119 0.6110828828700663 0.008191595125696748 0.017331202970746553
0 0.459899052030302 0.6026271180238995 0.011867368403906052 0.018785265994581232
0 0.6140952261136552 0.5978787623402825 0.013069291480828991 0.018869312643551857
0 0.563801882059546 0.5217456119242408 0.012649267196189785 0.011657774182013397
0 0.566929477228681 0.49256327148220475 0.009533526297499697 0.019819095773563198
0 0.4606453880112506 0.656881749783379 0.014131206462872333 0.01654951313867633
0 0.5898811936689788 0.6587060660358363 0.013069291480828991 0.018869312643551857
0 0.5758674083353266 0.5631405464247841 0.013069291480829128 0.018869312643551857
0 0.544501108781337 0.5218884352308468 0.008973493917980618 0.010203711158178582
0 0.5064951574157729 0.4702392495894548 0.017666971646201766 0.015599730008664854
0 0.45405427485668687 0.44011536269237234 0.012999287433389056 0.01766738956662878
0 0.6393926389308043 0.7421348015623869 0.012929283385949257 0.016465466489705705
0 0.5633925904701214 0.6183196913229398 0.01674506475903816 0.020323375667386536
0 0.5748625215550477 0.7116494580780871 0.014201210510312133 0.017751436215599135