1 0.5376725579486537 0.6959757767199518 0.048023128951044484 0.047651246877817445
1 0.2020642100411694 0.7657387112877238 0.032033823812081384 0.042570819180621826
1 0.22849142517473747 0.9402483335403804 0.021234447495066533 0.02677798201785027
1 0.34633226143080087 0.8162702528701774 0.025022369295317485 0.02924476710773569
1 0.46901949156169553 0.8196120997724348 0.0380434391966967 0.042675717407353576
1 0.21686242643711928 0.35908401473396445 0.024293759017391007 0.019629382492351074
1 0.32478162528954335 0.42098441807991 0.02409367507261665 0.03282955669315854
1 0.4108302620619918 0.5269154027197346 0.026497521226462803 0.032871515983851435
1 0.39462294160296146 0.550639169578 0.0314873661036367 0.03535928071908323
1 0.40844576669171506 0.5904914479245793 0.02205413405773353 0.03759528971015796
1 0.7879537823202326 0.13378711787678485 0.02547775071902145 0.03525438249235114
1 0.2608739406347394 0.11618457167659338 0.03288937312533413 0.022180086163622208
1 0.8753742409968992 0.5746350480712198 0.03010329045723217 0.0329344549198907