1 0.49357670983691876 0.6478627030120367 0.04501659385251709 0.05050514848652144
1 0.15311165138565958 0.7514476992952737 0.029335651287761985 0.04442199860248381
1 0.16836072320418996 0.9246473121152892 0.01953845333692291 0.028012101632425103
1 0.2942960770332117 0.7880455041850887 0.023172193850069762 0.03071028415004334
1 0.4169062165205544 0.7792399908937634 0.03534526667237737 0.04491255920877043
1 0.19404359594573203 0.3402675156105719 0.023060308720559284 0.021094899534658724
1 0.29810826262055684 0.3919260270285949 0.022012227696713047 0.034217941259555025
1 0.37745001340398276 0.49011604683917587 0.0244160738505592 0.03441416550206984
1 0.35970088007391265 0.5156261901964974 0.029251737440629127 0.03721046014094521
1 0.37097971392545087 0.5544066426436429 0.01966432410762213 0.03882940932473279
1 0.7802447179650343 0.05661565311755468 0.023242122056014017 0.03671989953465859
1 0.2537045107844049 0.09117530068980582 0.03150174154139844 0.024185530537306106
1 0.8394500011016748 0.49210445381482076 0.028021843081328567 0.03470850186584178