1 0.43348128820519255 0.673371154557259 0.048023128951044484 0.04816897841926085
1 0.08639732842036905 0.7590244670809833 0.03203382381208142 0.04290664504534192
1 0.08641242097910869 0.9329186169480221 0.021234447495066568 0.02700186592766366
1 0.22337927703073757 0.8030096205618651 0.02502236929531735 0.029510629250639162
1 0.34588435459215067 0.8006443598883931 0.0380434391966967 0.04308150699389056
1 0.16294526587057298 0.3502435931950896 0.024293759017391076 0.019895244635254546
1 0.26175683624891827 0.40733212152620446 0.02409367507261665 0.03308142609169861
1 0.3319581994764697 0.5096262238873781 0.026497521226462803 0.03315137087111818
1 0.3121078276278078 0.534189271271486 0.0314873661036367 0.03569510658380332
1 0.3199196179236695 0.5735379813025597 0.02205413405773353 0.03781917361997149
1 0.7697385253720751 0.09753019916038665 0.02547775071902145 0.03552024463525458
1 0.24393375167295292 0.10443464431479767 0.03288937312533413 0.022543897517069002
1 0.7904911436184854 0.5358602877772938 0.03010329045723217 0.03325628804024752