0 0.41344334249377945 0.49359743359732666 0.01580681333545446 0.016535052616718487
0 0.41105432404643616 0.3892401380473386 0.011041077951328514 0.019860805657728246
0 0.46922130147384916 0.4483099397227843 0.013444924105174668 0.020000813752607982
0 0.52362950968273 0.41751552681875875 0.01825261641286711 0.02028082994236759
0 0.3297702532683946 0.45883425537965705 0.013402967181608307 0.016395044521838615
0 0.34668193225776456 0.3473472796860155 0.018210659489300614 0.01667506071159836
0 0.3683148635117519 0.552677967967987 0.015764856411887962 0.012929283385949257
0 0.515327091208465 0.5116855511033981 0.01590471282377606 0.024948514155180027
0 0.3824599117416808 0.36928561980128044 0.01340296718160817 0.016395044521838615
0 0.43886638250993254 0.37320696803314435 0.013500866669929907 0.024808506060300155
0 0.41405955277140083 0.33741743764476656 0.013444924105174668 0.020000813752607847
0 0.4831828522376955 0.4871333526919673 0.013444924105174668 0.020000813752607847
0 0.5695395004407027 0.4977180612762956 0.01594666974734256 0.028554283385949255
0 0.3003926450570662 0.5061874294412911 0.01584877025902089 0.02014082184748772
0 0.36880520301867403 0.40731527970773457 0.013444924105174803 0.020000813752607982
0 0.32789786147972294 0.41330118655145986 0.013444924105174803 0.020000813752607982
0 0.3319651568697227 0.37342771287067866 0.020656462566713267 0.020420838037247188
0 0.4709546789159467 0.4025668587522675 0.011097020516083753 0.024668497965420554
0 0.41797216404300974 0.414060498378084 0.018210659489300614 0.01667506071159836
0 0.36876240402979354 0.5142164295064485 0.01584877025902096 0.02014082184748772
0 0.2920499537898627 0.3973724618208102 0.013584780517062765 0.03202004452183875
0 0.26967409942224074 0.46233445775165116 0.01590471282377606 0.024948514155180027
0 0.2608270830069263 0.5000841014683458 0.01584877025902082 0.02014082184748772
0 0.2914485712187442 0.4490551541285025 0.013402967181608307 0.01639504452183875
0 0.2923008532659471 0.4790332270041396 0.01584877025902082 0.02014082184748772
0 0.3998034614772755 0.427129789858913 0.018210659489300614 0.016675060711598223
0 0.46329644200168063 0.3381530409305006 0.020656462566713267 0.020420838037247188