0 0.4043980538812496 0.5302342101625506 0.016079641066226894 0.016079641066226894
0 0.403834882555229 0.4255619853011136 0.011376865927663796 0.019545520738156998
0 0.46091054905955253 0.48977563239689154 0.01378071208150995 0.01961546551757656
0 0.5158014524844153 0.46370515916459976 0.01858840438920226 0.019755355076415553
0 0.3214175273570561 0.4881226813444062 0.013675794912380605 0.01600969628680733
0 0.3402599872103535 0.37800039933370994 0.01848348722007291 0.01614958584564632
0 0.35828319771873723 0.5854306163586742 0.01597472389709755 0.012473871835457664
0 0.505862067625516 0.5572453248263413 0.016324447794195097 0.024493102604688434
0 0.3756182317238507 0.40308803256346404 0.013675794912380605 0.01600969628680733
0 0.4318987820009768 0.41194327334136105 0.013920601640348943 0.024423157825268868
0 0.4077425414665946 0.3739492377728408 0.01378071208150995 0.01961546551757656
0 0.4741795371222075 0.5298587626118701 0.013780712081509815 0.01961546551757656
0 0.5602633575944422 0.5480017746709726 0.016429364963324443 0.028098871835457666
0 0.29124242270193157 0.5329564209144491 0.016184558235356104 0.019685410296996126
0 0.36131293379669455 0.4399629516612722 0.013780712081509815 0.01961546551757656
0 0.32034263201218055 0.44237965964190973 0.013780712081509815 0.01961546551757656
0 0.3251024901033718 0.4028211152725775 0.020992250543048277 0.01982529985583498
0 0.46344142294544627 0.4441375278635244 0.01151675548650279 0.024353213045849306
0 0.41031200083286257 0.45101220425475674 0.01848348722007305 0.01614958584564632
0 0.3594023141894494 0.5469690778971358 0.016184558235356104 0.019685410296996126
0 0.28480952555013467 0.4233016417967709 0.014130435978607499 0.03163469628680733
0 0.26132137351090223 0.48637406185891846 0.016324447794195097 0.024493102604688295
0 0.2518237678914383 0.5233888705155655 0.016184558235356104 0.019685410296996126
0 0.2833057127926152 0.4749843341044632 0.013675794912380673 0.01600969628680733
0 0.28363332612679437 0.5050673834172499 0.016184558235356104 0.019685410296996126
0 0.39193343078191883 0.46250684917834123 0.01848348722007305 0.01614958584564632
0 0.45691647045131145 0.37898887498170997 0.020992250543048412 0.01982529985583498