0 0.3802172751228744 0.552269976472656 0.016808991701630305 0.016900457576345326
0 0.3845351426645537 0.44740833241657635 0.012274528248160376 0.020113778322085205
0 0.43869340662726347 0.5147158263581857 0.014678374402006393 0.02031000256459988
0 0.4948746996378401 0.491486641045535 0.019486066709698838 0.020702451049629235
0 0.299088177134705 0.505738666446181 0.014405145547784083 0.01670423333383079
0 0.3230921953308574 0.3964372009456033 0.019212837855476457 0.017096681818860003
0 0.3314655358939035 0.6051302126015192 0.016535762847407928 0.013294688345576096
0 0.48055921096652016 0.584647968317991 0.017446525694815716 0.025313919114806866
0 0.357328361943734 0.42341902612178484 0.01440514554778415 0.01670423333383079
0 0.41327228885067385 0.43524183428241814 0.0150426795409697 0.025117694872292325
0 0.39085526906225365 0.39592186435139876 0.014678374402006393 0.02031000256460002
0 0.45011096615389445 0.5555566333517353 0.01467837440200653 0.02031000256460002
0 0.5354654359907257 0.5782457060822634 0.017719754549038232 0.028919688345576098
0 0.2667811244684012 0.549057052459082 0.017082220555852616 0.020506226807114558
0 0.3412838432706157 0.4595994081725696 0.01467837440200653 0.02031000256459988
0 0.3001452298010088 0.45986936528058947 0.01467837440200646 0.02031000256459988
0 0.306756516428224 0.4205002401058999 0.021889912863544855 0.02089867529214391
0 0.4433562285243365 0.46914086155636614 0.012638833387123408 0.024921470629777513
0 0.3898340791465355 0.4732373897595049 0.019212837855476457 0.017096681818860003
0 0.3343799770056087 0.5666686741399808 0.017082220555852682 0.020506226807114558
0 0.26545368176442824 0.43889715548902325 0.015589137249414318 0.03232923333383065
0 0.23899202328855113 0.5008330603833143 0.017446525694815716 0.025313919114806866
0 0.22775519692312518 0.5374058909191284 0.017082220555852616 0.020506226807114558
0 0.26153740152057436 0.49057984779671554 0.014405145547784083 0.01670423333383065
0 0.26046241747897775 0.5207260368410498 0.017082220555852547 0.020506226807114558
0 0.3708944701452816 0.4837849387098757 0.019212837855476457 0.017096681818860003
0 0.4398608863618775 0.40355023055371864 0.02188991286354499 0.02089867529214391