0 0.4796865409068982 0.5244683405355404 0.015431636710723605 0.01568493264700849
0 0.42551595579638923 0.5209383046477198 0.02074360891223939 0.023317089683190854
0 0.6429623927876856 0.299316437831409 0.01800357616251101 0.018299088088176596
0 0.6327927482622471 0.4447491301391012 0.01576782330660583 0.0204926249547008
0 0.5993828053803476 0.49019718712450017 0.01576782330660597 0.0204926249547008
0 0.5623165532850085 0.5014656247377481 0.018339762758393236 0.023106780395868973
0 0.5870191513402696 0.5459514892342581 0.01593591660454708 0.022896471108546954
0 0.6238332634886969 0.5382888208517793 0.02074360891223939 0.023317089683190854
0 0.6750704525602013 0.5318880081932323 0.018339762758393236 0.023106780395868973
0 0.5548946182178237 0.4173762313497852 0.012330147373777852 0.02258100717756406
0 0.5490448594561843 0.4664447682163094 0.01576782330660597 0.0204926249547008
0 0.7047565129296208 0.349465942435255 0.0131958838548187 0.017878469513532627
0 0.4052595934616031 0.4647486733129621 0.009758207921990584 0.019966851736396025
0 0.3550227275027805 0.5087245652871075 0.01593591660454708 0.022896471108546954
0 0.5613420601301019 0.6537491695793437 0.020575515614298275 0.020913243529344837
0 0.5298646302080855 0.498626449358902 0.01593591660454708 0.022896471108546954
0 0.5849932351235709 0.4538692528824775 0.018339762758393236 0.023106780395868973
0 0.5977600890921319 0.323175101428845 0.0131958838548187 0.017878469513532627
0 0.5594919139198696 0.33433838439843194 0.0131958838548187 0.017878469513532762
0 0.5300321635395867 0.32329605676844625 0.01593591660454708 0.022896471108546954
0 0.5445057804453339 0.3584220679335459 0.01800357616251101 0.018299088088176665
0 0.4980762836815219 0.3652434991667369 0.013532070450700928 0.02268616182122507
0 0.2189620765049661 0.6213762499821219 0.018591902705304975 0.026712549626638202