0 0.5020591008607368 0.5064640886464647 0.014758777764743495 0.015178958355043903
0 0.44794458732905945 0.5048314563535118 0.019734320493269362 0.02264245729390469
0 0.6542327801328524 0.27616811397402596 0.017218574058867595 0.01770878474755122
0 0.6508477966460468 0.42160080628171837 0.014870678045299112 0.01998665066273621
0 0.6196807169174142 0.4681029763753769 0.014870678045299112 0.01998665066273621
0 0.5832873237680551 0.48063634971853647 0.01733047433942307 0.02251647705524353
0 0.6099524270824248 0.5241524301554474 0.014926628185577055 0.022390496816582364
0 0.646261895021367 0.5152248260430572 0.01973432049326909 0.02264245729390469
0 0.6969944398833865 0.5070531033626338 0.017330474339422936 0.02251647705524353
0 0.5719964497614847 0.3970107660982078 0.011320858954807687 0.022201526458590484
0 0.568445625731944 0.44616363201339276 0.014870678045299112 0.01998665066273621
0 0.7181015486915595 0.324040734264031 0.012410881751175286 0.017456824270228894
0 0.425165003946848 0.44948511550536163 0.008861062660683726 0.019671700066083167
0 0.3771710011412924 0.4951054239283922 0.014926628185577055 0.022390496816582364
0 0.5893778495459396 0.6325825783654888 0.019678370352991418 0.020238611140058538
0 0.5508354006911321 0.4789356164966109 0.01492662818557692 0.022390496816582364
0 0.6036650708745189 0.43236534547397965 0.01733047433942307 0.02251647705524353
0 0.6103201227504271 0.30154470044735593 0.012410881751175286 0.017456824270228894
0 0.572724806524145 0.3140150836711849 0.012410881751175286 0.01745682427022886
0 0.5428725550920404 0.3040268691494589 0.01492662818557692 0.022390496816582298
0 0.5589161762050746 0.33856257697393316 0.017218574058867595 0.01770878474755122
0 0.5129913236507476 0.3469862601316789 0.012522782031730765 0.022264516577921202
0 0.24688572276314052 0.6122265482024278 0.017414399549839785 0.02612224628601276