0 0.529968013253855 0.5004794672115425 0.014926741867669445 0.015010772272563627
0 0.47592344687103255 0.49947753272789047 0.019986266647658013 0.02241820918393108
0 0.6682921570526938 0.2684736007005546 0.017414532178947822 0.01751256765132421
0 0.6733707785773351 0.4139062930082469 0.015094630182533618 0.019818464580255934
0 0.6450015848028999 0.46075885077373935 0.015094630182533618 0.019818464580255934
0 0.6094475574398001 0.4737126893230995 0.01758242049381186 0.022320259959016653
0 0.6385608109640922 0.5169064131019234 0.015178574339965568 0.022222310734102087
0 0.6742407545633402 0.5075583437833324 0.019986266647657878 0.02241820918393108
0 0.724343775085665 0.49879796981422814 0.017582420493811722 0.022320259959016518
0 0.5933303301622392 0.3902412762783777 0.011572805109196475 0.022075386896730446
0 0.5926473392357509 0.4394221732073094 0.015094630182533618 0.0198184645802558
0 0.7347489701190336 0.31558938361939853 0.012606839871255514 0.01731666920149535
0 0.4499962417903491 0.4444115020172074 0.009085014797918234 0.019573591517969866
0 0.4048001249389908 0.4905784152082988 0.015178574339965705 0.022222310734102087
0 0.624351423973406 0.6255467939150651 0.019902322490225926 0.020014363030084654
0 0.5769956343628769 0.47239037478675444 0.015178574339965705 0.02222231073410195
0 0.6269574714432117 0.42521743696856895 0.017582420493811722 0.022320259959016518
0 0.6259882840939321 0.2943547454213252 0.012606839871255514 0.01731666920149535
0 0.5892323336539091 0.3072596093582282 0.012606839871255378 0.017316669201495286
0 0.5588904521798199 0.2976217825083361 0.015178574339965705 0.022222310734102087
0 0.5768925934607922 0.33196127323658337 0.017414532178947686 0.01751256765132421
0 0.5315972652461597 0.3409175456555165 0.012774728186119551 0.02212436150918766
0 0.28171940289289704 0.60918518321091 0.01770833672995992 0.025926029189785746