0 0.607817931866815 0.7738346217084605 0.04563751411174184 0.0642397096370469
0 0.5164480694797711 0.7264135984733718 0.027690526275780607 0.04383228732068945
0 0.2878608184516217 0.6935337654430707 0.031576311696309305 0.04889211957529364
0 0.36218076977374747 0.5985648090497775 0.04033979347197039 0.05549006150270285
0 0.44849512174898354 0.3391004844159639 0.03094627526935029 0.03807481188298594
0 0.35102305296422454 0.3757300299165201 0.03206634002838845 0.05730558111375517
0 0.26064510151178405 0.33199882256117114 0.06656023475151329 0.07408196420800782
0 0.04400595563019519 0.17685902228059855 0.02734050603858113 0.037822671936074206
0 0.1809822556185674 0.6015828117041928 0.024446631552655765 0.029241117099671553
0 0.6161580246321454 0.4027178008774766 0.020490842084687263 0.02297936176814443
0 0.7699223201604143 0.3941609560659692 0.018787036405239925 0.034830499239434085
0 0.7857810408436241 0.432681271185143 0.02395660322057662 0.020827655561210016
0 0.5895649761497432 0.5070582386142077 0.018086995930840972 0.022811268470203316
0 0.5416184500477157 0.7293805011786767 0.016033170014194225 0.028652790556877725
0 0.6994300044818225 0.5062930221320676 0.10449618206963726 0.12940393241276957