0 0.6629540496953124 0.7170153964829739 0.04313726960497496 0.06203236451020134
0 0.5684907417535342 0.6777864242046097 0.02597467220250917 0.04250788024458256
0 0.3386297190263767 0.6649666133888521 0.029664360014664045 0.04737851148831414
0 0.4053980238472396 0.5640111582194909 0.038182719779857606 0.0535349843903543
0 0.47169596340948977 0.2983502822209755 0.029475543206546242 0.03656120379600631
0 0.37749930756503763 0.34327690497257307 0.029811217532088954 0.0557919730267754
0 0.28430086163622187 0.3076327222796316 0.06371681943009204 0.07080248001955211
0 0.057107607391422274 0.1721328390363344 0.02586977397577708 0.03649826485996704
0 0.22538229769828147 0.5827831050214531 0.023319070304506015 0.02804284403081261
0 0.6432711650824625 0.3470538648894767 0.01960840284700483 0.02197028971015796
0 0.7955797215261508 0.32515868069971277 0.01741435314662272 0.03394756118869598
0 0.8142589366857358 0.3621036014041319 0.023172212787081037 0.019629382492351074
0 0.6246846815652548 0.45317974962959656 0.01720455669315868 0.021928330419465205
0 0.5937521060142653 0.6785477747292581 0.014905608766044546 0.027895986513387837
0 0.7339128240478299 0.44285714036461127 0.09949569305610349 0.12429550511921351