0 0.6587156831757996 0.7094453217824073 0.04278057539293666 0.0625221105629182
0 0.5644901713753803 0.6713077835643836 0.025729882056992757 0.04280172787621257
0 0.33472706470642943 0.6611605869220235 0.02939159385251709 0.04771433735303422
0 0.40207587187237404 0.5594075453239522 0.03787498359692275 0.05396875946561781
0 0.46991249234929877 0.29292109740799976 0.029265723081818004 0.036897029660726395
0 0.37546405235517266 0.3389531469643012 0.029489493340838828 0.05612779889149563
0 0.2824824205552428 0.3043864055873369 0.06331116718895063 0.07153010272644576
0 0.05610047079272619 0.1715031655399841 0.025659953851048724 0.03679211249159719
0 0.22196922366936697 0.5802784037804154 0.02315820820888095 0.028308706173716083
0 0.6411869518434943 0.33963771037690693 0.019482510772167946 0.02219417361997149
0 0.7936074123537041 0.31596544765299883 0.01721852103020948 0.0341434596097827
0 0.8120698133844033 0.3527004771919679 0.02306030872055942 0.019895244635254546
0 0.6219849959604168 0.44600147177120353 0.01707866461832152 0.022124228840551926
0 0.5897445416319538 0.6717752864574018 0.014744746670419482 0.028063899445747883
0 0.7312620964720952 0.43440552276915423 0.09878230463202715 0.125428917412644