0 0.41085968277043156 0.5319238369730047 0.012190877389910426 0.016952793847622296
0 0.3012640792721647 0.48381810054839 0.021193011655915858 0.024262231797482495
0 0.5506020704112813 0.4050662728908359 0.014790947786271257 0.01938461128384607
0 0.7176204212260018 0.3769901713753803 0.01567395687758723 0.030201918976153763
0 0.6689052734456987 0.5157139662390171 0.015281508392557878 0.025394226668461455
0 0.5777551454759767 0.5758931918669897 0.01719479394011741 0.01941258256622369
0 0.6683905319497428 0.40643686572733867 0.007579409324732795 0.019300697436713213
0 0.5019610522286493 0.3828862174998572 0.016900457576345326 0.015806813335454323
0 0.5537906151691032 0.4735479169930737 0.01569853449942225 0.015792827694265717
0 0.4860904743763816 0.46795702877880835 0.02038353706402227 0.029055938463985926
0 0.4285939941944228 0.5873661405645431 0.008192659674111842 0.012103144616363491
0 0.6369928678526496 0.551366074952234 0.009983255478578949 0.019328668719090832
0 0.6572293359178273 0.5491999846985975 0.010081367599836218 0.02053059179601391
0 0.7507339564316424 0.5767052011212543 0.012068187646818 0.0301599620525874
0 0.6281625785734065 0.5020312862336327 0.013785248951862719 0.021774471796503346
0 0.6433463715768729 0.40854701341621996 0.01209276526865302 0.01575087077069922
0 0.5994888648122639 0.2831554154629335 0.010179479721093624 0.021732514872936985
0 0.41652620327977063 0.43952960210300457 0.011675739161788648 0.025352269744895094
0 0.39955201283792 0.46695006261321453 0.009983255478578949 0.019328668719090832
0 0.3944008289227856 0.4921065333814663 0.01579664662067952 0.016994750771188796
0 0.6043447205332119 0.5485846164862902 0.0103757039636083 0.02413636102678314
0 0.6098150168000362 0.45378653546244396 0.013785248951862719 0.021774471796503346
0 0.6700092827674475 0.45568774059880723 0.012485213753682372 0.020558563078391528
0 0.5802089403378246 0.31174982776768884 0.014496611422499174 0.01577884205307684
0 0.46050639978747204 0.5517140318513261 0.010988954312987213 0.016938808206433557
0 0.45731825176181584 0.3655558113401372 0.011283290676759296 0.020544577437202786
0 0.44169345012789873 0.30653570980020717 0.01569853449942225 0.01579282769426565
0 0.44525006411499785 0.3353958492875498 0.01368713683060545 0.02057254871958027
0 0.5532023391737251 0.3486598021225842 0.014889059907528526 0.020586534360769147
0 0.6206081436026747 0.3506449211060802 0.01758724242514676 0.024220274873915863
0 0.604418453398717 0.5053573426406259 0.012485213753682372 0.020558563078391528
0 0.4907756753070644 0.4223818513440531 0.016189095105708873 0.021802443078881104
0 0.510913634518819 0.5366904144224447 0.016802345455088057 0.014604890258531383
0 0.4577838380141017 0.5036510944155919 0.01579664662067952 0.016994750771188796
0 0.7950086876691989 0.6336571118958694 0.018985389744584653 0.026638106668950893