0 0.4139513501056257 0.5555135738999118 0.01228947270356128 0.01764660963959021
0 0.3040810882336173 0.5006238608427225 0.0213338621039886 0.025495682094314083
0 0.552940187849287 0.438292340261741 0.014903628144729316 0.020232608362917952
0 0.7197824756039167 0.42108601948711516 0.01585001993767813 0.031049916055225644
0 0.6718842604224349 0.5559552821731527 0.015429401363034091 0.026242223747533336
0 0.581093301095298 0.6099672563169667 0.01730747429857547 0.020414760932399537
0 0.6707286493877486 0.44721781616633827 0.007692089683190718 0.019686150654473194
0 0.5041724042633896 0.41310574977223496 0.016992010367592576 0.016808991701630305
0 0.556530156384116 0.5066198030768748 0.0157900872906695 0.016717915416889512
0 0.4888018455017797 0.49671183882369835 0.02055255760170929 0.030212298117265737
0 0.4320096175601841 0.611803874570522 0.008263084898148147 0.012565688477675526
0 0.6401831305014947 0.5893717622233622 0.010095935837037145 0.01986830322395478
0 0.660405513521865 0.5885162129101094 0.010201090480697745 0.021070226300877855
0 0.7540650695285602 0.6218803182427168 0.012244250706908898 0.030776687201003263
0 0.6310640978037028 0.5397286109305528 0.013912014355128122 0.02254537823202331
0 0.6456985740596858 0.4477090603406278 0.012184318059900407 0.016444686562667135
0 0.6011086449650992 0.3201589243678858 0.010306245124358892 0.022272149377800934
0 0.41907559638988523 0.4639673361089835 0.01182363213226486 0.025968994893310955
0 0.4022633839633182 0.4901543463223617 0.010095935837036872 0.01986830322395478
0 0.3972600930186601 0.5148482732293016 0.01589524193433051 0.01791983849381259
0 0.6075208981372496 0.5845088563815147 0.01051655441168091 0.024675995531647087
0 0.6124348351341872 0.49055877243674034 0.013912014355128122 0.02254537823202331
0 0.672636143624002 0.49631450975070285 0.012604936634544171 0.021252378870359443
0 0.581997741028347 0.34736570508870546 0.014588164213746424 0.01662683913214872
0 0.4637107474811243 0.5783873945203125 0.011087549626638203 0.01755553335484942
0 0.4594310084829053 0.3930000804446435 0.011403013557621095 0.02116130258561865
0 0.44346112325121023 0.3332861631127456 0.0157900872906695 0.016717915416889512
0 0.44718675777599654 0.3622233932436402 0.01380685971146725 0.021343455155100235
0 0.5552094580587601 0.38234841335480113 0.015008782788390325 0.021434531439841028
0 0.6226223050101132 0.38865060837720833 0.017728092873219373 0.025222453240091845
0 0.6073411001962241 0.5415128544665063 0.012604936634544171 0.021252378870359443
0 0.4932194305811245 0.451676295893807 0.016315860508974274 0.022727530801504896
0 0.514026429421224 0.5666786747641664 0.016886855723931567 0.015607068624707229
0 0.46070648481160875 0.5304015477281302 0.01589524193433051 0.01791983849381259
0 0.7986707993190871 0.6813762202545477 0.019140325237464468 0.02771737567867879