0 0.3800695173294342 0.54048768685634 0.01120895867425221 0.0172046717853674
0 0.27320925882478675 0.4899191439293281 0.019790270633547033 0.024710014797918234
0 0.5273165694399575 0.41712842746507606 0.013668754968376034 0.019692462096645776
0 0.6960883465326393 0.3929984136409612 0.013920530599625964 0.03050976978895347
0 0.6392373008225967 0.5303228866282359 0.013808630319070621 0.025702077481261163
0 0.5445101832458339 0.5882631972540294 0.01607260112222219 0.019776406254077727
0 0.6451050309784191 0.42124169117924826 0.006457216506837573 0.019440629624349517
0 0.47993801817745757 0.393856901010535 0.015988675911805545 0.016170637023308496
0 0.5265073022840282 0.48555409869225935 0.014786752834882467 0.016128664944592523
0 0.4590877096957803 0.4783959699764686 0.018700247837179572 0.029475735026894566
0 0.39457752440197696 0.5962378412606779 0.007491289162927363 0.01227106324152703
0 0.605220783695994 0.5651633886531631 0.008861062660683726 0.019524573781781605
0 0.6255975258634086 0.5634730678374896 0.008889037730822426 0.02072649685870468
0 0.717559131252618 0.5931052535122165 0.010314761368856732 0.03038385355280527
0 0.5992661135126073 0.5157166541844527 0.012522782031730765 0.02205433617177582
0 0.6199205965033123 0.4227641236800575 0.011180983604113237 0.01600274870844432
0 0.5833573430550216 0.2965889054760083 0.008917012800961533 0.021928419935627688
0 0.3911365907748935 0.4484013027991395 0.010202861088301391 0.025576161245112965
0 0.3725492481573187 0.4753739803089135 0.008861062660683726 0.019524573781781605
0 0.36592518616869707 0.5003625324520019 0.01481472790502144 0.0173305880215156
0 0.5727129104787931 0.5616262963739836 0.008972962941239341 0.024332266089473913
0 0.5837240337839747 0.46713606616293707 0.012522782031730765 0.02205433617177582
0 0.6438481627002676 0.4704365931756624 0.01129288388466858 0.02081044101613663
0 0.5623941293537396 0.32467956190527336 0.013584829757959391 0.016086692865876547
0 0.4285940415285795 0.5613973392357509 0.010007035597329132 0.017162699706651425
0 0.43627713642628235 0.37551898309983434 0.010090960807745776 0.020768468937420657
0 0.4240890502971691 0.3162470036221592 0.014786752834882467 0.016128664944592523
0 0.4259623750574255 0.3451351295470291 0.01249480696159193 0.020852413094852744
0 0.5332132796049682 0.3608898753219877 0.013696730038515006 0.020894385173568855
0 0.6005489469827995 0.3644422348070092 0.016184501402777805 0.024584098561770035
0 0.5753115771845624 0.5184829818409011 0.011292883884668852 0.02081044101613663
0 0.466438118568964 0.433016697604404 0.01492662818557692 0.022138280329207907
0 0.47991305792446626 0.5475771386205407 0.01596070084166671 0.01496871394638542
0 0.42867696179994697 0.5133623882375438 0.01481472790502144 0.0173305880215156
0 0.7585374210876074 0.6509807167252307 0.01744237461997855 0.027029916794332438