0 0.7964973022409553 0.38146719030432436 0.0456196671773292 0.06806295954016324
0 0.5855541088821392 0.601206587158969 0.03687042900913932 0.058300717407353715
0 0.8891789544778013 0.5932932835854583 0.03741606603244781 0.07392571740735385
0 0.7885187777460967 0.04979936000959437 0.019944294568941902 0.02076836663323495
0 0.7347565782472549 0.12693831667831285 0.016716274046616995 0.03152273538950341
0 0.4677007489814986 0.3565089778939837 0.04545177886246503 0.06325526723247094
0 0.22673235403366906 0.4387885714271229 0.049225436408098434 0.06812589847620251
0 0.528151827151433 0.883685573173416 0.029113253524292358 0.042549839535275316
0 0.22589679294755835 0.8964275486999654 0.025675372608387165 0.047294592906928355
0 0.34209414503362073 0.9561129227001827 0.032886911069925626 0.047420470779006615
0 0.40421639632517636 0.9463865565658884 0.048511911069925626 0.0476932061685102