0 0.7665238232504674 0.3404226662156015 0.04640413692148307 0.06881868714146987
0 0.5373614563876293 0.5716192768496137 0.03754283164698545 0.05890949797507288
0 0.8420637799862173 0.5477791870883009 0.038270577718044214 0.07453449797507289
0 0.7855802013744803 0.009559051766129338 0.020182437169845767 0.019118103532258676
0 0.7254510864038027 0.08866366844833819 0.01708049214211699 0.031795637023308565
0 0.4392945107225395 0.33265027447431206 0.04618021505346503 0.06401099483377756
0 0.1912735324828305 0.4277090679921303 0.0500099061522523 0.06894460337761807
0 0.4568423738668737 0.8576235594115581 0.02960354711438849 0.04303266550277676
0 0.15311805147719074 0.8862293694018473 0.026221699751637233 0.04771444157432087
0 0.26461368136866675 0.9399343296161308 0.03343323821317576 0.04796627404661699
0 0.3276175055717073 0.9269344738305888 0.049058238213175724 0.048511911069925764