0 0.7900736176298492 0.4225868766672702 0.04444409090863006 0.07033337167063262
0 0.5752258316642825 0.6308480788623195 0.03586279220739723 0.060129660512453977
0 0.8790815940270105 0.6388907272057188 0.03613552759690054 0.07575466051245418
0 0.7878890047450078 0.09110824738341264 0.019587423201658048 0.021777438691221354
0 0.7327622970771402 0.16528305488179607 0.016170470779006615 0.03234260643661738
0 0.46161294330430663 0.3804113722675365 0.04436017232724428 0.06552567936294032
0 0.21913309315386387 0.44988836406497335 0.048049860139399284 0.07058551161754437
0 0.5128693356583442 0.9097953126738141 0.028378518356355322 0.0440003806186307
0 0.21029941495392507 0.9066444032870778 0.024856667706971737 0.04855593297941141
0 0.3254891302382453 0.9723211426315892 0.0320682061685102 0.049060212873234615
0 0.3878003134301276 0.9658742606857508 0.0476932061685102 0.05015281930985192