0 0.39709535853213723 0.6361362514190936 0.026807837691510763 0.03512393115008358
0 0.5838149459214217 0.5904998588825823 0.021776223515800552 0.030036222652631804
0 0.6095525268851517 0.6812978346196622 0.026807837691510763 0.03512393115008358
0 0.5001775268851517 0.6876682029366916 0.02440399153766461 0.03498392305520399
0 0.4113372383448103 0.8450727089318344 0.0155986667301715 0.026080433184663302
0 0.3813188086189094 0.8204505064729637 0.013362761977339014 0.029546194320552662
0 0.48256024941547043 0.8085605511033981 0.013194820576325346 0.02594042508978343
0 0.436913505762222 0.8363910854740583 0.010790974422479192 0.02580041699490356
0 0.4696979977138245 0.8788321219444556 0.02121641884575545 0.018016991883401036
0 0.47231600210259816 0.5910006199098761 0.019204435960940732 0.02629044532698284
0 0.5454753101759351 0.4357080896083748 0.01095891582349286 0.029406186225672926
0 0.45709280715367245 0.4288691583496954 0.012970898708307307 0.021132732782091122
0 0.257958811798778 0.5351617371118796 0.039386873130786634 0.04784320239371344
0 0.30002943341843336 0.4811689112386712 0.024012128268633106 0.026570461516742448
0 0.23753274734578095 0.43326643749273264 0.01937237736195426 0.029896214557752206
0 0.4152989520906444 0.09088319878065601 0.019596299229972303 0.03470390686544441
0 0.5203964172558211 0.09914591952902317 0.01937237736195426 0.029896214557752102
0 0.9389422364327268 0.12031757984814072 0.026975779092524296 0.03872970038085295
0 0.6302060052824667 0.2893309034478593 0.01599052999920321 0.03449389472312477
0 0.898600381435516 0.24013615876235891 0.0155986667301715 0.026080433184663167
0 0.03656465228912818 0.3730517409421283 0.013194820576325398 0.02594042508978343