0 0.4741102723184264 0.6759997523306035 0.02759369078656048 0.034535259806883274
0 0.6567690733444338 0.6476076832221049 0.02244981188298567 0.029559679184326518
0 0.6932887422382443 0.741205062113083 0.02759369078656048 0.034535259806883274
0 0.5839137422382443 0.7373856029499231 0.025189844632714325 0.034451315649450774
0 0.5128568974267368 0.887175732366463 0.016188056551458684 0.025744049559977136
0 0.47975787114938445 0.8596421506275381 0.014036350344524405 0.029265874633314145
0 0.5802991763660701 0.8571581898550704 0.013784210397612667 0.025660105402544913
0 0.5375930021482981 0.8808456075579614 0.011380364243766376 0.025576161245112965
0 0.5755584973909782 0.9265339516868806 0.02160934539328024 0.017540448415095746
0 0.5445699939457348 0.6376946645168976 0.01979382578222805 0.025869965796125334
0 0.6000858854062129 0.48856082115397226 0.011632504190678251 0.029181930475882193
0 0.5103031112241995 0.47343565655975434 0.013448023801730304 0.020852413094852744
0 0.3222312580313357 0.5615881028846784 0.040453388045496814 0.046974211363274336
0 0.3582807136640629 0.5112904891746155 0.024601518089920223 0.026037854110989373
0 0.28976286160448245 0.457341304616257 0.020045965729139723 0.029475735026894566
0 0.42874155522425117 0.13007484293523042 0.020382152325022017 0.03428342733458681
0 0.5355193457811288 0.1481914627853191 0.02004596572913979 0.029475735026894496
0 0.9593861953650872 0.20855476725901106 0.02784583073347208 0.0381410290376523
0 0.6682933808276861 0.349462083193592 0.016776383094252785 0.034157511098438675
0 0.9327669977334334 0.32512603851470734 0.016188056551458684 0.025744049559977136
0 0.08039313958932544 0.37809066661914503 0.013784210397612632 0.02566010540254505