0 0.4201925127307734 0.6386332098260064 0.025631982568671018 0.034976638659788235
0 0.6056942501714025 0.5940769622183281 0.020768347696223745 0.029916985874773597
0 0.6346654327229415 0.6850502861581406 0.025631982568671018 0.034976638659788235
0 0.5252904327229415 0.6907823870172233 0.023228136414825 0.03485065842112707
0 0.4417834870611942 0.8477099459009333 0.014716775388041725 0.025996266047351595
0 0.4108411711673479 0.8229053813112206 0.012354886157761933 0.029476055039459388
0 0.5118726378348305 0.8116045959028366 0.012312929234195571 0.02587028580869016
0 0.4671077855237117 0.8391756149334527 0.009909083080349554 0.02574430557002927
0 0.5014460860304951 0.8818200553190197 0.02062849128433551 0.01789775510554283
0 0.49398533222350033 0.5939254279314565 0.018322544618810957 0.026185236405343204
0 0.5618532922440589 0.43901866367596704 0.009951040003915916 0.0293500748007985
0 0.4730508409636392 0.43166070173719906 0.012256986669440332 0.021062593500998126
0 0.2772344368481853 0.5368170241456759 0.037791069749789956 0.04762577062232482
0 0.31749928095776536 0.4830556579000745 0.023130236926503296 0.02643719688266553
0 0.2531968173750378 0.43477443203623334 0.018364501542377454 0.029791005636112436
0 0.41933045536895175 0.09333807361891296 0.018420444107132557 0.03459869794380482
0 0.5249318584439169 0.102218020040899 0.018364501542377454 0.029791005636112502
0 0.9450734810018193 0.12584455519827348 0.02567393949223738 0.03858240789055753
0 0.6416285979043377 0.2930973828425563 0.014814674876363326 0.034409727585813135
0 0.9088471189345473 0.24545973019732178 0.014716775388041725 0.025996266047351595
0 0.049709032769442905 0.37336736770704704 0.012312929234195639 0.025870285808690434