0 0.6726268563629392 0.3998336406167558 0.03800085436762183 0.06652528790388751
0 0.7586330214709123 0.5555206709412949 0.04271064718699281 0.05847613150438901
0 0.7646697660725912 0.6570286671112779 0.023130236926503536 0.026970834025459675
0 0.7858288696567872 0.6995334248519968 0.03157166974734256 0.030012214172491378
0 0.4908682183690252 0.7192870427828114 0.02825959898153813 0.05497936993365361
0 0.43683678040692797 0.8138373785619091 0.02929369436419549 0.04064736929531749
0 0.3239301497086729 0.2819842879110327 0.05109613744307659 0.05670981934372854
0 0.5155805168804914 0.35304687808494334 0.020754362055034867 0.029192527609824246
0 0.2876058881530793 0.40554499873047295 0.025562054362727106 0.02955683274878728
0 0.2723724861063658 0.37070716087499656 0.03150174154139844 0.02400259878787586
0 0.6257929712211917 0.49613235718122123 0.029391593852517158 0.049060830833779025
0 0.36459805121678623 0.5088207264693934 0.03530330974881087 0.041102750719021315
0 0.3313481045267873 0.678327743066133 0.02803582872251731 0.03574860070288439
0 0.10242666252510668 0.2952743284418047 0.02072639077265718 0.02678868145597802
0 0.5855552563286751 0.6458621468387468 0.028063800004894928 0.03815244685673054
0 0.46434368096021283 0.5175819811798019 0.023130236926503265 0.026970834025459675
0 0.4388943537923102 0.43024176445396606 0.03410138667188779 0.04101167443428052
0 0.7331820101723815 0.6750933760157098 0.01948251077216767 0.023091835940468066