0 0.6563815185501259 0.3643076567958873 0.04096982989892913 0.06456915025122875
0 0.735441401282965 0.5153882984544877 0.0452874938745423 0.056267588993322695
0 0.7367725997595531 0.6165176873368596 0.024306623457775893 0.025771910948023447
0 0.7560270775312126 0.6578866232147443 0.03286009309111758 0.02837158259284186
0 0.4591057820246628 0.693100038723024 0.030724408856585637 0.05352804199780983
0 0.40048083474997687 0.790426827944605 0.031086283364230163 0.039132940144871606
0 0.3119422107709418 0.2648207575393165 0.0535609473181241 0.05405956833044873
0 0.5009597128489596 0.32578715337692354 0.02204278539880961 0.02811980696159193
0 0.2697360165589847 0.39021140358221185 0.026850477706501917 0.028231707242147543
0 0.2560711298873015 0.35619388151656006 0.032510072853917896 0.022361967208226474
0 0.6048981056895387 0.4630042195152249 0.031576311696309305 0.04754640168333342
0 0.3421906887163541 0.4893855523720089 0.03709589874884555 0.039272815495566195
0 0.30093010993245073 0.6605332005483977 0.029604344097547548 0.0342972727670406
0 0.08903826343109852 0.28972142155683767 0.021902777303929873 0.025715960807745776
0 0.5575460532031349 0.6147532480400112 0.029744352192427215 0.036701118920886754
0 0.44188030005352963 0.49290940627045987 0.02430662345777603 0.025771910948023447
0 0.42040827972945366 0.4069574162658658 0.03589397567192247 0.039244840425427356
0 0.7043325309530751 0.6362230278209408 0.020490842084687263 0.022082216506837574