0 0.6624800546950973 0.3564316082969888 0.039855269844848135 0.06413547795377597
0 0.7441475873657861 0.5064910216422329 0.04432013986534008 0.05577795898006954
0 0.7472452583809177 0.6075364739509043 0.023865005323140363 0.025506111797971933
0 0.7672147369419875 0.6486536001076874 0.032376416086516056 0.02800785744013969
0 0.4710294716598308 0.6872944257087382 0.029799113717348728 0.05320628513195767
0 0.41412893805372303 0.7852367498041232 0.030413341444784966 0.0387971938500699
0 0.31644250985723094 0.26101563286489304 0.052635652178887056 0.053472012314545125
0 0.5064483953794336 0.3197437200704863 0.021559108394208364 0.02788198666944047
0 0.2764444063184532 0.3868119723473408 0.026366800701900808 0.027937929234195708
0 0.26219069546725543 0.3529763128580402 0.032131543024229985 0.021998242055524305
0 0.6127420849380708 0.45565976931642965 0.0307561637319856 0.04721065538853116
0 0.35060246270941803 0.4850768082553823 0.036422956829400346 0.03886712205601374
0 0.31234909312803494 0.6565881815844734 0.02901551991803303 0.03397551590118844
0 0.09406429839195418 0.2884903518092301 0.021461159169294006 0.025478140515594314
0 0.5680607706944648 0.6078564595676187 0.02911346914294746 0.036379362055034864
0 0.4503131034815762 0.48743953955097613 0.02386500532314009 0.025506111797971933
0 0.42734799327373135 0.40179531698328397 0.035221033752477274 0.038853136414824865
0 0.7151626899691449 0.6276055395876876 0.020112312254999355 0.021858385643636343