0 0.16466346153846154 0.003726754390507982 0.030048076923076924 0.007453508781015964
0 0.23557692307692307 0.06595090539019381 0.02403846153846154 0.019148455493936255
0 0.16105769230769232 0.223267848190627 0.021634615384615384 0.02744995609838874
0 0.04447115384615385 0.3128325688746794 0.018028846153846152 0.030887783928144473
0 0.13701923076923078 0.3265509190691787 0.026442307692307692 0.027673877966406916
0 0.3269230769230769 0.2371771591286206 0.014423076923076924 0.02230638098866944
0 0.23557692307692307 0.24503744385173226 0.02403846153846154 0.021552301647782376
0 0.36658653846153844 0.16922403448670267 0.02403846153846154 0.028763840109320836
0 0.2668269230769231 0.1197838747865382 0.026442307692307692 0.025270031812560694
0 0.2608173076923077 0.15011185404463764 0.021634615384615384 0.02144034071377339
0 0.6262019230769231 0.15232456130603717 0.020432692307692308 0.02258628332369199
0 0.4675480769230769 0.41812744448909345 0.015625 0.028371976840289265
0 0.5192307692307693 0.5563452844078997 0.018028846153846152 0.024878168543529054
0 0.46875 0.5178310794067044 0.021634615384615384 0.02144034071377349
0 0.3329326923076923 0.4953107183320596 0.018028846153846152 0.02728201469737521
0 0.38341346153846156 0.4316614617947935 0.026442307692307692 0.03127964719717601
0 0.5697115384615384 0.42899410479371053 0.015625 0.030775822994135418
0 0.6201923076923077 0.4218352328718289 0.02403846153846154 0.01914845549393622
0 0.6454326923076923 0.23556348921858045 0.015625 0.016352746071058563
0 0.6514423076923077 0.2797547407297118 0.020432692307692308 0.024990129477538075
0 0.6045673076923077 0.37809182509673367 0.018028846153846152 0.021272399312759822
0 0.5144230769230769 0.37147305242976386 0.021634615384615384 0.025046109944542722
0 0.6334134615384616 0.35030598619631775 0.018028846153846152 0.016464707005067518
0 0.29447115384615385 0.45743863173774224 0.014423076923076924 0.015094842527131046
0 0.19951923076923078 0.4762841655541751 0.018028846153846152 0.01886855315891367
0 0.15264423076923078 0.5674097114596586 0.021634615384615384 0.019036494559927338
0 0.41947115384615385 0.5994532016308122 0.02403846153846154 0.02756191703239776
0 0.33052884615384615 0.5891726792660686 0.020432692307692308 0.02739397563138423
0 0.35096153846153844 0.648317165173146 0.030048076923076924 0.02784181936742031
0 0.296875 0.546268978496041 0.018028846153846152 0.028483937774298286
0 0.3798076923076923 0.5700505570419607 0.01201923076923077 0.012579035439275871
0 0.46274038461538464 0.33902444328018844 0.014423076923076924 0.022306380988669508
0 0.46033653846153844 0.378799865752659 0.015625 0.024766207609520034
0 0.4026442307692308 0.362256158938106 0.021634615384615384 0.027449956098388874
0 0.3798076923076923 0.33687748011888385 0.020432692307692308 0.022586283323691923
0 0.3425480769230769 0.2965455669037159 0.021634615384615384 0.02744995609838874
0 0.41947115384615385 0.30017435547696597 0.021634615384615384 0.025046109944542587
0 0.2980769230769231 0.008320377537748905 0.020432692307692308 0.01664075507549781
0 0.040865384615384616 0.09064474104492373 0.018028846153846152 0.027282014697375276
0 0.3629807692307692 0.013141975887716205 0.026442307692307692 0.025270031812560663
0 0.17548076923076922 0.3752403133558037 0.014423076923076924 0.018700611757900276
0 0.0829326923076923 0.3999835016228429 0.030048076923076924 0.017024511675112618
0 0.21995192307692307 0.3335055745381755 0.01201923076923077 0.02099249697773741
0 0.30288461538461536 0.36449869154563375 0.018028846153846152 0.01886855315891367
0 0.1778846153846154 0.4412341216525639 0.01201923076923077 0.027002112362352795
0 0.2644230769230769 0.43840545110516255 0.020432692307692308 0.03460551409292269
0 0.5060096153846154 0.1759514541603339 0.020432692307692308 0.022586283323691923
0 0.22355769230769232 0.17468378698331577 0.026442307692307692 0.03127964719717601
0 0.21153846153846154 0.11875320703797622 0.020432692307692308 0.01898051409292276
0 0.17668269230769232 0.1516266405811069 0.030048076923076924 0.025437973213574192
0 0.008413461538461538 0.44672352134635307 0.014423076923076924 0.022306380988669508
0 0.01201923076923077 0.3888632722530318 0.015625 0.01875659222490465
0 0.004807692307692308 0.2894395396704435 0.006009615384615385 0.03273182541194563
0 0.10336538461538461 0.4495126029145356 0.021634615384615384 0.02144034071377349