0 0.16441865481049328 0.005905555538724105 0.030397800820174473 0.01181111107744821
0 0.23333869013549877 0.07281106643517951 0.02456304738410786 0.01844843906077446
0 0.1543429934834194 0.22795795829281112 0.02240400795823003 0.026819941308543156
0 0.035308387742198105 0.3141275992760288 0.018903155896590026 0.030362771603273123
0 0.12733187881962874 0.33054101273820097 0.027211700265922286 0.026903859889928803
0 0.3195788750840284 0.24669738261962118 0.015052579937852455 0.021886371128772383
0 0.2281278040687453 0.251897604896718 0.024632992163527358 0.020852285214620663
0 0.3611658180565265 0.17989928509242026 0.024842826501785983 0.028063823676159123
0 0.26297996020885006 0.12755405719463425 0.02714175548650279 0.024500013736082682
0 0.2560960350814908 0.15770703234444325 0.02222914600968127 0.020810325923927772
0 0.6209210922307501 0.17055998938990222 0.02106219532246791 0.021991269355504474
0 0.45474818228930675 0.43174276411409057 0.016429364963324443 0.027916966158734076
0 0.5023391050009577 0.5714656393641947 0.01872829394804125 0.02435315621865774
0 0.4530473970203201 0.5314813998533595 0.022229146009681136 0.020810325923927772
0 0.3180694266810465 0.5050059459313506 0.018798238727460816 0.026757002372504026
0 0.37033378778701326 0.4428267239037243 0.027316617435051562 0.03050962912069803
0 0.5564570027615414 0.44558449425964525 0.01649930974274387 0.03032081231258023
0 0.6070776615511497 0.43989565684740345 0.02456304738410786 0.01844843906077451
0 0.6377037941818364 0.25435893044897495 0.01607964106622662 0.015897735389503447
0 0.642419431147191 0.2987251860683967 0.021132140101887405 0.024395115509350626
0 0.5927466399704107 0.39569723839075305 0.018623376778911904 0.020747386987888507
0 0.5029171607085676 0.3864534040994265 0.02233406317881048 0.024416095154697004
0 0.6223621863901792 0.3687514192101314 0.018483487220072845 0.015939694680196334
0 0.28076197707993 0.4660138330439744 0.014842745599593967 0.01467483266723399
0 0.18539038532648988 0.4820943019494181 0.018553431999492477 0.01834354083404249
0 0.13592742848796802 0.571854815810236 0.02215920123026171 0.01840647977008162
0 0.40146037314563016 0.6116684883894856 0.0248078541120762 0.026861900599236047
0 0.3129377341298395 0.5987979052220435 0.021202084881306968 0.026798961663196782
0 0.3316218069520441 0.6585374050973083 0.030817469496691584 0.02696679882596807
0 0.2805778663952543 0.5549141814455892 0.01883321111717046 0.027958925449427106
0 0.36270619373962226 0.5811108166859174 0.012368954666328317 0.01222902722269481
0 0.45224866770245814 0.3524997596185531 0.015052579937852455 0.021886371128772453
0 0.44869073268819015 0.3922051804477075 0.016324447794195097 0.024311196927964848
0 0.3915579832312386 0.3739814341935662 0.022404007958230047 0.026819941308543156
0 0.3694908373433146 0.3479377397628405 0.02106219532246784 0.021991269355504474
0 0.33345525559854067 0.3065208010762716 0.022404007958230047 0.026819941308543156
0 0.4101684981833591 0.3123896422356395 0.02233406317881048 0.024416095154697004
0 0.2975523372312768 0.012825894107935141 0.021132140101887405 0.0243951155093506
0 0.0381725106077335 0.0918347689812988 0.018798238727460757 0.026757002372503925
0 0.36210645948802533 0.023712224028459482 0.02714175548650279 0.024500013736082675
0 0.16432457691335747 0.38035043331788493 0.014947662768723245 0.01828060189800322
0 0.07118196936521472 0.4023985583172512 0.03050271798930375 0.016149491133660376
0 0.20994981961993323 0.339910724901606 0.012613761394296588 0.020642488761156486
0 0.2918683126260426 0.37331889860347256 0.018553431999492477 0.01834354083404249
0 0.16480494163316714 0.44641424325796125 0.012788623342845362 0.026652104145771734
0 0.25130843078191895 0.44610563186994245 0.021411919219565388 0.03401050012473524
0 0.5002041986927961 0.19068680007838987 0.02106219532246784 0.021991269355504474
0 0.2181719442923901 0.18119393981172058 0.027316617435051562 0.03050962912069803
0 0.20779641583951777 0.12491335164980012 0.02095727815333863 0.018385500124735242
0 0.17203136447629494 0.15677176136484616 0.03074752471727202 0.024562952672121916
0 0.0014650112676795198 0.4469685270979597 0.0029300225353590397 0.021886371128772317
0 0.004381484713046701 0.38921328046961273 0.008762969426093403 0.018301581543349463
0 0.09014582130509734 0.4525226735771314 0.022229146009681202 0.02081032592392791