0 0.16490826826642982 0.007455477543147978 0.030397800820174473 0.012194045366915724
0 0.2378151560183474 0.07555253047722686 0.02456304738410786 0.018168697831994117
0 0.16777239113196524 0.22983222452563942 0.022404007958230047 0.026568174202640904
0 0.05363391995010958 0.3146451205492724 0.018903155896590026 0.030152965681687887
0 0.1467065827188328 0.33213553774224897 0.027211700265922286 0.026596144538270475
0 0.3342672787621254 0.25050186333103386 0.015052579937852455 0.02171852639150417
0 0.24302604208510084 0.2546390689387653 0.024632992163527358 0.020572543985840304
0 0.37200725886655045 0.18416533883132047 0.024842826501785983 0.027784082447378768
0 0.2706738859449961 0.13065918483409605 0.02714175548650279 0.024192298384424323
0 0.2655385803031246 0.16074222467670995 0.02222914600968127 0.02055855881802545
0 0.631482753923096 0.17784724839963012 0.02106219532246784 0.021753489311041135
0 0.4803479715568471 0.4371837310138682 0.016429364963324443 0.027735134360026947
0 0.5361224334605807 0.5775080499058501 0.01872829394804125 0.024143350297072503
0 0.4844526029796799 0.5369363538145762 0.022229146009681136 0.02055855881802552
0 0.3477959579343381 0.5088803619499583 0.018798238727460816 0.026547196450918655
0 0.3964931352899098 0.44728859650277075 0.027316617435051562 0.030201913769039707
0 0.5829660741615356 0.45221436138173937 0.01649930974274387 0.0301389805138731
0 0.6333069538334656 0.44711298054993637 0.024563047384107726 0.01816869783199415
0 0.6531615904335482 0.2618699824417271 0.01607964106622662 0.01571590359079618
0 0.6604651842374244 0.306306173368344 0.021132140101887405 0.02415733546488729
0 0.6163879754142048 0.4027327302945787 0.018623376778911904 0.02053758106630327
0 0.5259289931375862 0.3924398663953259 0.02233406317881048 0.024164328048794752
0 0.644464736686744 0.37612260058849345 0.018483487220072776 0.015729888758610963
0 0.30818033061237765 0.46944066309653354 0.014842745599594002 0.01450698792996564
0 0.21364807621197165 0.4844161541482949 0.018553431999492477 0.01813373491245712
0 0.16936103305049352 0.5736311726129912 0.02215920123026171 0.018154712664179364
0 0.4374819345466775 0.6165499728317025 0.0248078541120762 0.026582159370455757
0 0.3481199581778528 0.6026443471177731 0.021202084881306968 0.026561181618733578
0 0.37030126997103285 0.6626216270375013 0.030817469496691584 0.026617122289992724
0 0.3131721336047457 0.5583689856210264 0.01883321111717046 0.027749119527841735
0 0.3969091908757623 0.5855307281006468 0.012368954666328317 0.0120891566083047
0 0.4732321015283111 0.35788477827257476 0.015052579937852455 0.021718526391504102
0 0.4719823442348868 0.3975622249788511 0.016324447794195097 0.024129365129257715
0 0.413730478307223 0.378667099775637 0.022404007958230047 0.026568174202640904
0 0.39012454727206997 0.35235765117756984 0.02106219532246784 0.021753489311041135
0 0.3516408982476132 0.3105071135863915 0.022404007958230047 0.026568174202640904
0 0.4287738095089486 0.31727112667785645 0.02233406317881048 0.024164328048794717
0 0.2986015089225694 0.016294685344811388 0.021132140101887405 0.02415733546488731
0 0.04355825862303572 0.09231032907022539 0.01879823872746075 0.026547196450918655
0 0.3638550789735131 0.02793631658304265 0.02714175548650279 0.024192298384424295
0 0.186636961548181 0.3823925442879813 0.014947662768723245 0.01811275716073487
0 0.09468341525016989 0.4033636655565434 0.03050271798930375 0.015799814597685032
0 0.22995402653391292 0.3424703571449461 0.012613761394296588 0.02050261814676624
0 0.3139009181431881 0.3768436380861049 0.018553431999492477 0.01813373491245712
0 0.19096428913606364 0.44848432835093577 0.012788623342845362 0.02651223353138176
0 0.2775377230642349 0.44918278538652623 0.021411919219565388 0.033772720080271906
0 0.5118150320764348 0.1965753529442161 0.02106219532246784 0.021753489311041135
0 0.22894344032299452 0.18379553323937778 0.027316617435051562 0.030201913769039707
0 0.2152805072374053 0.12737507446306712 0.02095727815333863 0.018147720080271903
0 0.18133402013908967 0.1588278593963817 0.03074752471727202 0.024213276136146503
0 0.021423190510490294 0.4470664365280328 0.015052579937852507 0.021718526391504102
0 0.023350285035191296 0.3893531510840029 0.01614958584564632 0.01811974974464233
0 0.013236038227743193 0.28963549120283194 0.00695386990677876 0.03248688599646011
0 0.1165849479256719 0.4537255608608869 0.022229146009681202 0.02055855881802552