0 0.362905788632941 0.6412861037137481 0.03164159795328654 0.03492718607773399
0 0.12942586966902442 0.5548129773615125 0.033989501542377454 0.030217442994956108
0 0.3946181568574855 0.4994816228713326 0.024402088209370457 0.03222949224914455
0 0.34204122557902383 0.47088443223090704 0.020684433849090748 0.02246718379638816
0 0.35207533736475854 0.5386328960507144 0.025506111797971933 0.023865005323140228
0 0.33355699376930426 0.5799655845561636 0.01944055384860131 0.01881243995316185
0 0.4100045588919618 0.6239653443688107 0.021928313849580185 0.02612192763961474
0 0.47038042556189175 0.6023756134532103 0.017050693335943896 0.019916413805170362
0 0.47240918559958234 0.3246824080715224 0.021928313849580324 0.02612192763961474
0 0.8539617147946189 0.6035754379039879 0.029097895387552287 0.022810006083588793
0 0.9057003496670665 0.6008736539319562 0.019454539489790187 0.020014363030084928
0 0.9366146942785352 0.6309931477019979 0.02790995795181809 0.02396295454805452
0 0.9082571958086754 0.6911648085385588 0.02192831384958046 0.02612192763961474
0 0.8625981045267873 0.688101850188261 0.020684433849090748 0.022467183796388433
0 0.6896898512094438 0.563212069843502 0.019524467695734307 0.026023978414700173
0 0.7165657137786046 0.5270298959329456 0.020684433849090748 0.02246718379638816
0 0.8235368676247584 0.5313886364416386 0.024374116926992977 0.0298256460952984
0 0.23154484808797743 0.8728246663346713 0.017120621541887947 0.025926029189785885
0 0.13393817938112376 0.7870779788824097 0.020656462566713163 0.020063337642542003
0 0.08585148098958208 0.2692491213218346 0.025506111797971867 0.02386500532314016
0 0.4988078522376955 0.5361943372320341 0.0159606553885313 0.029482823808097764
0 0.5609031107085343 0.4701824270827372 0.016980765129999915 0.013906798420554978
0 0.47083133434118957 0.1502566380803045 0.03271765025951039 0.02415885299788351
0 0.6957702368653174 0.45403296829333095 0.03278757846545424 0.030168468382498894