0 0.3738354439080622 0.6520882909598573 0.03144579234940714 0.03583905902708077
0 0.13901291853798867 0.55877611748752 0.03382166816762373 0.03119946001732971
0 0.40305140334615874 0.5111606110302752 0.024220268720053895 0.03293093297941127
0 0.35001295111558056 0.48102025078326266 0.02055855881802552 0.02306340841711492
0 0.36122184350670256 0.54908436293169 0.02537324370962515 0.024601518089920223
0 0.34343773778961534 0.5898909708894393 0.019335657989380195 0.0193735925373752
0 0.42059856256554384 0.63613534103894 0.021781459646670845 0.026753224296854776
0 0.4805548647335497 0.6162992119490067 0.016938804419441365 0.020407422316357164
0 0.47773765477401764 0.33857093453080545 0.021781459646670845 0.026753224296854776
0 0.8638844152651224 0.6286870160475402 0.028972020356486786 0.02365173495990902
0 0.9155391372371852 0.6274933296455821 0.01934265057328752 0.02057551561429814
0 0.9469569592509627 0.6585246963649708 0.027777089863471306 0.024769611387861473
0 0.9196693502610092 0.7178897003617247 0.021781459646670845 0.026753224296854776
0 0.8739892807540249 0.7134940046239202 0.02055855881802552 0.02306340841711519
0 0.6990251613772538 0.5835187789847266 0.01937761349282469 0.026585130998913662
0 0.7252506989684322 0.5481081898774636 0.02055855881802552 0.02306340841711492
0 0.8322218528145858 0.555588341635844 0.024206283552238972 0.030527086825565118
0 0.24660721370705044 0.8798741456738528 0.016973767338978398 0.026417037700972548
0 0.14757402569365502 0.7912515512274972 0.020544573650210667 0.020659562263268764
0 0.0904876687358427 0.2718444520238218 0.025373243709625185 0.02460151808992036
0 0.5078075108039661 0.5509245925676375 0.01579282201377757 0.029938760282771152
0 0.5687070104443214 0.4867013562805209 0.016903841499904468 0.014397806931741778
0 0.4731179608766757 0.1640399484300476 0.03258478217116361 0.0251057979837437
0 0.7031965285493728 0.47447996558060884 0.03261974509070051 0.031115413368359084