0 0.3519716926535255 0.6175856014741451 0.032229226911873084 0.03438119797745731
0 0.11983492559494979 0.5461176632281516 0.03449318350688028 0.029629455810042744
0 0.38618148395206325 0.4738573785668266 0.024947743670915054 0.0318095014027778
0 0.3340662611410624 0.44864597396063005 0.02106219532246784 0.022110191576976544
0 0.34292511500962386 0.5157018906370723 0.02590486001986993 0.023424014934455235
0 0.3236722352159363 0.5581888243814633 0.019755355076415553 0.018476447276068342
0 0.39940625088888154 0.597263804507959 0.022369035568520265 0.02574393587788461
0 0.4602018525292305 0.571826589462553 0.01738648131227918 0.019622420212713747
0 0.4670785514752608 0.2942103337634612 0.022369035568520265 0.02574393587788461
0 0.8440349827442091 0.5484794651651702 0.02947565686092938 0.022306017067948804
0 0.8958575646107404 0.5424688448415057 0.019790327466125197 0.019678370352991418
0 0.9262682272577063 0.5705876468640484 0.028308706173716083 0.02347996507473291
0 0.896840404613278 0.6325291504003197 0.022369035568520265 0.025743935877884476
0 0.8512023000799108 0.6323902799886745 0.02106219532246784 0.022110191576976544
0 0.6803507481176208 0.518658203620352 0.01996518941467411 0.025687985737606802
0 0.7078771998909308 0.480783136692681 0.02106219532246784 0.022110191576976544
0 0.8148483537370848 0.4782933554503198 0.024877798891495766 0.02940565524893165
0 0.2164763626499346 0.8573577801328524 0.017561343260827957 0.02563203559732913
0 0.12029679284250559 0.7779209666534721 0.020992250543048378 0.019706345423130392
0 0.0812134095664519 0.26355484480972213 0.025904860019869965 0.02342401493445517
0 0.4898045371222075 0.5038754705416663 0.016464337353034226 0.02920982975795939
0 0.5530960402587405 0.43393912657996747 0.017211619363730408 0.013612804828098363
0 0.468543778752406 0.12001541282003167 0.03311639848140839 0.02359186535528849
0 0.6883409278889008 0.40917130333979645 0.0332912604299573 0.02960148073990391