1 0.5510385732330623 0.3592027832884546 0.02422726130396122 0.03427344877173893
1 0.5431409601934494 0.6832666326339816 0.016910834083811794 0.01569814490944802
1 0.504840251161781 0.6527079607530454 0.013319050020857485 0.017828762209071796
1 0.47268201660896875 0.599768131834275 0.012103141776119486 0.01533383977048485
1 0.5196557141388217 0.3796713383467326 0.014562928601224785 0.025131376955351052
1 0.4556391247860657 0.42893083371700935 0.012103141776119486 0.01533383977048485
1 0.48619066775047526 0.3446692792970675 0.022990375307501247 0.028172757102382755
1 0.4182955983945615 0.4405305458131218 0.012117126943934409 0.017737685924331004
1 0.4421802230870603 0.46879437920024525 0.016896848915997145 0.013294298755601867
1 0.3950395048985792 0.5109154810184315 0.012131112111749057 0.020141532078177156
1 0.4191548848600221 0.4995158528670934 0.012103141776119486 0.01533383977048485
1 0.6291146251457105 0.37353620333506743 0.009727265957902905 0.01995937950869557
1 0.5761740690898359 0.37914423142185727 0.013361005524301844 0.025040300670610256
1 0.5662440181986184 0.43250215960546956 0.013333035188672135 0.020232608362917952
1 0.5696539950799805 0.4664292346135381 0.013347020356487058 0.022636454516764104
1 0.6031889673074008 0.4894120628939724 0.008497372545350256 0.015060610916262472
1 0.5044494678181162 0.5131938075452278 0.018154712664179364 0.02300075965572714
1 0.53915839278683 0.5410754044180952 0.014534958265595211 0.020323684647658744
1 0.4141094446994782 0.5400169323435148 0.013319050020857485 0.017828762209071796
1 0.49293290173506865 0.6325664286748685 0.012117126943934409 0.017737685924331004
1 0.49015145605022303 0.697288122259233 0.013333035188672135 0.020232608362917952
1 0.39804391191331223 0.6145540944880385 0.012117126943934409 0.017737685924331004
1 0.43946870324128867 0.521496842015379 0.013305064853042562 0.015424916055225642
1 0.4573926606365238 0.5408918324403371 0.009685310454458546 0.012747841047157111
1 0.4680980869863131 0.5609422882337735 0.014520973097780563 0.01791983849381259
1 0.46609201676003925 0.6990723657951865 0.0120891566083047 0.012929993616638696
1 0.43813392107012494 0.5442423041921768 0.013291079685227913 0.013021069901379488