1 0.5565768246584596 0.3012203930412051 0.0244160738505592 0.03315137087111818
1 0.5543433323948211 0.6259144857589848 0.016994750771188796 0.014912690379013327
1 0.5155601241859402 0.5993893714604661 0.013416952822797047 0.017211619363730408
1 0.4825208041790873 0.5498528567518602 0.012187058463496488 0.014772800820174471
1 0.5255925518410469 0.3249662136351972 0.01470278974685312 0.02445813021497865
1 0.4625199826176199 0.3809062887513527 0.012187058463496488 0.014772800820174471
1 0.491561093375103 0.2934935174701473 0.023144222567692142 0.027106783096793007
1 0.42542819492727024 0.39641350975543205 0.01221502974587397 0.017176646974020625
1 0.4497743405718854 0.42215636965354464 0.016966779488811038 0.01250884422516731
1 0.40343079493705997 0.46919336977530196 0.01224300102825159 0.01958049312786678
1 0.42731541442244464 0.455272768134953 0.012187058463496488 0.014772800820174471
1 0.6347997241467811 0.3073606492485326 0.009839154874405573 0.019510548348447215
1 0.5820269938916762 0.3185148190111464 0.013500866669929907 0.024423157825268868
1 0.5730409631297877 0.3728811365903629 0.013444924105174803 0.01961546551757656
1 0.5770383303138436 0.4064300655750799 0.013472895387552287 0.022019311671422716
1 0.6109299323678994 0.425883530970899 0.008581289232727256 0.014667883651045125
1 0.5127358667311159 0.4600012669270989 0.018280587695244595 0.02215920123026171
1 0.54788533442685 0.4842274522409007 0.014646847182097881 0.019650437907286343
1 0.4229832339151716 0.4962780423091767 0.013416952822797047 0.017211619363730408
1 0.5033171231576886 0.5805083261267944 0.01221502974587397 0.017176646974020625
1 0.5016685016280379 0.6454821170600601 0.013444924105174803 0.01961546551757656
1 0.4082393293100663 0.5724538372215573 0.01221502974587397 0.017176646974020625
1 0.4479858626303467 0.4751109298175795 0.013388981540419564 0.014807773209884254
1 0.46622449340202476 0.4926151901257793 0.009755241027272578 0.012299009886908753
1 0.4772655713533534 0.5115312078491608 0.014618875899720125 0.01724659175344019
1 0.4776719970131427 0.6497873340850244 0.012159087181118732 0.012368954666328317
1 0.44704966673601076 0.49798244066882774 0.013361010258041808 0.0124039270560381