1 0.5750729307128446 0.2915566774856197 0.026307721060666776 0.03357153241701321
1 0.591755910550282 0.616355810589873 0.01783548286456976 0.015206803461140065
1 0.5513612991624204 0.5905029547647864 0.014397806931741778 0.017442708213972553
1 0.5153794168287337 0.5415336581431388 0.013027790556877587 0.014982881593122025
1 0.5454198170432853 0.31584870808927523 0.016104009902488333 0.024710227142515626
1 0.4854999931700378 0.37290221130205253 0.013027790556877451 0.014982881593122025
1 0.509496711367234 0.28496423808847837 0.024685564738890848 0.027505936565393248
1 0.44924893757306916 0.3890606827022692 0.0131958838548187 0.01738672774696818
1 0.4751364253888832 0.4143833810544867 0.01766738956662878 0.012802957307293913
1 0.4314551980497646 0.4622396961907394 0.013363977152759814 0.01979057390081433
1 0.45456914644954993 0.4478989330044954 0.013027790556877587 0.014982881593122025
1 0.6537862572556387 0.2963314086687884 0.010960130998913523 0.01967861296680531
1 0.6015740150627877 0.30840993383237125 0.014902086825565118 0.024654246675511048
1 0.5957407296510786 0.3629443160299458 0.014565900229682892 0.019846554367818705
1 0.6016998050530236 0.3964302207827784 0.014733993527624004 0.02225040052166486
1 0.6367824442393692 0.4152954600143445 0.009422021326108494 0.014814940192108494
1 0.5404099648049118 0.451135858308714 0.019541685835316312 0.022474322389682902
1 0.5770307136640629 0.474752809380968 0.01576782330660597 0.019902534834823352
1 0.45261904020685684 0.48898823948789805 0.014397806931741778 0.017442708213972688
1 0.5379973220096607 0.5718319902040623 0.0131958838548187 0.01738672774696818
1 0.540131994900225 0.6368477972919173 0.014565900229682892 0.01984655436781898
1 0.4422889790920025 0.5654371394051105 0.0131958838548187 0.01738672774696818
1 0.4764306317897419 0.4673799573731111 0.014229713633800664 0.015038862060126399
1 0.49572017767814647 0.48456909652188973 0.01045585110509032 0.01246707450526685
1 0.5078822317539833 0.5032960415496184 0.015599730008664854 0.0174986886809772
1 0.5163456733086752 0.6415731758627767 0.012859697258936474 0.012579035439275871
1 0.4768255950432595 0.4902724763016541 0.01406162033585955 0.012635015906280245