0 0.4713779152059303 0.5637019230769231 0.015897735389503308 0.015625
0 0.3753709265695091 0.5721153846153846 0.02186539148342594 0.013221153846153846
0 0.4005483722488545 0.5685096153846154 0.01231294580408059 0.016826923076923076
0 0.33330088910838723 0.36538461538461536 0.01697378059434799 0.008413461538461538
0 0.2509617101625719 0.33052884615384615 0.0183015815433496 0.015625
0 0.2552807873351193 0.3713942307692308 0.017078678821080075 0.014423076923076924
0 0.4327485395816205 0.5540865384615384 0.018238642607310333 0.01201923076923077
0 0.19688398476202507 0.46875 0.014716791957926745 0.016826923076923076
0 0.33873188748429456 0.4699519230769231 0.013430950299618024 0.01201923076923077
0 0.2611882342618168 0.5721153846153846 0.013409970654271647 0.010817307692307692
0 0.3543508041921171 0.5384615384615384 0.01701573988504088 0.010817307692307692
0 0.16849938311349236 0.4951923076923077 0.012250006868041324 0.013221153846153846
0 0.12513133740970692 0.4206730769230769 0.018280601898003155 0.014423076923076924
0 0.15547921265981107 0.36899038461538464 0.021928330419465205 0.016826923076923076
0 0.15956751373354786 0.39663461538461536 0.02913986888100367 0.016826923076923076
0 0.34516717906801564 0.4254807692307692 0.018322561188695977 0.016826923076923076
0 0.2140858116863694 0.28365384615384615 0.026819941308543156 0.021634615384615384
0 0.1023306749466839 0.49158653846153844 0.019545463910965462 0.018028846153846152
0 0.0834234134571025 0.6478365384615384 0.021970289710158027 0.019230769230769232
0 0.06844878246284138 0.6850961538461539 0.02924476710773574 0.02283653846153846
0 0.14146629182812184 0.7367788461538461 0.027937945804080593 0.016826923076923076
0 0.16638316870231865 0.5805288461538461 0.019650362137697587 0.02403846153846154
0 0.3402634015945829 0.5576923076923077 0.014632873376541101 0.01201923076923077
0 0.23266285838803658 0.5216346153846154 0.017099658466426453 0.015625
0 0.3073918856107315 0.5336538461538461 0.019461545329579784 0.013221153846153846
0 0.038245034961347936 0.5384615384615384 0.02076836663323495 0.019230769230769232
0 0.1545770879099152 0.3173076923076923 0.030383751248619566 0.019230769230769232
0 0.3527685177301444 0.31009615384615385 0.020768366633234885 0.019230769230769232
0 0.6951603003202559 0.6454326923076923 0.027937945804080593 0.016826923076923076