0 0.504253239081891 0.5825081742604972 0.016808991701630305 0.016261669961943916
0 0.40873692692123037 0.5870036668023808 0.022636454516764104 0.01410269687038397
0 0.43370408268239263 0.5844263644332133 0.013294298755601867 0.01731666920149535
0 0.3546102674842764 0.37870570997298036 0.017464457070108626 0.00909910611286267
0 0.2702382859960243 0.34051966709511994 0.01921283785547639 0.016359619186858347
0 0.2769406489079803 0.38153197554787616 0.01791983849381252 0.015108721497478054
0 0.46506309034242616 0.5713256020464814 0.01893960900125408 0.012753849956089115
0 0.22422167412583027 0.4764390141557842 0.01569814490944795 0.017414618426409782
0 0.36613967348749415 0.48341994150265977 0.014131916693561774 0.012557951506260259
0 0.294554234613538 0.5823510786189445 0.01404084040882098 0.011356028429337183
0 0.385754098640796 0.5525172522367618 0.01764660963959021 0.011502952266708824
0 0.19737919854397376 0.5017059311491185 0.013021069901379488 0.013710899970726121
0 0.14966516119773723 0.4254725889438849 0.0191217615707356 0.01515769610993527
0 0.17699888095388336 0.3750632365600804 0.022909683370986415 0.0177084661011532
0 0.1826994047336907 0.40285439116668287 0.030121221832524876 0.018002313775896485
0 0.36998138941362346 0.4392426353312492 0.019303914140217253 0.017561542263781423
0 0.2306286185834413 0.2921754287214032 0.028081680817641824 0.022712056858674366
0 0.13100020045898214 0.49540655823320195 0.020596913501881052 0.018812439953161713
0 0.12120550209066917 0.6507750152089719 0.023091835940468 0.020112312254999355
0 0.10840386691763358 0.6873979606316433 0.030576603256228803 0.024011929160511595
0 0.18443553177687205 0.7420191296867691 0.0289192987556018 0.017953339163439132
0 0.20023984552980048 0.5868955457732853 0.021052294925584948 0.024822055337777236
0 0.37278824227357166 0.5711603261180443 0.01533383977048485 0.012606926118717336
0 0.2630847998851941 0.530743893301659 0.018010914778553315 0.01631064457440113
0 0.33851479350183283 0.5457995500432378 0.020232608362917952 0.014004747645469542
0 0.06964832941002672 0.5396369291605119 0.021889912863544907 0.020063337642542003
0 0.17308260071002948 0.32338054425238816 0.031505297478929536 0.02045513454219985
0 0.37085345069389253 0.32424981684629167 0.02188991286354499 0.020063337642542003
0 0.7328021956750337 0.673299246795853 0.028919298755601865 0.017953339163439132