0 0.45497919582091256 0.523322539911112 0.01580681333545446 0.016992010367592576
0 0.35872745017874486 0.5401483729424508 0.021788457437692223 0.015113937432051198
0 0.3840097917176959 0.5343343561948013 0.01221502974587397 0.017878469513532627
0 0.32267144200168063 0.33678255230883253 0.016924822565244677 0.009885626549715126
0 0.2413462563653867 0.309077298847009 0.018210659489300614 0.01720231965491446
0 0.2444765137957366 0.3496272195314107 0.016994750771188727 0.01589524193433051
0 0.4166295424888845 0.5170721038928783 0.018168702565734114 0.01359655042414523
0 0.18324752301328961 0.4522407209452283 0.014618875899720125 0.018088778800854646
0 0.32506046044902387 0.4410343960701573 0.013361010258041808 0.013175931849501464
0 0.2445447578710525 0.5501380640902427 0.013347024616853066 0.011974008772578388
0 0.338686355824339 0.5082821557308411 0.016952793847622435 0.01228947270356128
0 0.1540936850609821 0.48120674008539915 0.01217307282230761 0.014272700282763532
0 0.11289348712238025 0.4103679218443022 0.018196673848111803 0.016000396577991384
0 0.1447448696934988 0.3559512088014248 0.02183041436125862 0.01871970666282043
0 0.14802896917692554 0.38327997563967264 0.029041952822797083 0.019350634524786213
0 0.3327894676345481 0.3959323143620377 0.018224645130489357 0.018404242731837536
0 0.2058340040640577 0.26535693815683803 0.026694049233706132 0.023948017545156637
0 0.0880298727537793 0.4833844762559831 0.019440553848601275 0.019711320452421625
0 0.06457712401461943 0.6415272598418805 0.02185838564363624 0.021123552816666582
0 0.04851856913776652 0.6801538855940884 0.029111881028741113 0.025360249909401597
0 0.12003257118203257 0.7255272992821228 0.02784002974587404 0.019245479881125342
0 0.14949493530580782 0.5668587424779206 0.019510482054545326 0.02572093583703701
0 0.32403950864224124 0.528774780685542 0.014562933334964886 0.013281086493162338
0 0.2174879240317515 0.5020758516636756 0.01700873641237754 0.017097165011253586
0 0.29186729838909425 0.5075754945259265 0.01938461128384607 0.014903628144729316
0 0.022580586593569797 0.5359378270136753 0.020656462566713163 0.02101839817300571
0 0.14534625226461736 0.30426851649373254 0.03027184718209778 0.02185963532229338
0 0.3437474738040579 0.2797064618281346 0.020656462566713267 0.02101839817300571
0 0.6763839414508432 0.5855997000646025 0.02784002974587397 0.019245479881125342