0 0.3464499618277021 0.610799083051661 0.024766207609520034 0.015764851678148
0 0.43056155786983663 0.5334075030067884 0.020070476235836746 0.01814072749636444
0 0.5750458961657999 0.5013253855218079 0.026639896290497234 0.030194921185132246
0 0.6669912655122653 0.7459163309980794 0.021048477444742055 0.01334002777257946
0 0.5920275049343461 0.7042965486758452 0.016632648406081182 0.0217255189754117
0 0.5290829751256576 0.6626068405145371 0.020182437169845767 0.020544573650210597
0 0.4852869008109054 0.5967737820561563 0.01772261054899524 0.01932866540547287
0 0.4955477177605157 0.557061372430343 0.020238417636850414 0.02174649672713381
0 0.42585919864145816 0.6343690414683268 0.022306380988669508 0.014548943433410134
0 0.37186491569879543 0.5037090552790814 0.018700611757900276 0.014527965681687887
0 0.4897224352646995 0.7337300795702206 0.02241834192267853 0.016952789587256014
0 0.4256616100432685 0.6644101258074964 0.019902534834823352 0.014534958265595211
0 0.46592777915834155 0.41904999610141114 0.012635015906280382 0.013291079685227913
0 0.3549556788850393 0.4797754824992308 0.019958515301827726 0.01573688134251829