0 0.42144890521780165 0.6020693836413258 0.025222453240091845 0.016324447794195097
0 0.4961488691482375 0.5228031566076953 0.02059691350188112 0.01858840438920212
0 0.6368097318988231 0.48739144223223446 0.027517291733904433 0.0307824971069818
0 0.7587546786013284 0.7295761244095034 0.021434531439841028 0.013815684471219596
0 0.6786439317123238 0.6897470496586198 0.017264373125334267 0.022089256450842008
0 0.6105524155925501 0.649568251010639 0.02077906607136257 0.020992250543048277
0 0.5586682199318069 0.5848264049785501 0.018284143632775758 0.01972038268670591
0 0.5640761640738224 0.5449181367121203 0.020870142356103363 0.022194173619971353
0 0.5037992770664637 0.6237646950692337 0.022727530801504896 0.015052579937852455
0 0.433775808183564 0.49450369917010606 0.019121761570735665 0.014947662768723245
0 0.5798682240845644 0.7215308842403931 0.02290968337098648 0.01745642609169861
0 0.5072781072619065 0.6537777996026009 0.020323684647658744 0.014982635158432891
0 0.5175446990209396 0.40774615455725904 0.013021069901379488 0.013570877743251395
0 0.413925436334902 0.47098982347729085 0.020414760932399537 0.016184558235356104