0 0.33571840744526626 0.610799083051661 0.025039757034954792 0.015764851678148
0 0.42117670835107907 0.5334075030067884 0.02038611018826135 0.01814072749636444
0 0.5662081454979115 0.5013253855218079 0.02716595287787162 0.030194921185132246
0 0.6538608930914028 0.7459163309980794 0.021279942343186555 0.01334002777257946
0 0.5796336117358076 0.7042965486758452 0.017011409148990627 0.0217255189754117
0 0.5174255611494432 0.6626068405145371 0.020540155649260355 0.020544573650210597
0 0.4747868113269144 0.5967737820561563 0.0180592867649147 0.01932866540547287
0 0.4857420229718587 0.557061372430343 0.020617178379759855 0.02174649672713381
0 0.41470679898912294 0.6343690414683268 0.022558888150609135 0.014548943433410134
0 0.3630061227674121 0.5037090552790814 0.018953118919839904 0.014527965681687887
0 0.4768235277422817 0.7337300795702206 0.02271293361160814 0.016952789587256014
0 0.4139831538035591 0.6644101258074964 0.020155041996762983 0.014534958265595211
0 0.45854194467160636 0.41904999610141114 0.012866480804725019 0.013291079685227913
0 0.34651773122355556 0.4797754824992308 0.020232064727262484 0.01573688134251829