0 0.7374843683556762 0.750849889816105 0.025477750719021176 0.03498862832501004
0 0.6336636023165878 0.7454416366475258 0.016153526333151983 0.022920449468427178
0 0.5538992291912535 0.7242615392168913 0.016335678902633568 0.025324295622273334
0 0.4357988372314307 0.5938812563839417 0.02445798021157982 0.0373854818949486
0 0.46428210534689796 0.6682676280589319 0.025659903288502896 0.03739247447885592
0 0.3843341602438057 0.5653217984779911 0.022345294287248955 0.025359258541810502
0 0.44182496458306225 0.49885241488403725 0.02890136738030896 0.03260575992288586
0 0.16477388860677175 0.06397383249416219 0.022709599426211986 0.030166950849502692
0 0.24036952282587573 0.17295724779534788 0.034437669965927606 0.04224911487390005
0 0.3836357350833586 0.20699488470895153 0.0225274468567304 0.02776310469565652
0 0.5556749562775474 0.22403078394794712 0.022709599426211986 0.030166950849502674
0 0.4575023393006642 0.3725036475450588 0.0314873661036367 0.0350235912445468
0 0.6321620025604898 0.28130353660581087 0.02584205585798462 0.039796320632702074
0 0.5901635815528002 0.06029653471402013 0.028537062241345786 0.027798067615193538
0 0.6689992604554338 0.08508939395933125 0.023729369933653616 0.02777009727956392
0 0.7103200264945223 0.0908612614910951 0.025113445580058277 0.030180936017317493
0 0.7302463820691852 0.29035252192469624 0.0239115225031352 0.030173943433410136
0 0.7308301219364923 0.34566196121488 0.01957714299443963 0.02053758106630327
0 0.6899302939787986 0.45652558023200646 0.018375219917516554 0.02053058848239595
0 0.6404140817213158 0.42194252177362573 0.018739525056479724 0.025338280790088256
0 0.53601383403975 0.5993104873042431 0.016335678902633568 0.025324295622273334
0 0.6669130223560552 0.5336164791688609 0.02354721736417203 0.025366251125717828
0 0.4250947954239864 0.8175997781215043 0.011527986594941125 0.02529632528664376
0 0.5611079288362387 0.5654958117205268 0.016153526333151983 0.022920449468427178
0 0.8445961343876196 0.46644783718416716 0.016517831472115156 0.027728141776119486