0 0.7110445181615984 0.7350133197319711 0.024256802222798076 0.03552024463525454
0 0.6074342604839276 0.7320113298623946 0.015353594559764124 0.0232562071380553
0 0.5284277174596976 0.7126499198089135 0.015451543784678553 0.025660053291901457
0 0.41491640777878314 0.5847878194981758 0.023152828370789427 0.037889118399390916
0 0.44078937221266956 0.6586425748629213 0.024354751447712368 0.0379240907891007
0 0.3644621709259637 0.5573755336301219 0.021461159169293937 0.025834915240450364
0 0.42426856724081635 0.48945120013444554 0.027764622228652742 0.033221315650537736
0 0.16250039830345933 0.06025251832244878 0.02165705761912293 0.030642607548142742
0 0.23426478034475906 0.1676690644987025 0.0329641114360029 0.042976589824761345
0 0.37631004410601854 0.19843306413343045 0.0215591083942085 0.02823876139429659
0 0.5477177402159538 0.21149583094849142 0.02165705761912279 0.030642607548142742
0 0.4443666175481924 0.3625148568736176 0.030266417607413325 0.035695106583803454
0 0.6221839062292852 0.2670897952582138 0.02445270067262693 0.040327936942946854
0 0.5879321929217713 0.046670369288272534 0.027568723778823887 0.02841362334284538
0 0.6658837367064501 0.06967252096223285 0.02276103147113144 0.02827373378400637
0 0.7069939943841207 0.07449307509671657 0.024060903772968947 0.030712552327562256
0 0.7199314723597123 0.27387241630710835 0.022858980696046142 0.030677579937852455
0 0.7185785353019754 0.32926579501469916 0.018861414565618927 0.02095727815333863
0 0.6738053534941938 0.44127658606972214 0.01765949148869585 0.02092230576362885
0 0.6255100897329342 0.4077847400376334 0.01785538993852498 0.025729998071321293
0 0.5149208962256847 0.5878947265368816 0.015451543784678553 0.025660053291901727
0 0.6480935748453022 0.5190390003458332 0.022663082246217287 0.025869887630160147
0 0.9939903846153846 0.28365384615384615 0.007211538461538462 0.028846153846153848
0 0.3963814549265961 0.8091498767691926 0.010643851476986245 0.0255201637330626
0 0.5411938378461133 0.5534365154197112 0.015353594559764124 0.023256207138055575
0 0.8280922788524627 0.4476174278791812 0.01554949300959298 0.028063899445747883