0 0.6802884615384616 0.7350133197319711 0.02283653846153846 0.03552024463525454
0 0.5769230769230769 0.7320113298623946 0.014423076923076924 0.0232562071380553
0 0.4987980769230769 0.7126499198089135 0.014423076923076924 0.025660053291901457
0 0.390625 0.5847878194981758 0.021634615384615384 0.037889118399390916
0 0.41346153846153844 0.6586425748629213 0.02283653846153846 0.0379240907891007
0 0.34134615384615385 0.5573755336301219 0.020432692307692308 0.025834915240450364
0 0.40384615384615385 0.48945120013444554 0.026442307692307692 0.033221315650537736
0 0.15985576923076922 0.06025251832244878 0.020432692307692308 0.030642607548142742
0 0.22716346153846154 0.1676690644987025 0.03125 0.042976589824761345
0 0.36778846153846156 0.19843306413343045 0.020432692307692308 0.02823876139429659
0 0.5384615384615384 0.21149583094849142 0.020432692307692308 0.030642607548142742
0 0.42908653846153844 0.3625148568736176 0.028846153846153848 0.035695106583803454
0 0.6105769230769231 0.2670897952582138 0.02283653846153846 0.040327936942946854
0 0.5853365384615384 0.046670369288272534 0.026442307692307692 0.02841362334284538
0 0.6622596153846154 0.06967252096223285 0.021634615384615384 0.02827373378400637
0 0.703125 0.07449307509671657 0.02283653846153846 0.030712552327562256
0 0.7079326923076923 0.27387241630710835 0.021634615384615384 0.030677579937852455
0 0.7043269230769231 0.32926579501469916 0.018028846153846152 0.02095727815333863
0 0.6550480769230769 0.44127658606972214 0.016826923076923076 0.02092230576362885
0 0.6081730769230769 0.4077847400376334 0.016826923076923076 0.025729998071321293
0 0.49038461538461536 0.5878947265368816 0.014423076923076924 0.025660053291901727
0 0.6262019230769231 0.5190390003458332 0.021634615384615384 0.025869887630160147
0 0.9855769230769231 0.28382264043800115 0.01201923076923077 0.025590108512482165
0 0.3629807692307692 0.8091498767691926 0.009615384615384616 0.0255201637330626
0 0.5180288461538461 0.5534365154197112 0.014423076923076924 0.023256207138055575
0 0.8088942307692307 0.4476174278791812 0.014423076923076924 0.028063899445747883