1 0.5787250814917759 0.5717541031282699 0.014901250984711085 0.029384874583183337
1 0.43391057134059746 0.5345292004084885 0.010595441279542902 0.01721871997658079
1 0.47075016244057355 0.5432589518562009 0.010595441279542902 0.01721871997658079
1 0.3875363323678913 0.4205954713065246 0.0053677246872113876 0.00981128306521347
1 0.45752788701918934 0.4186283065213512 0.006569647764134464 0.009860257677670821
1 0.512479304166127 0.5714643455969687 0.009253510107740226 0.014765899210277557
1 0.4932948304419075 0.528515494880431 0.010175416994903696 0.010007181515042327
1 0.49642242561104255 0.5575575471764137 0.01031542508978343 0.012411027668888481
1 0.5297143972572442 0.5444567847896818 0.010455433184663167 0.014814873822734635
1 0.5752237575445514 0.5077583323766035 0.010455433184663302 0.014814873822734635
1 0.38792191541642584 0.47603085668235773 0.0067096558590142 0.012264103831516838
1 0.3680848182995878 0.527027904415649 0.009113502012860354 0.012362053056431403
1 0.3844917170918716 0.5349250874515885 0.01031542508978343 0.012411027668888618
1 0.40367619081609096 0.5778739381681262 0.0067096558590142 0.012264103831516975
1 0.42522894788282145 0.5594757373491299 0.012719271243629584 0.012508976893802908
1 0.47161391955074233 0.5697992087734232 0.006569647764134464 0.009860257677670821
1 0.4911484135121611 0.6067384441053455 0.009253510107740226 0.014765899210277557
1 0.5564711623754162 0.4780796101186769 0.009113502012860354 0.012362053056431403
1 0.40069933643705036 0.44281778204062666 0.009113502012860354 0.012362053056431403
1 0.45783161174983894 0.45478394805395794 0.0067096558590142 0.012264103831516975
1 0.5187678141652714 0.4428096017537423 0.009113502012860354 0.012362053056431403
1 0.5415580571202601 0.48590537630765174 0.010735449374422775 0.01962256613042694
1 0.48612958748691876 0.4860563902884655 0.010455433184663302 0.014814873822734635
1 0.43077112190101735 0.4850054811923563 0.009113502012860354 0.012362053056431403
1 0.4133023081266903 0.4746554773901134 0.009113502012860354 0.012362053056431403
1 0.41077030814840937 0.4974430412391946 0.009113502012860354 0.012362053056431403
1 0.3638253041009695 0.4967349544302859 0.010455433184663167 0.014814873822734635
1 0.4832582999666531 0.4112433118444914 0.009113502012860354 0.012362053056431403
1 0.5041347250998748 0.4458276756350248 0.006849663953894072 0.01466794998536313
1 0.41171480200123267 0.41917111740182283 0.00897349391798048 0.00995820690258525
1 0.437095194711497 0.41779573810957843 0.010455433184663167 0.014814873822734635
1 0.43372314616393753 0.4550063788817366 0.010175416994903696 0.010007181515042327
1 0.5437863323678913 0.4269621709259637 0.008973493917980618 0.00995820690258525