1 0.5914796272611235 0.49703404240127386 0.014228483735338889 0.029925387179984497
1 0.44593628592312523 0.4777537211946687 0.010202993717409225 0.017611820046981783
1 0.4829440688354444 0.48192378389722984 0.010202993717409225 0.017611820046981783
1 0.3969550738591019 0.3702918083761453 0.005143468937420655 0.010007833100413968
1 0.46683450063550447 0.3597936130355276 0.006345392014343732 0.010105945221671239
1 0.5252899138729222 0.5048340552242734 0.00891712648305406 0.015109861771878359
1 0.5051243212433684 0.4645327657145978 0.009951161245112963 0.01040028158544332
1 0.5089246836618756 0.4929864710757223 0.01003510540254505 0.012804127739289474
1 0.5418802716833911 0.4759143668786973 0.010119049559977137 0.015207973893135628
1 0.5864926089715353 0.4339207920518948 0.010119049559977137 0.015207973893135628
1 0.3986301274689331 0.4252859335508349 0.006429336171775819 0.01250979137551739
1 0.3799984050072202 0.4783421955561298 0.008833182325621972 0.012706015618032205
1 0.396573495611847 0.48418016432006566 0.01003510540254505 0.012804127739289474
1 0.41673908824140093 0.5244814538297413 0.006429336171775683 0.01250979137551739
1 0.4378433338085499 0.5035827785375974 0.012438951556391204 0.01300035198180415
1 0.4844245292575376 0.5081698673470229 0.006345392014343732 0.010105945221671239
1 0.5047999822806717 0.5424615414720831 0.00891712648305406 0.015109861771878359
1 0.5670672465530281 0.40674254426711565 0.008833182325621972 0.012706015618032068
1 0.41062265336529 0.3907490783056727 0.008833182325621972 0.012706015618032068
1 0.4679791844278694 0.3956550811007053 0.006429336171775819 0.01250979137551739
1 0.5285790032186157 0.3763263981147616 0.008833182325621972 0.012706015618032205
1 0.5523503650789389 0.41633335126066523 0.01028693787484131 0.020015666200827936
1 0.49697795938304523 0.4232503549923488 0.010119049559977137 0.015207973893135628
1 0.44164752576586763 0.42896543564710926 0.008833182325621972 0.012706015618032068
1 0.4239544562417498 0.4208217328505847 0.008833182325621972 0.012706015618032205
1 0.4219550636692219 0.4437563834333804 0.008833182325621972 0.012706015618032205
1 0.3750380915905059 0.4487846792393396 0.010119049559977137 0.015207973893135628
1 0.4923686898019014 0.349319796950662 0.008833182325621972 0.012706015618032068
1 0.5140300100593908 0.38110951280061883 0.006513280329207906 0.014913637529363545
1 0.42107747955499547 0.3659257197971525 0.008749238168189887 0.01030216946418605
1 0.4464018083278122 0.3614615190969023 0.010119049559977137 0.015207973893135628
1 0.4438987508106918 0.398819246602775 0.009951161245112963 0.01040028158544332
1 0.5532050738591019 0.35753723261269177 0.008749238168189887 0.01030216946418605