1 0.601031184444304 0.59314175264832 0.013724665334467846 0.029847992978302564
1 0.4549420398386955 0.550780445909944 0.009909099650234437 0.01755553335484942
1 0.49207577735123237 0.560815349198447 0.009909099650234437 0.01755553335484942
1 0.40400853147129673 0.43499424322750324 0.004975529470463595 0.009979689754347786
1 0.47380398851422084 0.4354689754347766 0.006177452547386672 0.010070766039088578
1 0.534883455922842 0.590536403141423 0.00866521728261847 0.015060610916262472
1 0.5139831281253512 0.5468297223237811 0.009783221778155902 0.010343994893310957
1 0.5182873089447295 0.5760401813088981 0.009825181068848794 0.012747841047157111
1 0.5509909877658096 0.5640761640738224 0.009867140359541548 0.015151687201003265
1 0.5949315671861256 0.5288933718629524 0.009867140359541548 0.015151687201003265
1 0.40664923701613087 0.4905559336201871 0.0062194118380794255 0.012474612192934732
1 0.3889201891893119 0.5409635579415084 0.008623257991925716 0.012656764762416318
1 0.4056212343941565 0.5494501643894178 0.009825181068848656 0.012747841047157111
1 0.4265215621916474 0.5931568452070598 0.0062194118380795626 0.012474612192934732
1 0.44728992882488233 0.575474372816884 0.012229027222694948 0.012929993616638696
1 0.4940180713074574 0.5874398094602362 0.006177452547386672 0.010070766039088578
1 0.5150232973316803 0.6251368748932626 0.00866521728261847 0.015060610916262472
1 0.5750023863667473 0.4984989211762051 0.00862325799192558 0.012656764762416318
1 0.41805397477813816 0.45772177402900804 0.008623257991925716 0.012656764762416318
1 0.47557844530767457 0.47170882031195044 0.0062194118380794255 0.012474612192934732
1 0.5359263548979853 0.46183955762591294 0.00862325799192558 0.012656764762416318
1 0.5604324519262455 0.5058194672977773 0.00995105894092719 0.01995937950869557
1 0.5051020310970912 0.504033804353547 0.009867140359541683 0.015151687201003265
1 0.44979258991328314 0.5010462183323939 0.008623257991925716 0.012656764762416318
1 0.43193158092220835 0.4900646894458975 0.00862325799192558 0.012656764762416318
1 0.43033104458370336 0.5128101516226953 0.008623257991925716 0.012656764762416318
1 0.38343506493835694 0.5104600995947275 0.009867140359541683 0.015151687201003265
1 0.49919123064703036 0.4289681158758716 0.00862325799192558 0.012656764762416318
1 0.5214403390388692 0.4643524114397927 0.006261371128772453 0.014878458346780886
1 0.42808895230045113 0.43441192276847285 0.008581298701232826 0.010252918608570165
1 0.4533712962065285 0.4339206785941832 0.009867140359541683 0.015151687201003265
1 0.4515190041238666 0.4710892176940578 0.009783221778155902 0.010343994893310957
1 0.5602585314712967 0.4468341602438057 0.008581298701232826 0.010252918608570165