0 0.41752702136256453 0.37849398644571247 0.06273662804839611 0.07606035057552842
0 0.10142125213179534 0.3637711236235275 0.04173702466672854 0.06429137494414419
0 0.14549913283303945 0.3043763825786038 0.04471289270419199 0.05244008557592695
0 0.37023153376581885 0.47629428548517017 0.06242167745174307 0.07005073519091318
0 0.12389352190265107 0.7166359979632192 0.036929332359036234 0.06406745307612628
0 0.13718609748502864 0.18711807851301124 0.04085516299610043 0.04746445186722111
0 0.1971494998792537 0.4453405793079784 0.04446093222686966 0.047632393268234645
0 0.2226162909237502 0.3272458821646659 0.03357552360558936 0.06870720398280493
0 0.4732224280712366 0.7871248132570776 0.03604747068840812 0.04724052999920321
0 0.3672335620861616 0.6484491878201927 0.023713289322524443 0.04067110994454272
0 0.3623475472302124 0.5807496322434689 0.041107123473422755 0.052272144174913285
0 0.45495516386660334 0.28505353597791105 0.04952058501188429 0.05266400744394499
0 0.06320656333793712 0.3342795374431481 0.02731905855329371 0.04083905134555611