0 0.41961589775573427 0.3683280273834939 0.06230903925650562 0.07468808612911323
0 0.10351012852496498 0.36097058393696596 0.041372522745772786 0.06339520224444438
0 0.1472305169575794 0.30062365939861124 0.04441848730649692 0.051459896685630384
0 0.37290221130205253 0.46710851531324826 0.06202913692148307 0.06867847074449784
0 0.12802921677503395 0.7128832747832268 0.03656483043808048 0.06328330196388904
0 0.13823754533393953 0.1837014200954061 0.040588796207709645 0.04656827916752144
0 0.19968699402129203 0.4402155916815707 0.044194565438478946 0.04665220437793808
0 0.2244598294855073 0.32167280818840827 0.03318298307532922 0.06800706906116456
0 0.47767355729829275 0.7751665087954598 0.0357811039000174 0.04645637888696596
0 0.3709066199050236 0.6391233906639427 0.023481970795764084 0.040167012800961396
0 0.36562806451881436 0.5716198728652782 0.040812718075727616 0.051375971475213604
0 0.45649027772601325 0.2741314312003209 0.04922617961418915 0.05157179696618593
0 0.0651342177276071 0.3324031758531518 0.0270877400265333 0.040250938011378315