0 0.4217036424108241 0.3632498646746126 0.0618816821291215 0.07400260411055903
0 0.10559787318005487 0.35957164104195727 0.04100821830931413 0.06294754051804177
0 0.14896096303075793 0.2987490759192997 0.04412424141551112 0.05097026667237737
0 0.37557144188456676 0.4625199826176199 0.061636809066835295 0.06799298872594378
0 0.13216267095793002 0.7110086913039151 0.036200526001621824 0.0628915979532864
0 0.13928842351603177 0.18199470976349558 0.040322573734913 0.04612061744111863
0 0.20222311336740792 0.4376555261837049 0.04392834296568223 0.046162574364684926
0 0.2263023692314423 0.31888891182734114 0.03279065522068145 0.06765733333741235
0 0.48212227493581644 0.7691930226337731 0.035514881427220694 0.04606467487636333
0 0.37457768768779914 0.634464910823564 0.023250777595703716 0.039915203079859976
0 0.3689068044469422 0.5670593190275499 0.04051847218474199 0.05092830974881087
0 0.4580245598718679 0.2686755539097873 0.0489319337232034 0.05102620923713261
0 0.06706082772810949 0.3314658841134959 0.026856546826473017 0.03995716000342634