0 0.12419505149549977 0.33612702493501373 0.043576904461156266 0.055910294747555704
0 0.3974861079110191 0.23892343561869536 0.04965644568484565 0.06834975876163932
0 0.6542579149415408 0.09001188400334956 0.05799998138423326 0.05691885453520252
0 0.7973077388471091 0.07640456354508304 0.04967742343656804 0.07195552799240858
0 0.9209939344276677 0.08697852793188404 0.046113609709243025 0.07891492650703534
0 0.66660499579927 0.23932775548005794 0.03153669594020332 0.05146405902708084
0 0.7940997455439123 0.21479381068917805 0.033940542094049474 0.05163215232502202
0 0.47744156218445866 0.3318500024453598 0.052102247342136164 0.0757293905211189
0 0.2545893194962641 0.4327351709664529 0.03760924457998531 0.06270159996424131
0 0.014714361381739384 0.56845083872698 0.024325157478664868 0.05095977913325743
0 0.1789372901340348 0.6326576016641663 0.03398249759749383 0.05884369078656048
0 0.07293730409585991 0.6797171683120377 0.03155767369192552 0.05506982825785
0 0.3678979388155316 0.5749911239296337 0.03149474043675896 0.04425252056554244
0 0.4310062936154753 0.4660533904908567 0.02786799345426762 0.040394611387861476
0 0.5918751861576679 0.4872430626057239 0.037546311324818706 0.05188429227193362
0 0.627813203183785 0.711801078026098 0.037588266828262995 0.059095830733472084
0 0.9301260293982926 0.37588556962961045 0.03153669594020332 0.05146405902708077
0 0.7351277949965507 0.43877997291668824 0.02784002311863805 0.035586919080169165
0 0.7250377160306124 0.31453639275742334 0.037455407734022665 0.03625929227193362
0 0.2318560670830378 0.8295966563066448 0.037637214915614885 0.06750929227193361
0 0.10186656759375312 0.8699236943954658 0.031578651443647715 0.05867559748861923
0 0.36241895845272903 0.6907119259101313 0.03391956434232723 0.048026383094252785
0 0.5316725408426042 0.9227676863716958 0.03153669594020332 0.05146405902708077
0 0.8239496260521337 0.8662866583641561 0.0399711352303871 0.0556581548006441
0 0.6375326752026311 0.899746581262286 0.039992112982109355 0.05926392403141333
0 0.7950902883933146 0.664060901511497 0.039887224223498115 0.04123507787756718
0 0.8074389719613426 0.40008332782460815 0.024192298384424323 0.028123240671718966
0 0.7545753343284493 0.4001756111485438 0.024192298384424323 0.0281232406717191
0 0.6990910804405807 0.4376956031550359 0.01818268299980894 0.02770300742686625
0 0.920091089748464 0.4486733274367596 0.024234253887868817 0.03533477913325743
0 0.9294415575305168 0.28702730858627334 0.015799814597684758 0.031140683359694228
0 0.7396270122571681 0.69797512428722 0.027867993454267347 0.040394611387861476
0 0.46625204483476 0.8096017905266153 0.02779806761519355 0.028375380618630704
0 0.4561829436205439 0.6817524411365812 0.024192298384424323 0.0281232406717191