0 0.14629308469216976 0.33612702493501373 0.04634940885658564 0.055910294747555704
0 0.41457936007011575 0.23892343561869536 0.05305906471559984 0.06834975876163932
0 0.6629585342837838 0.09001188400334956 0.0607724857796627 0.05691885453520252
0 0.8057773682953103 0.07640456354508304 0.053269076857919644 0.07195552799240858
0 0.9306955099774255 0.08697852793188404 0.05008333191178976 0.07891492650703534
0 0.6849301940599232 0.23932775548005794 0.034120165945035336 0.05146405902708084
0 0.8114239875970508 0.21479381068917805 0.03652401209888149 0.05163215232502202
0 0.5008485381140324 0.3318500024453598 0.055882935154085336 0.0757293905211189
0 0.2834630562514949 0.4327351709664529 0.0407598177566096 0.06270159996424131
0 0.05121076464035112 0.56845083872698 0.026908627483496775 0.05095977913325743
0 0.22028448116752533 0.6326576016641663 0.036944036383520694 0.05884369078656048
0 0.11682538396381076 0.6797171683120377 0.03433017808735487 0.05506982825785
0 0.40639625448917277 0.5749911239296337 0.03370014166039599 0.04425252056554244
0 0.46280590236190283 0.4660533904908567 0.029884360287307087 0.040394611387861476
0 0.625753703950472 0.4872430626057239 0.04012978132965051 0.05188429227193362
0 0.6762440843012254 0.711801078026098 0.04054980561428979 0.059095830733472084
0 0.958383793102745 0.37588556962961045 0.03412016594503506 0.05146405902708077
0 0.7665424205862419 0.43877997291668824 0.029604344097547617 0.035586919080169165
0 0.7484446919601863 0.31453639275742334 0.03921972871293196 0.03625929227193362
0 0.2860616955515244 0.8295966563066448 0.04103983394636907 0.06750929227193361
0 0.1580741084772691 0.8699236943954658 0.03454019022967454 0.05867559748861923
0 0.4083089507357093 0.6907119259101313 0.03631399995656168 0.048026383094252785
0 0.5931928492890826 0.9227676863716958 0.034120165945035336 0.05146405902708077
0 0.8831600355581937 0.8662866583641561 0.042743639625816544 0.0556581548006441
0 0.698052027441595 0.899746581262286 0.04295365176813594 0.05926392403141333
0 0.8412112705703366 0.664060901511497 0.041903591056537855 0.04123507787756718
0 0.8366976918733097 0.40008332782460815 0.025578550582138766 0.028123240671718966
0 0.7836030643463747 0.4001756111485438 0.02557855058213904 0.0281232406717191
0 0.7302747161362299 0.4376956031550359 0.019568935197523656 0.02770300742686625
0 0.9529686513337535 0.4486733274367596 0.02599857486677811 0.03533477913325743
0 0.9520015705152706 0.28702730858627334 0.017375101185997173 0.031140683359694228
0 0.7876729102178721 0.69797512428722 0.029884360287307087 0.040394611387861476
0 0.5202266834092047 0.8096017905266153 0.029184319812908272 0.028375380618630704
0 0.5019189426408295 0.6817524411365812 0.02557855058213904 0.0281232406717191