0 0.1382479096684274 0.34348343075209864 0.045116002232736645 0.053388098467412264
0 0.40835626301342304 0.26218369020224025 0.051545338404512364 0.06547725744258709
0 0.6597909218179898 0.12819513324440968 0.05953907915581361 0.05355592616167795
0 0.8026938517356877 0.12292507271217282 0.051671254640660566 0.06908302667335632
0 0.9271634819182213 0.14071532090049527 0.04831731788218773 0.07625260821132838
0 0.6782585855036489 0.2782816758067174 0.032970855227357716 0.04964247282475508
0 0.8051167946341866 0.2611741978407043 0.03537470138120387 0.04967044410713269
0 0.49232681962198477 0.35980434455028276 0.05420101703065491 0.07271676718650309
0 0.27295106798005453 0.4477282266317498 0.03935821932041756 0.060529708723006746
0 0.03792361146525051 0.5695017538437064 0.025759316765819305 0.049558558977622215
0 0.20523131396282276 0.6433068748469941 0.035626533853500196 0.05688198256867102
0 0.10084716179122138 0.6842010728100705 0.03309677146350591 0.0532482420555243
0 0.39238027012725224 0.5966399753341981 0.03271902275506159 0.04243093436321661
0 0.45122869927895654 0.49134541430007267 0.02898733728814416 0.03878320820888102
0 0.613419637711982 0.5219232614576961 0.03898047061197323 0.04971240103069906
0 0.6586119759739295 0.7486531681193045 0.0392323030842695 0.05692393949223738
0 0.9480960605810954 0.4302529116682576 0.032970855227357716 0.04964247282475508
0 0.7551053773469147 0.48179743169468997 0.02881944897327971 0.03397551590118871
0 0.7399229734681386 0.35692330246538917 0.038434833588664605 0.03408740103069906
0 0.2663271895699404 0.8433986748396519 0.039526107635281735 0.06533740103069892
0 0.1376107713088652 0.8761591240880425 0.033222687699654044 0.05685401128629326
0 0.3916018973763001 0.7120805332835687 0.03524878514505567 0.04606467487636333
0 0.5707953062787336 0.9540849568501433 0.032970855227357716 0.04964247282475508
0 0.8616034516095602 0.9146287537335716 0.04151023300196745 0.053346141543845906
0 0.6760189000246559 0.9372292204255286 0.04163614923811565 0.05695191077461514
0 0.8244201213047558 0.7106514716863687 0.04100656805737493 0.038923064620768985
0 0.8260455437582501 0.44730444706951555 0.02496184727021463 0.02672202051608375
0 0.7730350121374868 0.4443140460510537 0.02496184727021463 0.02672202051608375
0 0.7189217688030743 0.4786112316995848 0.018952231885598973 0.02665209231013977
0 0.9409990006886735 0.5024801814131526 0.025213679742510757 0.033933558977622354
0 0.9437882036791853 0.3413245896171387 0.01667430196790102 0.030229890258531383
0 0.7701809617341955 0.7413428881041306 0.02898733728814416 0.038783208208880746
0 0.5005762733337923 0.8370657055770659 0.028567616500983724 0.026763977439649977
0 0.485267953218868 0.7085858071169958 0.024961847270214357 0.026722020516083616