0 0.3517764653581064 0.6593394966398036 0.02542219179697697 0.033162601979556644
0 0.4977475866266683 0.5557711892630915 0.02298338272359392 0.026970834025459675
0 0.13762598285887556 0.29832938173929946 0.029013975859931415 0.031031984679932734
0 0.13981145620129354 0.7486862304464901 0.02292744205233464 0.01735544941007506
0 0.4997808258334224 0.619290959770533 0.024185305800516997 0.027061910310200468
0 0.4080928367309555 0.47846729523403525 0.024164328048794752 0.0234561410794311
0 0.4621933603603087 0.4719650162668536 0.036211529153655095 0.029174596234531336
0 0.17719234957778296 0.10551109447374805 0.02055156623411806 0.021980989148285716
0 0.564063934729809 0.3080646083486274 0.025366251125717828 0.023547217364171997
0 0.5852370395765361 0.38575215830021636 0.02899999069211663 0.02862813852608658
0 0.4880490923595443 0.3642831835180663 0.019349643157195118 0.02188991286354499
0 0.681195093380975 0.4121199016747995 0.025359258541810228 0.022345294287248955
0 0.015586831659865323 0.8313843954670989 0.0241783132166095 0.02585998723327739
0 0.0867240558833636 0.7875493562058539 0.03254981925162665 0.019285982764924478
0 0.27894244731055856 0.37532276475527104 0.02297639013968646 0.025768910948536464
0 0.3522465711902009 0.16553126459390072 0.0229344346362421 0.01855737248699807
0 0.2744432300499412 0.11616276156359039 0.0205096107306737 0.01476945068674722
0 0.07491001411289565 0.1336852709844073 0.028972020356487008 0.023820446218394273
0 0.17588473638709948 0.33027070985836343 0.02776310469565652 0.0225274468567304
0 0.662376085245593 0.549303353638219 0.024178313216609675 0.02585998723327739
0 0.7048699405562519 0.47279837597998375 0.022927442052334775 0.017355449410074924
0 0.47464613133179817 0.39653502265021506 0.016917826667719255 0.016900067986371097
0 0.6586242731079176 0.3681772741617975 0.020572543985840443 0.025586758379055014
0 0.6720062563839417 0.3395312042604181 0.03257778958725629 0.02409367507261665
0 0.6970989953821216 0.5694986798422745 0.022976390139686595 0.0257689109485366
0 0.558137428996933 0.5007366057952829 0.025366251125717828 0.023547217364171893
0 0.5477668453195492 0.6312729083809014 0.024129365129257715 0.017446525694815855
0 0.3646767616996693 0.5069864261000882 0.019377613492824554 0.026697605171237298
0 0.2893821554718668 0.4394069243464501 0.03257778958725629 0.02409367507261665
0 0.34953424998927984 0.42523772549402616 0.02898600552430171 0.02622429237224056
0 0.6316994771259996 0.4531136447337871 0.019356635741102444 0.023091835940468066
0 0.6956523318684394 0.611657063819323 0.019321672821565546 0.017082220555852682
0 0.2587894583591622 0.3287941385189414 0.027784082447378768 0.026133216087499633
0 0.45463998664245714 0.3247660117985007 0.02895104260476481 0.02021467698762504
0 0.5658742126066757 0.20340622437157901 0.03743442998230041 0.03287144175004136