0 0.3397954657199247 0.7174238514467229 0.025967736438995706 0.03345824751688024
0 0.4873822384283114 0.6375994864066231 0.023424014934455235 0.027238322844943114
0 0.13223348389738224 0.32109216943390284 0.029517555529487198 0.031369865294017016
0 0.12655052490299082 0.7722339418547006 0.023200214373344005 0.0176229382295585
0 0.4883034058647964 0.7015117187708679 0.024625938011378315 0.027343477488603714
0 0.399196262568803 0.5455782727474351 0.02454201280096167 0.023737708257834757
0 0.4533387511706192 0.5479063855583325 0.03667314385074792 0.029596947002136612
0 0.17511508344086527 0.13455327187720764 0.020908268500053468 0.022220321249928718
0 0.5579370487502134 0.4004893756258536 0.025743935877884747 0.023842862901495628
0 0.577725309505662 0.48170908228867404 0.029461605389209458 0.02896601914017083
0 0.48104094195822616 0.44434540230598196 0.019706345423130392 0.022115166606267778
0 0.6730958536956192 0.5237752999353975 0.025715960807745776 0.02264093982457255
0 0.006672475086030639 0.8347203212499288 0.013344950172061278 0.02614155441168064
0 0.07285463248434762 0.8024629067643873 0.03284357405886752 0.019666098455769106
0 0.2720182268541663 0.4212408020012815 0.023396039864316265 0.0260363997680199
0 0.34888937339316217 0.22322315754401642 0.02322818944348298 0.01882486130648144
0 0.27205122661955117 0.16109964416759207 0.020740418079220044 0.015008782788390308
0 0.07247604571004261 0.14604781947371778 0.02934970510865386 0.02415832683247859
0 0.16988374532489287 0.359312887261823 0.02811980696159193 0.02285124911189457
0 0.6519058246160785 0.6580152879727907 0.02459796294123934 0.02614155441168091
0 0.6956796115868585 0.5883783928086168 0.023200214373344005 0.017622938229558363
0 0.4670924362884612 0.4744387012257113 0.01719059898872862 0.017097165011253586
0 0.6513223678993587 0.47610428478276223 0.020992193710470113 0.02582609048069802
0 0.665186948358707 0.44961675509380217 0.03295547433942293 0.024473790763461414
0 0.6862300675142089 0.6839013111004971 0.023396039864316265 0.026036399768020038
0 0.5486533452202986 0.592376449358902 0.02574393587788461 0.023842862901495628
0 0.536016653029914 0.7213429045173066 0.024402137450267085 0.017728092873219373
0 0.35533955532665557 0.5670330901910249 0.019818245703686007 0.02692285891395995
0 0.28132488075897394 0.48709103994807634 0.03295547433942307 0.024473790763461414
0 0.34164483516623895 0.48273338751574 0.02940565524893165 0.026562172986324677
0 0.6229497803674675 0.5567235749299133 0.019734320493269362 0.023317089683190854
0 0.6840490169824247 0.7258634641491439 0.019594445142574777 0.017307474298575605
0 0.25270453735202963 0.37137624998212193 0.028203732172008573 0.026457018342663802
0 0.44836622325924114 0.39933376459116726 0.0292657798982372 0.02055255760170929
0 0.5615728029292198 0.29602722257720687 0.037958992138087636 0.03330787087656692