0 0.3477834296504238 0.6883678817596669 0.025604011286293533 0.03139684426205546
0 0.494293016329654 0.596665907489385 0.023130236926503265 0.02537324370962515
0 0.13582876713755437 0.309705370502489 0.029181809234685146 0.029013975859931415
0 0.1353918439994453 0.7604544946842723 0.023018351796992922 0.01575785909424081
0 0.4959556235004936 0.660381815734123 0.02433216000342634 0.02538023629353275
0 0.4051277804436395 0.5120068483117148 0.02429020307985998 0.021774467062763384
0 0.4592422901875556 0.5099176684337016 0.03636537641384599 0.026652085209529622
0 0.1765000369069238 0.12002528703367955 0.020670448207902006 0.020551566234118093
0 0.5620219620036385 0.354255045481923 0.025492126156783056 0.021781459646670845
0 0.5827335250697929 0.43370783506917926 0.029153837952307526 0.026610129706085263
0 0.48571341122755496 0.4042952819265262 0.01946852513097893 0.020544573650210732
0 0.6784957732703525 0.46792108793561726 0.02547814051559418 0.020579536569747765
0 0.01144986507248508 0.8330515662341182 0.02289973014497016 0.024178313216609675
0 0.08210164502035461 0.7950025902231161 0.032647722053566315 0.017015722842422757
0 0.2766347384076948 0.3982708800189466 0.023116251285314523 0.024171320632702074
0 0.35112768202517597 0.19436351197646737 0.023032337438181665 0.016959782171163614
0 0.273646021519861 0.13862053248402498 0.020586534360769147 0.013340027772579597
0 0.07409881946825261 0.13986360970924303 0.029097895387552322 0.021802437398392955
0 0.17388472200461755 0.344784902418295 0.02788198666944047 0.020593521737562417
0 0.6588865496621715 0.603633506869314 0.024318174362237464 0.0241783132166094
0 0.7018069814669962 0.5305609396137653 0.023018351796993058 0.015757859094240538
0 0.47212863071049216 0.43546836350354484 0.0170087364123774 0.01572289617470364
0 0.6561906891739887 0.42211515191829985 0.020712405131468232 0.02415733546488729
0 0.6697335127674849 0.3945478395720504 0.03270366461832152 0.021823415150115065
0 0.6934765917103535 0.6266728302641671 0.023116251285314384 0.024171320632702074
0 0.5549765671057376 0.5465347674539858 0.025492126156783056 0.021781459646670845
0 0.5438507332419623 0.6762865190904189 0.024220274873916 0.01576485167814786
0 0.3615648512094439 0.5369954999064331 0.019524467695734033 0.025352265957902905
0 0.2866968214758071 0.46323765942795936 0.03270366461832152 0.021823415150115065
0 0.34690486045147134 0.45397190400794457 0.029125866669929907 0.024206283552239107
0 0.6287833722396534 0.5048940073800293 0.01948251077216767 0.021746496727133673
0 0.6917851711918224 0.6687331453725673 0.019412582566223826 0.01573688134251829
0 0.2567614717475546 0.35007508301559775 0.02792394359300683 0.024199290968331646
0 0.4525490625153169 0.36203218188481134 0.029055938463985926 0.018196668167623723
0 0.5644406358639876 0.24969473037352274 0.03760925641433543 0.03026484702420631