0 0.6331272876466484 0.8063091432120866 0.027423622828560375 0.048492477340489
0 0.7243152637248791 0.5257505053809258 0.0237618731307865 0.04705948607206755
0 0.5726061312579871 0.27875807668171765 0.02063028090588185 0.03128044061106854
0 0.5575376220006846 0.23824736510776184 0.02281020519170996 0.026626793764375243
0 0.47941280014963683 0.6706334242837279 0.028625545905483454 0.048569500070988494
0 0.43249176146467505 0.8210135552574052 0.018562317554062756 0.038337933611607866
0 0.3323666160808566 0.7810438452026017 0.019820221097990344 0.03961687941903044
0 0.3548672717403681 0.7752957386205535 0.013754625246370448 0.038029842689610134
0 0.6901642212226876 0.6158338549280195 0.022056125850822967 0.03616515564926049
0 0.7658360224565323 0.7225416575659502 0.019066141757103486 0.04915524130391556
0 0.8526840335271924 0.7604621945083362 0.03195141280123 0.042790952877871616
0 0.9227808074030671 0.6702856807223807 0.018114473818026673 0.028722548996223524
0 0.9173243688338016 0.5788625041457274 0.029435605713375095 0.04023306126302646
0 0.52351511006924 0.5883777950421684 0.023146087993737022 0.0338383322259137
0 0.4574225965478611 0.7902561322514706 0.013250801043329857 0.02721253499730244
0 0.48017682127256656 0.8156810029389228 0.015374744862153459 0.02135696507368606
0 0.9633795453928197 0.8730094255615211 0.013754625246370448 0.038029842689610405