0 0.5571050829785297 0.7680288461538461 0.027696999269277163 0.046875
0 0.6767270291908456 0.4807692307692308 0.024028239919177217 0.04567307692307692
0 0.5485740728183001 0.24278846153846154 0.020805522214033638 0.030048076923076924
0 0.5374315929100553 0.203125 0.022957407890557464 0.025240384615384616
0 0.41588250704670193 0.6418269230769231 0.028898922346200243 0.046875
0 0.35373323331084944 0.7956730769230769 0.018779616776170974 0.037259615384615384
0 0.25693926434441333 0.7620192307692307 0.020044529972424632 0.038461538461538464
0 0.2801537435219353 0.7548076923076923 0.013971924468478666 0.037259615384615384
0 0.6334152515408525 0.5733173076923077 0.02225940576827904 0.03485576923076923
0 0.698974552936215 0.6754807692307693 0.019346527850146344 0.04807692307692308
0 0.7826103581758279 0.7079326923076923 0.03218974098031643 0.040865384615384616
0 0.8621058083721742 0.6129807692307693 0.01827569582152659 0.027644230769230768
0 0.8656911343643751 0.5216346153846154 0.029659914587809384 0.038461538461538464
0 0.46843172859609605 0.5564903846153846 0.023335348606540955 0.03245192307692308
0 0.3818762742250827 0.7632211538461539 0.013405013394503566 0.026442307692307692
0 0.40225108722308656 0.7872596153846154 0.015493908951696675 0.020432692307692308
0 0.8828364584439677 0.8137019230769231 0.013971924468478938 0.037259615384615384
0 0.7288371099073168 0.9771634615384616 0.02225940576827904 0.03485576923076923