0 0.7183846481497492 0.42947582673581397 0.019876201564994853 0.04029304271920226
0 0.5979881240045567 0.2920750177193283 0.014340763186243914 0.024500154404338018
0 0.634240090983091 0.27174153677491025 0.016520687472072162 0.019776406254077797
0 0.6847208602138602 0.27350436408098405 0.008107225933610625 0.01948260170306549
0 0.7784841159232507 0.4831731788218763 0.016744609340090203 0.024584098561770035
0 0.4559405929869632 0.3339133682734031 0.01914845549393636 0.024668042719202258
0 0.5123652335022529 0.6178762861841037 0.023732225933610625 0.020028238726374124
0 0.7288990341645535 0.5006411207465717 0.007939284532596957 0.015876832472296123
0 0.8926634943035954 0.4355617781496402 0.011545053763366188 0.01600274870844432
0 0.7350106687011351 0.3484585828432174 0.01434076318624405 0.024500154404338084
0 0.5907436244184947 0.21382410148318018 0.016744609340090203 0.024584098561770105
0 0.5562830323841046 0.2726191208891367 0.013780958516198948 0.012480923635107248
0 0.5528485184816965 0.327697722034018 0.01411684131822601 0.019692462096645776
0 0.5158061971104039 0.22800678360099255 0.011712995164379856 0.019608517939213622
0 0.478184365653933 0.24469252323592533 0.016352746071058497 0.016170637023308565
0 0.4299987955703485 0.2922085420836977 0.01411684131822601 0.01969246209664571
0 0.7035301189784219 0.23936212018838754 0.01411684131822601 0.01969246209664571
0 0.6758002605450106 0.21079450368740385 0.011712995164379856 0.019608517939213553
0 0.6544192142255892 0.24124703419179902 0.01411684131822601 0.01969246209664571
0 0.6451627317547126 0.17132563533668035 0.016352746071058497 0.016170637023308565
0 0.6190529929370843 0.12601503991620563 0.018924533625918318 0.019860350411509884
0 0.6003195982036128 0.4709516957872865 0.011712995164379856 0.019608517939213553
0 0.5891533301488399 0.6949558137550131 0.011712995164379856 0.019608517939213553
0 0.7738673843590527 0.4098138990508525 0.01411684131822601 0.019692462096645776
0 0.6543798033953228 0.498038851866177 0.01914845549393636 0.024668042719202123
0 0.423676316726187 0.20798998254165021 0.013948899917212342 0.016086692865876478
0 0.31074176432933176 0.4884386835072349 0.01892453362591818 0.01986035041150995
0 0.8136691401013517 0.38840441126565955 0.02412408920264206 0.028441700264835525
0 0.7809209232016203 0.5612562067431602 0.019484338295963147 0.03187958118074072
0 0.4838054316968645 0.2880876702413042 0.013948899917212342 0.016086692865876478