0 0.7278429514723114 0.3969084337511931 0.02080238556987487 0.03987324615629362
0 0.6043310811288862 0.26482360812566796 0.014902086825565255 0.02419230359153838
0 0.6400778568320316 0.2427554378641997 0.016969746383528907 0.01941258256622369
0 0.6905586260628008 0.24216804093426997 0.008556284845067371 0.01931468307790209
0 0.7891492650703533 0.4479198152818229 0.01730593297941141 0.024220274873916
0 0.46337813120796906 0.3133768850683244 0.01970977913325756 0.024248246156293618
0 0.5263983244852827 0.5953253250624506 0.024181284845067506 0.01949649641335655
0 0.7400132422231132 0.4677379814425219 0.008304144898155768 0.01570891384713286
0 0.9021217976261575 0.39488051577881667 0.011909914128925 0.01575087077069922
0 0.7425604716500052 0.31493990862021426 0.014902086825565255 0.02419230359153838
0 0.5952622797150303 0.18674056504923442 0.01730593297941141 0.024220274873916
0 0.5622049967789432 0.24727027377224117 0.01406162033585955 0.01217307282230761
0 0.5600615272469738 0.3026286635166467 0.014565900229682892 0.01938461128384607
0 0.5207177789544644 0.2044485835210521 0.012162054075836738 0.01935664000146845
0 0.48351694022748437 0.22292497019293997 0.016717606436617308 0.01580681333545446
0 0.4364820836045083 0.2727912132767159 0.014565900229682892 0.01938461128384607
0 0.7085539655503467 0.20707451580329103 0.014565900229682755 0.01938461128384607
0 0.6801785849317159 0.17973796914021395 0.012162054075836601 0.01935664000146845
0 0.659527259343412 0.21125369632280122 0.014565900229682755 0.01938461128384607
0 0.648642938318504 0.1416120860672068 0.016717606436617308 0.01580681333545446
0 0.6214947507681315 0.09742064504482902 0.019373592537375063 0.019440553848601275
0 0.610844416440885 0.4439800747931505 0.012162054075836874 0.019356640001468587
0 0.6049265244137655 0.6689914317191643 0.012162054075836738 0.019356640001468587
0 0.7828204964062256 0.374616493230704 0.014565900229682755 0.01938461128384607
0 0.6654940114538823 0.46860509119622773 0.01970977913325756 0.024248246156293618
0 0.4281949720227226 0.1886845691744781 0.014313760282771152 0.01577884205307684
0 0.32191210475182347 0.4750088307300718 0.0193735925373752 0.01944055384860131
0 0.8220889946911696 0.35130444296874624 0.024769611387861473 0.02790995795181809
0 0.793410374176517 0.5260588009230117 0.020214059027080768 0.03145978461783208
0 0.4901483888211939 0.2661522440386043 0.014313760282771152 0.01577884205307684