0 0.6948060696886039 0.42947582673581397 0.018490372313076674 0.04029304271920226
0 0.5821757835528688 0.2920750177193283 0.013500866669930044 0.024500154404338018
0 0.6196871404788827 0.27174153677491025 0.01584877025902089 0.019776406254077797
0 0.670167909709652 0.27350436408098405 0.007435308720559419 0.01948260170306549
0 0.7518969948097932 0.4831731788218763 0.015904712823775924 0.024584098561770035
0 0.4373995743157363 0.3339133682734031 0.018308558977622215 0.024668042719202258
0 0.47738217940559813 0.6178762861841037 0.023060308720559284 0.020028238726374124
0 0.701192455320003 0.5006411207465717 0.007393351796993058 0.015876832472296123
0 0.8690849158424501 0.4355617781496402 0.01099912102776229 0.01600274870844432
0 0.7161897855971348 0.3484585828432174 0.01350086666992977 0.024500154404338084
0 0.5794790809993718 0.21382410148318018 0.015904712823776198 0.024584098561770105
0 0.5415201835553163 0.2726191208891367 0.013361010258041808 0.012480923635107248
0 0.5348672286760159 0.327697722034018 0.013444924105174803 0.019692462096645776
0 0.5035621281765748 0.22800678360099255 0.011041077951328514 0.019608517939213622
0 0.4648908050972042 0.24469252323592533 0.01580681333545446 0.016170637023308565
0 0.41383662457769405 0.2922085420836977 0.013444924105174668 0.01969246209664571
0 0.6910061856118196 0.23936212018838754 0.013444924105174803 0.01969246209664571
0 0.6648855476668543 0.21079450368740385 0.01104107795132865 0.019608517939213553
0 0.6416853825344071 0.24124703419179902 0.013444924105174803 0.01969246209664571
0 0.6364869343387423 0.17132563533668035 0.015806813335454598 0.016170637023308565
0 0.6129659415242664 0.12601503991620563 0.018252616412866976 0.019860350411509884
0 0.5740823076311217 0.4709516957872865 0.011041077951328514 0.019608517939213553
0 0.5498323773442 0.6949558137550131 0.011041077951328514 0.019608517939213553
0 0.751548195845387 0.4098138990508525 0.013444924105174803 0.019692462096645776
0 0.6266732245507722 0.498038851866177 0.018308558977622076 0.024668042719202123
0 0.4124117733070642 0.20798998254165021 0.01340296718160817 0.016086692865876478
0 0.2828952532683946 0.4884386835072349 0.018252616412867042 0.01986035041150995
0 0.7926793076433589 0.38840441126565955 0.023158208208880746 0.028441700264835525
0 0.7497860050555978 0.5612562067431602 0.018392472824755073 0.03187958118074072
0 0.4679930912451765 0.2880876702413042 0.01340296718160817 0.016086692865876478