1 0.6705211423037922 0.6341737385545412 0.03692491948199771 0.03767918462027954
1 0.6315570575188029 0.6036641354722337 0.019902170914102377 0.029069924105174803
1 0.6069870696477024 0.6262209611099961 0.018644297696901627 0.02665209231013977
1 0.5376681871071577 0.5568861928952413 0.013724705108653978 0.021788457437692223
1 0.517262464930555 0.6071431918669897 0.020042046264797102 0.03507953948979019
1 0.38242729951025606 0.4084054728737039 0.013668754968376034 0.01938461128384607
1 0.32205239990176254 0.3680287436346133 0.019986096124519293 0.032675693335943896
1 0.44649490837708306 0.2901283559589482 0.01738642447970088 0.024234260515104807
1 0.668568917028365 0.4081282862458699 0.018784173047596216 0.032661707694755154
1 0.6107967038818375 0.2042760329040521 0.018784173047596216 0.032661707694755154
1 0.6191232253927347 0.3630697354697862 0.017498324760256496 0.02904195282279705
1 0.4741900645913457 0.54652956929685 0.017442374619978687 0.026638106668950893
1 0.5203107426366448 0.5278302544312554 0.014982578325854727 0.02420628923272712
1 0.43774172624075813 0.511240245189228 0.01733047433942307 0.021830414361258585
1 0.5191967645263352 0.3174237877637729 0.018588347556623957 0.024248246156293618
1 0.5835960544786322 0.3915103057214648 0.01738642447970088 0.02423426051510474
1 0.2760695873290594 0.4841117990133549 0.015094478606410274 0.029013981540419564
1 0.34564627513514934 0.23244919184251528 0.028315632452564188 0.029167823593496338
1 0.4579236478562496 0.47059863083286424 0.013668754968376034 0.01938461128384607
1 0.18050321764812993 0.4577525631028659 0.023396039864316265 0.024304188721048857
1 0.5790970928815168 0.32653653136167465 0.013612804828098363 0.016980765129999915
1 0.4886171612706193 0.3399106851955913 0.010007035597329132 0.016938808206433557
1 0.40971287906292725 0.16586875287664077 0.017218574058867595 0.017022722053566346
1 0.2844011335352027 0.3844221118346835 0.012522782031730765 0.021774471796503346