1 0.7288844579598184 0.682125832193604 0.03866313842577977 0.04020297902233567
1 0.6871198301970927 0.648840055269035 0.02124788880606287 0.030415947786271255
1 0.664678254989072 0.6697143513054267 0.01987787243119854 0.02791398951116756
1 0.5889741344592883 0.5954161207666286 0.014733993527624004 0.022713848718446037
1 0.5732733244852827 0.6443270960572804 0.021668122050915582 0.03642556317088664
1 0.420066597131033 0.43583070537604496 0.014565900229682892 0.02031000256460002
1 0.3559949807919275 0.3911635256534594 0.02150002875297447 0.03402171701704049
1 0.473044055806024 0.32184403894478447 0.01850785605633435 0.025412031236064274
1 0.7058721494918136 0.4555756210045215 0.020298105676051666 0.03392360489578308
1 0.6291682658157881 0.2473487906991401 0.020298105676051392 0.03392360489578308
1 0.6522816542491334 0.4069837580655596 0.01884404265221644 0.03021972354375658
1 0.5245998381906005 0.5806007937246053 0.018675949354275464 0.02781587738991029
1 0.5689281687301484 0.5650982851016148 0.016104009902488333 0.025215806993549597
1 0.4849028699858388 0.5427035487348586 0.018339762758393236 0.023008185082217983
1 0.5482103897756841 0.3542711860337896 0.01970977913325756 0.025510143357321543
1 0.6194430045936579 0.43298466039525074 0.018507856056334485 0.025412031236064135
1 0.3208782749728415 0.5042180277497338 0.01644019649837056 0.030023499301241905
1 0.3669304017659459 0.2570141240225264 0.029661350344524405 0.031102732635072555
1 0.5012760531516088 0.5034079580595914 0.014565900229682892 0.02031000256460002
1 0.22295944919061353 0.47112867343376236 0.024517471440949734 0.025902591842350893
1 0.608894870164632 0.3675902536351179 0.014397806931741778 0.01790615641075373
1 0.5197591991830479 0.37465492146389473 0.010792037700972546 0.017611820046981783
1 0.42472378942359423 0.19480826202021553 0.01800357616251101 0.01820049277452581
1 0.3199120184929 0.4049489729714051 0.013532070450700928 0.02261573659718863