1 0.6741657586206714 0.622216150249706 0.03670806131343122 0.03746939290183731
1 0.6350267882158703 0.5923988285955732 0.019734280719083095 0.028958035188672133
1 0.6105897134158269 0.6153752187352597 0.018490398351467263 0.026547196450918655
1 0.540872091662111 0.5472781658011808 0.013598787462389449 0.021711533807596776
1 0.5207601773267924 0.5978708163744684 0.01983917894581525 0.03496765057328752
1 0.3847777622405275 0.401566571492342 0.013556828171696421 0.019307687653750624
1 0.3241720136138823 0.3622597317331578 0.019797219655122496 0.032563804419441365
1 0.4481528240528995 0.2822195650976801 0.01724651598385143 0.02413635771316511
1 0.6708983934842591 0.396296567291612 0.018595296578199284 0.03255681183553404
1 0.6119439535478033 0.19353518165479672 0.018595296578199284 0.03255681183553404
1 0.6211938711313072 0.35211910196956886 0.017330434565237144 0.028944050020857485
1 0.47733800574795926 0.5380333881328883 0.017288475274544187 0.026540203867011333
1 0.5233467569965788 0.518536900713638 0.014842669830005279 0.024122372545350254
1 0.4406868000783899 0.5033943890032485 0.017204556693158544 0.021732511559319025
1 0.5210085795475862 0.3082353251716365 0.01844843906077451 0.024143350297072503
1 0.5858345904122241 0.3811680407490373 0.01724651598385143 0.024136357713165177
1 0.27886775724604923 0.47909800321536256 0.014926588411390922 0.028930064853042562
1 0.34697540584571956 0.22632355011442434 0.02814774225754477 0.029006983276023954
1 0.46063087725093727 0.46241712304534544 0.013556828171696421 0.019307687653750624
1 0.1831544836444778 0.45441702531256983 0.02325613136846675 0.024171320632702074
1 0.5809578758763151 0.31629915751472815 0.013514868881003669 0.016903841499904468
1 0.4905618893629273 0.33124667823085996 0.009909099650234437 0.016882863748182222
1 0.4106502659851188 0.1586522434435473 0.017120638111772897 0.016924819251626647
1 0.2866186831944171 0.3793034249112103 0.012396864385466234 0.021704541223689453