0 0.6792462749718136 0.7367788461538461 0.013486881028741165 0.02283653846153846
0 0.7346038226509051 0.6394230769230769 0.018294573336433473 0.02283653846153846
0 0.7335269282793673 0.546875 0.018294573336433473 0.02283653846153846
0 0.6925496585344721 0.5372596153846154 0.013444924105174803 0.019230769230769232
0 0.6980138339127243 0.49038461538461536 0.015946669747342285 0.027644230769230768
0 0.6225164503255912 0.5096153846153846 0.00753320820888102 0.027644230769230768
0 0.6673652164838427 0.5420673076923077 0.011083034874895011 0.02283653846153846
0 0.628359080081255 0.5985576923076923 0.01825261641286711 0.019230769230769232
0 0.6587987549576185 0.6322115384615384 0.015806813335454598 0.015625
0 0.6293380749644713 0.6826923076923077 0.013402967181608442 0.015625
0 0.6191221498432822 0.734375 0.01104107795132865 0.019230769230769232
0 0.5634560759927228 0.7019230769230769 0.013402967181608307 0.015625
0 0.5111431877662204 0.5444711538461539 0.011041077951328514 0.019230769230769232
0 0.48300945955538144 0.5024038461538461 0.011041077951328514 0.019230769230769232
0 0.4538145067448216 0.5757211538461539 0.013444924105174803 0.019230769230769232
0 0.5608399190251026 0.3737980769230769 0.010957164104195654 0.01201923076923077
0 0.5274378144126548 0.3954326923076923 0.010999121027762153 0.015625
0 0.489787443140067 0.4651442307692308 0.011083034874895011 0.02283653846153846
0 0.46702083288447255 0.47115384615384615 0.010957164104195654 0.01201923076923077
0 0.47673495905349295 0.5829326923076923 0.013361010258041808 0.01201923076923077
0 0.5285575077730732 0.5949519230769231 0.013444924105174803 0.019230769230769232
0 0.6074089190495771 0.5540865384615384 0.013486881028741165 0.02283653846153846
0 0.54092553750671 0.5216346153846154 0.013444924105174803 0.019230769230769232
0 0.5266982595602764 0.5384615384615384 0.010999121027762016 0.015625
0 0.5130994934020248 0.5060096153846154 0.01584877025902082 0.019230769230769232
0 0.5473826934093672 0.5600961538461539 0.010957164104195654 0.01201923076923077
0 0.5218914093178981 0.6418269230769231 0.007435308720559419 0.019230769230769232
0 0.585886188794472 0.5637019230769231 0.01104107795132865 0.019230769230769232
0 0.5741178575013256 0.48197115384615385 0.013444924105174803 0.019230769230769232
0 0.4641291734196464 0.6358173076923077 0.010999121027762153 0.015625
0 0.5412340636781777 0.6514423076923077 0.010999121027762153 0.015625
0 0.5605767180384574 0.6610576923076923 0.013444924105174803 0.019230769230769232
0 0.6048241016255904 0.6418269230769231 0.01104107795132865 0.019230769230769232
0 0.6028677959897859 0.6802884615384616 0.015764856411887962 0.01201923076923077
0 0.6574298462517436 0.7211538461538461 0.01099912102776229 0.015625
0 0.4922489159892965 0.6766826923076923 0.011041077951328514 0.019230769230769232
0 0.5448546606154498 0.7560096153846154 0.01589072718258732 0.02283653846153846
0 0.5708066288008353 0.6105769230769231 0.01584877025902082 0.019230769230769232
0 0.673527831856221 0.4519230769230769 0.013444924105174803 0.019230769230769232
0 0.6510985611197859 0.6935096153846154 0.011083034874895011 0.02283653846153846
0 0.5083189303113961 0.4050480769230769 0.013444924105174803 0.019230769230769232
0 0.48949374467510215 0.43990384615384615 0.01584877025902082 0.019230769230769232