0 0.6620998788743402 0.7406807079741744 0.013486881028741165 0.022913456884519852
0 0.719723100426018 0.6436535901870529 0.018294573336433473 0.022941427220149427
0 0.7207999947975559 0.5511055132639759 0.018294573336433473 0.022941427220149427
0 0.6800464953116817 0.5412523807957398 0.013444924105174803 0.019307687653750624
0 0.6866015507026604 0.4944123437152768 0.015946669747342285 0.027735134360026947
0 0.6106566265974857 0.51320258015988 0.00753320820888102 0.027686186272675127
0 0.6547501681315419 0.5459132288413767 0.011083034874895011 0.022899471716705068
0 0.6144293814572065 0.6021728581878172 0.018252616412866976 0.019335657989380195
0 0.6440858604269969 0.6360015189393484 0.015806813335454598 0.015715903590796314
0 0.6134503865739902 0.6863074735724326 0.013402967181608307 0.01570191842298139
0 0.602031696310564 0.7379272326249584 0.01104107795132865 0.0192937024859357
0 0.5471208470842002 0.7051536506882949 0.013402967181608307 0.01570191842298139
0 0.4984721968491642 0.5474080390872611 0.011041077951328514 0.019293702485935836
0 0.47131746352154164 0.5051799019650832 0.011041077951328514 0.019293702485935836
0 0.4404162624859476 0.578322395059706 0.013444924105174803 0.019307687653750624
0 0.5521408502056667 0.3770356432722023 0.010957164104195654 0.012082164024397376
0 0.5182352625104221 0.39847446630741057 0.010999121027762153 0.015687933255166604
0 0.478962556859933 0.4679622420839123 0.011083034874895011 0.02289947171670493
0 0.4560560901924505 0.47383899837428706 0.010957164104195654 0.012082164024397376
0 0.46316888710035325 0.585666792615485 0.013361010258041808 0.012096149192212162
0 0.5147117229961575 0.597986704492734 0.013444924105174803 0.019307687653750624
0 0.5945141578734999 0.5575828304152376 0.013486881028741165 0.022913456884519852
0 0.5287860009548285 0.5247463152234076 0.013444924105174803 0.019307687653750624
0 0.5141671250551082 0.5414893272934419 0.010999121027762016 0.015687933255166604
0 0.5013235835210521 0.5089604857935375 0.01584877025902082 0.019321672821565408
0 0.5343480758214021 0.563242816604483 0.010957164104195654 0.012082164024397376
0 0.5069547445282557 0.6448197489892895 0.007435308720559419 0.019272724734213726
0 0.5727676573593742 0.567072348520289 0.01104107795132865 0.0192937024859357
0 0.5629013732679051 0.4852786460343532 0.013444924105174803 0.019307687653750624
0 0.4493323650418921 0.6384744895771189 0.010999121027762153 0.01568793325516647
0 0.5260736286295146 0.6545470149471924 0.010999121027762153 0.01568793325516647
0 0.5451925127307734 0.6642742809050955 0.013444924105174803 0.01930768765375035
0 0.589887436835948 0.6453022372789001 0.01104107795132865 0.0192937024859357
0 0.5870360501640602 0.6837497905726236 0.015764856411887962 0.012110134360027084
0 0.6406470768251794 0.7249298414638411 0.01099912102776229 0.01568793325516647
0 0.4765010840107035 0.6795007036223737 0.011041077951328514 0.0192937024859357
0 0.5272607239999348 0.759128307807315 0.01589072718258732 0.022927442052334775
0 0.5565972173530108 0.6138564449294929 0.01584877025902082 0.019321672821565408
0 0.6630106296822406 0.4558109535755903 0.013444924105174803 0.019307687653750624
0 0.6349591311879064 0.6972506477750735 0.011083034874895011 0.02289947171670493
0 0.4988926081501424 0.4079779695802768 0.013444924105174803 0.019307687653750624
0 0.47925625532489785 0.44272185746852766 0.01584877025902082 0.019321672821565408