0 0.6277605958424282 0.7406807079741744 0.014551230747511678 0.022913456884519852
0 0.6899213083004434 0.6436535901870529 0.019358923055203984 0.022941427220149427
0 0.6953116199533144 0.5511055132639759 0.019358923055203984 0.022941427220149427
0 0.6550062677174489 0.5412523807957398 0.014341218605192005 0.019307687653750624
0 0.6637460409522197 0.4944123437152768 0.0172350930911173 0.027735134360026947
0 0.5869048223470277 0.51320258015988 0.008821631552655763 0.027686186272675127
0 0.6294858669123047 0.5459132288413767 0.012147384593665524 0.022899471716705068
0 0.5865322151441685 0.6021728581878172 0.01914891091288431 0.019335657989380195
0 0.6146201787389287 0.6360015189393484 0.016535052616718487 0.015715903590796314
0 0.5816319318233767 0.6863074735724326 0.014131206462872333 0.01570191842298139
0 0.5678044500911541 0.7379272326249584 0.011937372451345851 0.0192937024859357
0 0.5144060978335694 0.7051536506882949 0.014131206462872333 0.01570191842298139
0 0.4730958588174249 0.5474080390872611 0.011937372451345851 0.019293702485935836
0 0.4479017697085901 0.5051799019650832 0.011937372451345851 0.019293702485935836
0 0.41358344589168017 0.578322395059706 0.014341218605192005 0.019307687653750624
0 0.5347191258615808 0.3770356432722023 0.011517348166706508 0.012082164024397376
0 0.4998052068538167 0.39847446630741057 0.011727360309026179 0.015687933255166604
0 0.4572834336407649 0.4679622420839123 0.012147384593665524 0.02289947171670493
0 0.43409687494202703 0.47383899837428706 0.011517348166706508 0.012082164024397376
0 0.4359999600685794 0.585666792615485 0.013921194320552662 0.012096149192212162
0 0.48698261190187286 0.597986704492734 0.014341218605192005 0.019307687653750624
0 0.568689672591752 0.5575828304152376 0.014551230747511678 0.022913456884519852
0 0.5044740126418596 0.5247463152234076 0.014341218605192005 0.019307687653750624
0 0.4890708790546243 0.5414893272934419 0.011727360309026179 0.015687933255166604
0 0.4777398344893473 0.5089604857935375 0.01674506475903816 0.019321672821565408
0 0.5082434985083987 0.563242816604483 0.011517348166706508 0.012082164024397376
0 0.47704091559017886 0.6448197489892895 0.008331603220576621 0.019272724734213726
0 0.5464950248276176 0.567072348520289 0.011937372451345851 0.0192937024859357
0 0.5404379923612219 0.4852786460343532 0.014341218605192005 0.019307687653750624
0 0.41969862813507064 0.6384744895771189 0.011727360309026179 0.01568793325516647
0 0.4957116524414291 0.6545470149471924 0.011727360309026179 0.01568793325516647
0 0.5143823892926792 0.6642742809050955 0.014341218605192005 0.01930768765375035
0 0.5599736078978712 0.6453022372789001 0.011937372451345851 0.0192937024859357
0 0.5553296322259488 0.6837497905726236 0.016325040474398814 0.012110134360027084
0 0.6070360330745312 0.7249298414638411 0.011727360309026179 0.01568793325516647
0 0.4449627212913454 0.6795007036223737 0.011937372451345851 0.0192937024859357
0 0.4920251464680054 0.759128307807315 0.01695507690135783 0.022927442052334775
0 0.5281398669774621 0.6138564449294929 0.01674506475903816 0.019321672821565408
0 0.6419477089318344 0.4558109535755903 0.014341218605192005 0.019307687653750624
0 0.6026365107810332 0.6972506477750735 0.012147384593665524 0.02289947171670493
0 0.48001440524352834 0.4079779695802768 0.014341218605192005 0.019307687653750624
0 0.4587535186370025 0.44272185746852766 0.01674506475903816 0.019321672821565408