0 0.6816824730428024 0.6098879562012098 0.02362036227361978 0.043735213753682375
0 0.5937792866415056 0.663631399787472 0.0176286782642973 0.02771776526865302
0 0.32441873955885675 0.5138334123651185 0.022618523141471194 0.030514059907528528
0 0.33576315417603975 0.4586184853260792 0.01919490648018355 0.03262356969760273
0 0.185064549320398 0.2826721298430241 0.018648448771738792 0.025412031236064204
0 0.3328543906974409 0.7355023967470863 0.020014593042850547 0.043440877389910565
0 0.4121633823990712 0.7575046846288132 0.017992983403260474 0.032525457576345326
0 0.6219907453110272 0.8152453541004594 0.0181930673480349 0.019402415851449025
0 0.6790440996018728 0.7327049119117134 0.018830601341220516 0.02781587738991056
0 0.8086130063976517 0.6298051135486146 0.022618523141471333 0.030514059907528528
0 0.8083383581351529 0.547362981847209 0.010052834663795807 0.02232140023341682
0 0.9011252205701431 0.6684135226429148 0.021798836578804198 0.019696752215220832
0 0.7181417526483203 0.6654215988597733 0.01606245004841119 0.02281196083970344
0 0.7268657251998664 0.7174967396524949 0.016244602617892775 0.025215806993549597
0 0.7307461426931346 0.8002332077176727 0.014022909033528208 0.027423428904880937
0 0.4129292748358597 0.8149026559573488 0.01662683913214872 0.014496611422499174
0 0.45290040857085273 0.7118559869614883 0.01919490648018355 0.0326235696976026
0 0.45889067317189863 0.6490370729758813 0.018830601341220516 0.02781587738991056
0 0.5683152090729474 0.3748755249621615 0.01338537504034266 0.019009967366419397
0 0.5002430437367431 0.39081963731385144 0.016808991701630305 0.016900457576345326
0 0.3259641975828969 0.3765933797315379 0.01642675518737436 0.02761965314739575
0 0.37113235718122123 0.6574017760028384 0.012820985956605132 0.027325316783623668
0 0.38437286181094454 0.7217904839285629 0.017264373125334267 0.02291007296096071
0 0.6786991452464791 0.7912066941959149 0.016244602617892775 0.025215806993549597
0 0.7042321094996555 0.8601822925649818 0.013203222470861075 0.016606121212573245
0 0.9698004765572237 0.770773010057808 0.018175135972742194 0.03492930373019148
0 0.8727150973641238 0.6087589725254603 0.01864844877173893 0.025412031236064274
0 0.8683542700304757 0.141357964601228 0.018812669965927745 0.043342765268653057
0 0.3862066412479467 0.41495660770573617 0.0190127539107021 0.03021972354375658
0 0.233127799246858 0.5386325899839695 0.01624460261789264 0.025215806993549597
0 0.49629373955885675 0.5278634457049173 0.015789221194188813 0.019206191608934213
0 0.4173382186622799 0.9203775503628074 0.01245668081764196 0.022517624475931634
0 0.3525060980096051 0.8529719442999407 0.009597453240091843 0.01631178484880116
0 0.33695282351077643 0.7895889352086247 0.012638833387123545 0.024921470629777787
0 0.3004425885959333 0.9383086811275623 0.015789221194188678 0.01920619160893394
0 0.0878413967580616 0.5602186452231633 0.0374611187376664 0.06875479650471729
0 0.24425845676880353 0.7485766799604784 0.013840756464046486 0.02501958275103478
0 0.2441867312676322 0.8106842314754492 0.01699114427111182 0.019304303730191482
0 0.2668604679432586 0.8734539902173861 0.015789221194188678 0.019206191608934213
0 0.3221805340074759 0.610404284625829 0.02465806415635418 0.025902591842351032
0 0.4384386300806369 0.5840596923226128 0.018193067348034966 0.01940241585144875
0 0.37983555954092135 0.56733107973303 0.016426755187374225 0.02761965314739575
0 0.6840669684130791 0.5467747058518307 0.013840756464046623 0.02501958275103478
0 0.6334040466128283 0.5402501506051766 0.015607068624707229 0.016802345455088057
0 0.5971462703603616 0.550429828692353 0.010052834663795807 0.022321400233416683
0 0.5655319652213985 0.54307122123197 0.013203222470861075 0.01660612121257338
0 0.5249025273013739 0.49555859162683874 0.015607068624707229 0.016802345455088057
0 0.5317525994405023 0.6490122969879633 0.01699114427111189 0.019304303730191482
0 0.5169637979701858 0.5641908967545466 0.009779605809573292 0.01871563100264745
0 0.7874351918450169 0.7128850732212343 0.017264373125334267 0.02291007296096071
0 0.7852880625783769 0.8106578685588679 0.021052294925585083 0.025608255478578947
0 0.9198453948430532 0.6317180023640083 0.017264373125334267 0.02291007296096071
0 0.7521433919741132 0.76733968091205 0.013658603894565037 0.02261573659718863
0 0.8729359515007442 0.737781767863094 0.009597453240091843 0.01631178484880116
0 0.920703782972859 0.7691542592401035 0.01864844877173893 0.02541203123606441
0 0.6727419045794657 0.6652991074827638 0.02225421800250816 0.02570636759983622
0 0.6301102078034203 0.6701805326559612 0.021052294925585083 0.025608255478578947
0 0.7169922042889991 0.5399064606316515 0.01642675518737436 0.02761965314739575
0 0.7422878024385386 0.5742225140124639 0.012183451963419582 0.01891185524516213
0 0.6078352196090662 0.5023283279935948 0.01762867826429744 0.02771776526865302
0 0.6550372425891672 0.46317980631717215 0.025022369295317485 0.0307102841500432
0 0.2706620628939724 0.6241161974443524 0.0172643731253342 0.02291007296096071
0 0.27534139675806163 0.5755241361393075 0.015789221194188744 0.019206191608934213
0 0.1924969419185569 0.4122835979082017 0.017446525694815716 0.025313919114806866
0 0.5546457708444726 0.7619684885968975 0.013658603894564901 0.02261573659718863
0 0.6322450833278739 0.9032800750796158 0.01338537504034266 0.019009967366419397
0 0.6599803903818455 0.9067385769454577 0.015607068624707229 0.016802345455088057
0 0.6548980498116541 0.8239039967590227 0.012656764762416318 0.009394582751034783
0 0.657573705411446 0.7488696277616703 0.01762867826429744 0.02771776526865302
0 0.564606109815251 0.7042516032827547 0.02585998723327739 0.0260007039636083
0 0.4457563373856558 0.4126506753070644 0.012456680817641824 0.02251762447593136
0 0.35280667316475345 0.3525057629494063 0.018466296202257208 0.023008185082218118
0 0.7297013437690171 0.42388401727582203 0.031869602617892775 0.026491264569894923
0 0.7265316051783823 0.36628982170477165 0.030194366741972962 0.03591042494276486
0 0.2564555818826861 0.5154525599149888 0.017992983403260474 0.032525457576345326
0 0.9312105796520822 0.7186489123874993 0.02225421800250816 0.02570636759983649
0 0.8885057379665889 0.7068015266050309 0.016244602617892775 0.025215806993549597
0 0.9057493409000771 0.5875657625034615 0.017446525694815855 0.025313919114806866
0 0.8098300220333144 0.4567036128498565 0.024658064156354315 0.025902591842350893
0 0.6061585643248697 0.4329111258958285 0.021052294925585083 0.025608255478578947
0 0.33102576796124217 0.31728212285544277 0.0176286782642973 0.02771776526865302
0 0.2949765921032095 0.7873569340415412 0.016426755187374225 0.02761965314739575
0 0.30688539580413 0.7238266575852976 0.012456680817641824 0.022517624475931634
0 0.5117394258059283 0.6844077820686894 0.02585998723327739 0.026000703963608027