0 0.6849471011864803 0.5279106992459107 0.023866616551698937 0.04301897563138423
0 0.5974027424475274 0.5935192721283346 0.017783466667661302 0.027170053763366325
0 0.32728936085760796 0.4770052837705385 0.022787383217868423 0.029797821785230383
0 0.3383030911585133 0.4197871530840953 0.019377838229613732 0.03203372653806314
0 0.18664057670010456 0.26156144525115194 0.01878916550206977 0.02482218807652461
0 0.3370266417517534 0.6997529162703393 0.020260847320929705 0.04285103423037056
0 0.41642709932809885 0.7117391859150464 0.018175915152690656 0.031977746071058494
0 0.6264936806816173 0.742975930205656 0.018298604895782944 0.018812572691909023
0 0.6830334189067551 0.6522685808390326 0.01898538974458438 0.027226034230370837
0 0.811933921233462 0.5316481348258222 0.022787383217868423 0.029797821785230383
0 0.8111738002513214 0.44843554018310733 0.010179479721093489 0.02202647865364682
0 0.9046290671553836 0.5586995998004842 0.021904374126552176 0.01898051409292269
0 0.7217159575987261 0.5792838420214044 0.016189095105708873 0.022306380988669508
0 0.7307424711204837 0.6307426124610788 0.01638531934822341 0.02471022714251566
0 0.7351083613333937 0.7137872657027801 0.01417769743689207 0.02700211236235252
0 0.41753071191768165 0.7695994350083677 0.01670423333383065 0.013948899917212342
0 0.4568756562027019 0.6603890624820336 0.019377838229613732 0.03203372653806314
0 0.46249302146837085 0.5961833152020699 0.01898538974458438 0.027226034230370837
0 0.5702500641149979 0.30522567506780957 0.013490912588090773 0.018588650823891186
0 0.5023045438360915 0.3301071575386863 0.016900457576345326 0.016352746071058633
0 0.3280256976822453 0.3382243252543396 0.016581543590738226 0.027114073296361816
0 0.3748261713524085 0.6159508697604034 0.012975774359968995 0.026946131895348148
0 0.3884395753175088 0.6792609295682949 0.01739101818263195 0.02236236145567388
0 0.6830332205406722 0.7113867334762815 0.01638531934822341 0.02471022714251566
0 0.7089601916387752 0.7777427578448971 0.013294688345576096 0.01618480467004483
0 0.9738742259003046 0.6532003652140237 0.018372139395205194 0.03438159222490465
0 0.8758812237965699 0.5021269014482667 0.018789165502069567 0.02482218807652468
0 0.868769384384952 0.03071948622922645 0.01905892424400663 0.042795053763366266
0 0.38846514476975835 0.36919110899196955 0.01918161398709919 0.02962988038421699
0 0.23618838813155607 0.513823683273813 0.01638531934822362 0.02471022714251566
0 0.49916436085760796 0.4690000769888943 0.015894758741937062 0.018700611757900276
0 0.4225588093575578 0.8755366071786118 0.012583325874939643 0.02213843958765584
0 0.3573608252060226 0.8158356305288372 0.009688919114806866 0.016016863269031435
0 0.3414416872083335 0.7538394547318779 0.012779550117454455 0.024542285741501992
0 0.305825003531092 0.9087229041812888 0.015894758741936927 0.018700611757900276
0 0.09109898906522297 0.5543631268692134 0.0378480897460765 0.06761724183989087
0 0.24855031704389735 0.7243841436033696 0.013981473194377463 0.02459826620850664
0 0.24884445504158645 0.7871080654713876 0.017096681818860003 0.01875659222490465
0 0.27187701937955666 0.8475664353893969 0.015894758741936927 0.018700611757900276
0 0.32562105806406755 0.5748088967373438 0.024798780886685225 0.025102090411547096
0 0.4416680790417321 0.5332091381962054 0.01829860489578308 0.018812572691909297
0 0.3829946501368511 0.5238769698431909 0.016581543590738226 0.027114073296361816
0 0.68695869722138 0.4638728933669606 0.013981473194377259 0.02459826620850664
0 0.6362817037480961 0.4638202268273036 0.01569853449942225 0.016296765604054124
0 0.6001013216973115 0.47877677515059713 0.010179479721093624 0.02202647865364682
0 0.5684588732122821 0.475424574985022 0.013294688345576096 0.016184804670045103
0 0.5275691093411453 0.43268881561600775 0.01569853449942225 0.016296765604054124
0 0.5353197685543919 0.5867588913301797 0.017096681818860003 0.01875659222490465
0 0.5200384585279169 0.5030161392145959 0.009885143357321543 0.018420709422877726
0 0.791255651073502 0.6182722240284643 0.01739101818263195 0.022362361455673947
0 0.789685460401219 0.7172777600721927 0.02119301165591572 0.0249341490105337
0 0.9231240946597642 0.5192304129328646 0.01739101818263195 0.02236236145567388
0 0.7563015713553927 0.6778118871319206 0.013785248951862719 0.022194420054660487
0 0.8768619482769775 0.632382437491995 0.009688919114806866 0.01601686326903171
0 0.924791603988973 0.6578994105150546 0.018789165502069567 0.02482218807652468
0 0.6763372170394213 0.5850168689983448 0.0223949347328388 0.024990129477538075
0 0.6337547711189917 0.5954456273489686 0.02119301165591572 0.0249341490105337
0 0.7198276464051675 0.45269005567544984 0.016581543590738226 0.027114073296361816
0 0.7453132121406539 0.4840783498792872 0.01228898951116756 0.018532670356886608
0 0.6105018016488376 0.42882616339269697 0.017783466667661438 0.02717005376336619
0 0.6574505345143429 0.3832057530092769 0.02519122937171458 0.029909782719239403
0 0.27420812449831217 0.5953008834393881 0.01739101818263202 0.02236236145567388
0 0.27859898906522296 0.5456301740165105 0.015894758741936927 0.018700611757900276
0 0.19483283964205056 0.39148109849285323 0.017587242425146695 0.024766207609520034
0 0.558867272754401 0.6978659718799718 0.013785248951862719 0.022194420054660487
0 0.6372616347641722 0.8305483734200272 0.013490912588090636 0.01858865082389098
0 0.6650039776546601 0.8304627457558467 0.01569853449942225 0.016296765604054124
0 0.6594361643648271 0.7474740729811498 0.012706015618032205 0.008973266208506367
0 0.6616685622640766 0.6713610558659645 0.017783466667661302 0.02717005376336619
0 0.5684828557358684 0.6382999755066869 0.0260007039636083 0.025158070878551743
0 0.44797262588836817 0.35918054718020576 0.012583325874939778 0.022138439587655975
0 0.3547133848607377 0.3104384863539238 0.018592941259555025 0.02241834192267853
0 0.731847273906564 0.3338939457309071 0.03201031934822369 0.025437973213574157
0 0.7283398151631351 0.276145657571595 0.030391370164435962 0.03494139689494975
0 0.25936841820053663 0.48740770885133383 0.018175915152690656 0.03197774607105863
0 0.9349958596979846 0.6055449526033082 0.02239493473283907 0.024990129477538075
0 0.8922417671568756 0.5990908074100043 0.016385319348223685 0.02471022714251566
0 0.9087747506021925 0.4764650063666745 0.01758724242514676 0.024766207609520034
0 0.8121307405742255 0.3566975230679219 0.02479878088668495 0.025102090411547096
0 0.6084170678466815 0.35894668353014497 0.021193011655915993 0.0249341490105337
0 0.3327354762347632 0.27768032767214973 0.017783466667661302 0.027170053763366255
0 0.2994724916372831 0.7570006941539587 0.016581543590738292 0.027114073296361816
0 0.31100136016631014 0.6913131214620493 0.012583325874939778 0.02213843958765584
0 0.5155247058518307 0.6250821355878807 0.0260007039636083 0.025158070878551674