0 0.6816824730428024 0.5576923076923077 0.02362036227361978 0.042067307692307696
0 0.5937792866415056 0.6189903846153846 0.0176286782642973 0.026442307692307692
0 0.32441873955885675 0.49038461538461536 0.022618523141471194 0.028846153846153848
0 0.33576315417603975 0.4338942307692308 0.01919490648018355 0.03125
0 0.185064549320398 0.2692307692307692 0.018648448771738792 0.02403846153846154
0 0.3328543906974409 0.7127403846153846 0.020014593042850547 0.042067307692307696
0 0.4121633823990712 0.7283653846153846 0.017992983403260474 0.03125
0 0.6219907453110272 0.7692307692307693 0.0181930673480349 0.018028846153846152
0 0.6790440996018728 0.6814903846153846 0.018830601341220516 0.026442307692307692
0 0.8086130063976517 0.5673076923076923 0.022618523141471333 0.028846153846153848
0 0.8083383581351529 0.484375 0.010052834663795807 0.021634615384615384
0 0.9011252205701431 0.5985576923076923 0.021798836578804198 0.018028846153846152
0 0.7181417526483203 0.6105769230769231 0.01606245004841119 0.021634615384615384
0 0.7268657251998664 0.6622596153846154 0.016244602617892775 0.02403846153846154
0 0.7307461426931346 0.7451923076923077 0.014022909033528208 0.026442307692307692
0 0.4129292748358597 0.7860576923076923 0.01662683913214872 0.013221153846153846
0 0.45290040857085273 0.6790865384615384 0.01919490648018355 0.03125
0 0.45889067317189863 0.6153846153846154 0.018830601341220516 0.026442307692307692
0 0.5683152090729474 0.33052884615384615 0.01338537504034266 0.018028846153846152
0 0.5002430437367431 0.35216346153846156 0.016808991701630305 0.015625
0 0.3259641975828969 0.35216346153846156 0.01642675518737436 0.026442307692307692
0 0.37113235718122123 0.6310096153846154 0.012820985956605132 0.026442307692307692
0 0.38437286181094454 0.6947115384615384 0.017264373125334267 0.021634615384615384
0 0.6786991452464791 0.7403846153846154 0.016244602617892775 0.02403846153846154
0 0.7042321094996555 0.8076923076923077 0.013203222470861075 0.015625
0 0.9698004765572237 0.6959134615384616 0.018175135972742194 0.03365384615384615
0 0.8727150973641238 0.5408653846153846 0.01864844877173893 0.02403846153846154
0 0.8683542700304757 0.07091346153846154 0.018812669965927745 0.042067307692307696
0 0.3862066412479467 0.3858173076923077 0.0190127539107021 0.028846153846153848
0 0.233127799246858 0.5228365384615384 0.01624460261789264 0.02403846153846154
0 0.49629373955885675 0.49038461538461536 0.015789221194188813 0.018028846153846152
0 0.4173382186622799 0.8918269230769231 0.01245668081764196 0.021634615384615384
0 0.3525060980096051 0.8293269230769231 0.009597453240091843 0.015625
0 0.33695282351077643 0.7668269230769231 0.012638833387123545 0.02403846153846154
0 0.3004425885959333 0.9194711538461539 0.015789221194188678 0.018028846153846152
0 0.0878413967580616 0.5564903846153846 0.0374611187376664 0.06610576923076923
0 0.24425845676880353 0.7331730769230769 0.013840756464046486 0.02403846153846154
0 0.2441867312676322 0.7956730769230769 0.01699114427111182 0.018028846153846152
0 0.2668604679432586 0.8569711538461539 0.015789221194188678 0.018028846153846152
0 0.3221805340074759 0.5877403846153846 0.02465806415635418 0.02403846153846154
0 0.4384386300806369 0.5516826923076923 0.018193067348034966 0.018028846153846152
0 0.37983555954092135 0.5396634615384616 0.016426755187374225 0.026442307692307692
0 0.6840669684130791 0.49399038461538464 0.013840756464046623 0.02403846153846154
0 0.6334040466128283 0.49158653846153844 0.015607068624707229 0.015625
0 0.5971462703603616 0.5048076923076923 0.010052834663795807 0.021634615384615384
0 0.5655319652213985 0.5 0.013203222470861075 0.015625
0 0.5249025273013739 0.45552884615384615 0.015607068624707229 0.015625
0 0.5317525994405023 0.609375 0.01699114427111189 0.018028846153846152
0 0.5169637979701858 0.5252403846153846 0.009779605809573292 0.018028846153846152
0 0.7874351918450169 0.6526442307692307 0.017264373125334267 0.021634615384615384
0 0.7852880625783769 0.7512019230769231 0.021052294925585083 0.02403846153846154
0 0.9198453948430532 0.5600961538461539 0.017264373125334267 0.021634615384615384
0 0.7521433919741132 0.7103365384615384 0.013658603894565037 0.021634615384615384
0 0.8729359515007442 0.6706730769230769 0.009597453240091843 0.015625
0 0.920703782972859 0.6983173076923077 0.01864844877173893 0.02403846153846154
0 0.6727419045794657 0.6141826923076923 0.02225421800250816 0.02403846153846154
0 0.6301102078034203 0.6225961538461539 0.021052294925585083 0.02403846153846154
0 0.7169922042889991 0.484375 0.01642675518737436 0.026442307692307692
0 0.7422878024385386 0.5168269230769231 0.012183451963419582 0.018028846153846152
0 0.6078352196090662 0.45552884615384615 0.01762867826429744 0.026442307692307692
0 0.6550372425891672 0.41225961538461536 0.025022369295317485 0.028846153846153848
0 0.2706620628939724 0.6057692307692307 0.0172643731253342 0.021634615384615384
0 0.27534139675806163 0.5564903846153846 0.015789221194188744 0.018028846153846152
0 0.1924969419185569 0.39903846153846156 0.017446525694815716 0.02403846153846154
0 0.5546457708444726 0.7211538461538461 0.013658603894564901 0.021634615384615384
0 0.6322450833278739 0.8569711538461539 0.01338537504034266 0.018028846153846152
0 0.6599803903818455 0.8581730769230769 0.015607068624707229 0.015625
0 0.6548980498116541 0.7752403846153846 0.012656764762416318 0.008413461538461538
0 0.657573705411446 0.6995192307692307 0.01762867826429744 0.026442307692307692
0 0.564606109815251 0.6622596153846154 0.02585998723327739 0.02403846153846154
0 0.4457563373856558 0.3786057692307692 0.012456680817641824 0.021634615384615384
0 0.35280667316475345 0.32572115384615385 0.018466296202257208 0.021634615384615384
0 0.7297013437690171 0.36658653846153844 0.031869602617892775 0.02403846153846154
0 0.7265316051783823 0.3088942307692308 0.030194366741972962 0.03365384615384615
0 0.2564555818826861 0.49759615384615385 0.017992983403260474 0.03125
0 0.9312105796520822 0.6466346153846154 0.02225421800250816 0.02403846153846154
0 0.8885057379665889 0.6382211538461539 0.016244602617892775 0.02403846153846154
0 0.9057493409000771 0.5168269230769231 0.017446525694815855 0.02403846153846154
0 0.8098300220333144 0.39302884615384615 0.024658064156354315 0.02403846153846154
0 0.6061585643248697 0.3858173076923077 0.021052294925585083 0.02403846153846154
0 0.33102576796124217 0.2920673076923077 0.0176286782642973 0.026442307692307692
0 0.2949765921032095 0.7680288461538461 0.016426755187374225 0.026442307692307692
0 0.30688539580413 0.703125 0.012456680817641824 0.021634615384615384
0 0.5117394258059283 0.6466346153846154 0.02585998723327739 0.02403846153846154