0 0.4799098183490299 0.13545802021250153 0.0323432760702617 0.05085359913711059
0 0.9056343930119026 0.47190448717740546 0.0323432760702617 0.05085359913711056
0 0.387855801995903 0.4243860435575645 0.018058493351022165 0.027324169362935836
0 0.8482845959763173 0.5792059240491384 0.021664262581791258 0.027513139720927445
0 0.6510506225722283 0.46335827418701514 0.02549395368057853 0.032509802386611636
0 0.37206948844958465 0.52307482691356 0.03977873639981821 0.05603923216078636
0 0.21821670674873567 0.4118986675011837 0.018058493351022234 0.027324169362935836
0 0.2396570474625091 0.4346041149144189 0.018058493351022165 0.027324169362935836
0 0.31259225551887576 0.14707209581391287 0.02932364477936594 0.037506465052295615
0 0.8860347798545829 0.38574907716456946 0.029099722911347763 0.03269877274460324
0 0.8209992673515943 0.5082345832009885 0.014284782719239403 0.023529429774174722
0 0.9809966447135486 0.5453954327987787 0.01805849335102203 0.027324169362935836
0 0.40505470477777206 0.12434109435246721 0.039330892663782126 0.04642384754540178
0 0.6615090281200282 0.5334477533645371 0.031727490933211956 0.03763244529095671
0 0.9734359677405927 0.33157910534513213 0.017890551950008635 0.023718400132166605
0 0.9903846153846154 0.3173076923076923 0.014423076923076924 0.028846153846153848
0 0.5374409906439716 0.6756202918959656 0.02166426258179153 0.027513139720927445
0 0.5849317757810211 0.691298060396012 0.021272399312759822 0.019099678182465905
0 0.6548672361105775 0.6997591796248778 0.01850633708705811 0.036939553978320175
0 0.0850437367150301 0.6674980169083375 0.029099722911347933 0.03269877274460324
0 0.20730400775915692 0.6667114706185182 0.021664262581791396 0.027513139720927445
0 0.37113107621989844 0.7088689828819923 0.031503569065194054 0.032824752983264406
0 0.4135670496898045 0.35859011411380604 0.02932364477936594 0.03750646505229555
0 0.3809702045543488 0.276549505096026 0.018058493351022165 0.027324169362935767
0 0.2905790325746192 0.34375166040362554 0.014452724120252934 0.027135199004944092
0 0.18879086466845124 0.08902740145383214 0.03111170579616248 0.024411291444802936
0 0.8887975281529369 0.3163524892996839 0.01850633708705811 0.03693955397832042
0 0.4596945982036127 0.47371254740181495 0.03533326016398132 0.03782141564894859
0 0.6230441757311422 0.4798753574769275 0.02233602818584538 0.04193621664400437
0 0.13797439078460721 0.5168013690287127 0.045926645988270974 0.03358063441523139
0 0.12964969268872156 0.15786729986402667 0.021888184449809438 0.03232083202861982
0 0.15983937774298354 0.18822521657411442 0.018506337087058247 0.03693955397832045
0 0.09685525895507627 0.0458416040425003 0.02887580104332989 0.027891080436911003
0 0.22538202837636012 0.1281137302990343 0.031727490933212095 0.03763244529095678
0 0.3037342641717257 0.18857249243224536 0.03471747502693178 0.02460026180279468
0 0.5492624546660605 0.2086340152372218 0.014900567856289015 0.03675058362032871
0 0.5007839046870154 0.4806619037667469 0.035725123433012894 0.04623487718741014