0 0.46831924302014605 0.12992189499752665 0.032918242868112256 0.050503211465276775
0 0.8610358748985889 0.46157505861174347 0.032918242868111985 0.050503211465276775
0 0.34539902062814376 0.42008328294744474 0.01836701212060058 0.027127952266708825
0 0.7920955025341194 0.569605301840891 0.021972781351369538 0.027274876104080466
0 0.6059481664011369 0.4560001330785043 0.025858566771898513 0.03222949224914455
0 0.31915599238294107 0.5190103299202874 0.04040979751941019 0.0556047514477125
0 0.17613787892430954 0.4095720933602069 0.01836701212060051 0.027127952266708825
0 0.19531049837808392 0.4320392771565951 0.01836701212060058 0.027127952266708825
0 0.2988599434444373 0.14349814156120758 0.029744352192427284 0.03718410839420843
0 0.8503811622668205 0.3756018501882611 0.02946433600266774 0.032376416086516195
0 0.7721172757471712 0.4989142711302079 0.014551230747511678 0.023375259198567953
0 0.9290910247624602 0.5342250738207154 0.018367012120600306 0.027127952266708825
0 0.3942200365355546 0.11967393056364029 0.03984976513989111 0.04598936683232779
0 0.6090994701111622 0.5260055192147861 0.03214819834627337 0.03728205761912293
0 0.9439555913606057 0.32038071535332213 0.018156999978280908 0.02352218303593973
0 0.9652983362850165 0.30558828376509495 0.018367012120600306 0.027127952266708825
0 0.4694093528440012 0.6697057479954102 0.021972781351369812 0.027274876104080466
0 0.5155143083221625 0.6848369117273958 0.021482753019290667 0.018861414565618927
0 0.5849458305939413 0.692485131557607 0.018927044500119523 0.03674333688209357
0 0.015374300227282665 0.6668673190990366 0.029464336002667752 0.032376416086516056
0 0.1383904783580758 0.664651191108135 0.021972781351369743 0.027274876104080466
0 0.29868998041437445 0.7049166099437065 0.031868182156513894 0.03247436531143076
0 0.3781654011309311 0.3539509813387258 0.02974435219242735 0.0371841083942085
0 0.35400951846324946 0.2722467444859063 0.01836701212060058 0.027127952266708825
0 0.25605927561685643 0.34054210932962736 0.01476124288983128 0.02698102842933718
0 0.18047588671512152 0.0868690133953356 0.031378153824434686 0.024060903772969048
0 0.8604510124029492 0.30613518478900875 0.018927044500119523 0.03674333688209344
0 0.4124504052869665 0.4685968873930407 0.0357539675770426 0.03742898145649457
0 0.5760519518433849 0.47285358853337706 0.022812829920648363 0.04169795302715739
0 0.08443097214574166 0.515469895875744 0.04629125907959082 0.033062060660917325
0 0.11377564386872849 0.15643771816294455 0.02225279754112928 0.03208256841177279
0 0.1409417005763251 0.18645926270807178 0.018927044500119592 0.03674333688209344
0 0.09257178546396702 0.044734378999505324 0.029184319812908203 0.027568723778823852
0 0.21316153047525432 0.1255488925412105 0.032148198346273436 0.03728205761912293
0 0.28559249409173365 0.18512467774140023 0.03498392305520399 0.024207827610340724
0 0.530364777499402 0.20232703714421246 0.01532127526935029 0.0365964130447218
0 0.4530357737125917 0.4750697165242786 0.036243995909121876 0.04584244299495611