0 0.46831924302014605 0.11886388298875715 0.032918242868112256 0.04980333728750653
0 0.8610358748985889 0.44094276785107733 0.032918242868111985 0.04980333728750653
0 0.34539902062814376 0.41148882804442644 0.01836701212060058 0.026736022727157513
0 0.7920955025341194 0.5504287493699869 0.021972781351369538 0.026798961663196782
0 0.6059481664011369 0.4413027753453296 0.025858566771898513 0.031669592906928355
0 0.31915599238294107 0.5108917894581528 0.04040979751941019 0.05473690746727737
0 0.17613787892430954 0.4049249288198127 0.01836701212060051 0.026736022727157513
0 0.19531049837808392 0.42691619817531706 0.01836701212060058 0.026736022727157513
0 0.2988599434444373 0.1363594249479513 0.029744352192427284 0.03654022415065986
0 0.8503811622668205 0.35533349400003544 0.02946433600266774 0.03173253184296762
0 0.7721172757471712 0.4802976180015201 0.014551230747511678 0.023067314560349016
0 0.9290910247624602 0.5119130850334007 0.018367012120600306 0.026736022727157513
0 0.3942200365355546 0.11035160651574093 0.03984976513989111 0.04512152285189272
0 0.6090994701111622 0.5111401916789465 0.03214819834627337 0.03658218344135268
0 0.9439555913606057 0.29801273663178585 0.018156999978280908 0.023130253496388285
0 0.9652983362850165 0.282744390602675 0.018367012120600306 0.026736022727157513
0 0.4694093528440012 0.6578918718746488 0.021972781351369812 0.026798961663196782
0 0.5155143083221625 0.6719312318893128 0.021482753019290667 0.018385500124735242
0 0.5849458305939413 0.6779557436270973 0.018927044500119523 0.03635140734254186
0 0.015374300227282665 0.6656075455790502 0.029464336002667752 0.03173253184296735
0 0.1383904783580758 0.660535930942846 0.021972781351369743 0.026798961663196508
0 0.29868998041437445 0.6970220292184585 0.031868182156513894 0.031774491133660376
0 0.3781654011309311 0.34468464722504805 0.02974435219242735 0.03654022415065993
0 0.35400951846324946 0.263652289582888 0.01836701212060058 0.026736022727157513
0 0.25605927561685643 0.3341312618612522 0.01476124288983128 0.026673083791118248
0 0.18047588671512152 0.08255778846027105 0.031378153824434686 0.023361029595198837
0 0.8604510124029492 0.2857268537652291 0.018927044500119523 0.03635140734254213
0 0.4124504052869665 0.45837872439759547 0.0357539675770426 0.03664512237739195
0 0.5760519518433849 0.4588281100108618 0.022812829920648363 0.041222038586273706
0 0.08443097214574166 0.5128103740002172 0.04629125907959082 0.032026246877817445
0 0.11377564386872849 0.15358223151764205 0.02225279754112928 0.03160665397088909
0 0.1409417005763251 0.18293189685210987 0.018927044500119592 0.03635140734254213
0 0.09257178546396702 0.04252277659775143 0.029184319812908203 0.026924839535275247
0 0.21316153047525432 0.12042581355993248 0.032148198346273436 0.03658218344135268
0 0.28559249409173365 0.17823791583214127 0.03498392305520399 0.023423968531238105
0 0.530364777499402 0.18972930194434845 0.01532127526935029 0.03628846840650286
0 0.4530357737125917 0.46389972464706586 0.036243995909121876 0.04505858391585349