0 0.5512642776382476 0.3978033991880625 0.026368574826802497 0.04433285964231633
0 0.5803066557269161 0.39886371413380056 0.02276280559603327 0.04416491824130293
0 0.778893127062912 0.5850662216106541 0.10527807506469546 0.17492759241541941
0 0.5723086333666558 0.8625294334184334 0.02116843403408084 0.03930124546660625
0 0.5355641562101622 0.855795385890107 0.02617235058428782 0.041929013488470175
0 0.4838570846467177 0.8135634507241334 0.018077803031433384 0.030775822994135418
0 0.47757810725233113 0.6775222211638077 0.027079937297438815 0.03837922472470559
0 0.5028924230993039 0.5737913065492198 0.019966510957157898 0.039245264999601605
0 0.5270779536366099 0.6040336581431388 0.021070321912823566 0.0380993223896829
0 0.5660801997785196 0.2837030206172032 0.0331876648033116 0.03986105013665108
0 0.510792134972224 0.16804181682491287 0.023572280187927126 0.03941320640061507
0 0.4511621624766046 0.13221136031258618 0.026883713054924277 0.03597537857085937
0 0.42467050117454386 0.22151919800409695 0.0273742736612109 0.041984993955474684
0 0.48086654942615653 0.21528234682411596 0.025681789978001197 0.03591939810385479
0 0.5431457475618068 0.22444657377611693 0.022272244989746646 0.03815530285668748
0 0.5938718962787608 0.195541125535611 0.01829860489578308 0.018812572691909227
0 0.5912962051381522 0.2378883355629412 0.023572280187927126 0.039413206400615
0 0.3931005953585223 0.5294387414917703 0.015379620513815149 0.027058092829357304