0 0.502094723447592 0.45801505905734313 0.024347533295316026 0.04486611709967155
0 0.5308569331363138 0.4624360247864828 0.020741764064546794 0.04461397715275982
0 0.7067497640766225 0.6699226538915474 0.09730618902383216 0.17706062224483998
0 0.4690665779862763 0.9207807136640629 0.019371952672759544 0.03972223819609702
0 0.4333026902295964 0.9098458526564843 0.024263589137883804 0.0424622709458254
0 0.38677873406516683 0.862012832851508 0.01667430196790102 0.031140683359694228
0 0.396329271267772 0.7265317117550825 0.025339595978658955 0.03894054836402679
0 0.43355074411248185 0.6267215563877968 0.018170029595836468 0.039638191547126396
0 0.4540940854504801 0.659484396069267 0.019329980594043433 0.03852031511917394
0 0.5300785603853616 0.3467152228059852 0.031391183441990315 0.040562704685802586
0 0.4885187471764568 0.22573298860664218 0.0217757988266057 0.03989033149403806
0 0.43337146907998564 0.18332125764348714 0.02525565182122673 0.0365367022101805
0 0.3966536611798684 0.2687083360876959 0.02546551221480688 0.042546317594795886
0 0.453269962031401 0.2690527593585432 0.024053728744303653 0.036452655561210016
0 0.5141483181673175 0.2853583692252729 0.020531903670966647 0.03860436176814443
0 0.5679563192836858 0.26261411408767005 0.017456504257663798 0.019205499239434085
0 0.5604776811440091 0.3042611885351249 0.0217757988266057 0.03989033149403806
0 0.32950236857060883 0.5700466051245409 0.014144539577906666 0.02736682083098402