0 0.5340170120494088 0.3978033991880625 0.02459962450999857 0.04433285964231633
0 0.5629611151204771 0.39886371413380056 0.020993855279229204 0.04416491824130293
0 0.7535873100308551 0.5850662216106541 0.09830054881507959 0.17492759241541941
0 0.5360942893809744 0.8625294334184334 0.019596033752477274 0.03930124546660625
0 0.49969377478608135 0.855795385890107 0.024501675285084144 0.041929013488470175
0 0.44980479104824095 0.8135634507241334 0.016849365311430484 0.030775822994135418
0 0.449078352148267 0.6775222211638077 0.02555667452463558 0.03837922472470559
0 0.47856935624324903 0.5737913065492198 0.018394110675554194 0.039245264999601605
0 0.5014773115517522 0.6040336581431388 0.019547059140020195 0.0380993223896829
0 0.5534518600168912 0.2837030206172032 0.03161526452170804 0.03986105013665108
0 0.5029792710730063 0.16804181682491287 0.021999879906323426 0.03941320640061507
0 0.4449216988589905 0.13221136031258618 0.025458725299721017 0.03597537857085937
0 0.41484299941452174 0.22151919800409695 0.025703598362007085 0.041984993955474684
0 0.47118646019253474 0.21528234682411596 0.024256802222797937 0.03591939810385479
0 0.5329742832401839 0.22444657377611693 0.02074898221694327 0.03815530285668748
0 0.5847814571507404 0.195541125535611 0.017561542263781423 0.018812572691909227
0 0.5804859532021278 0.2378883355629412 0.021999879906323426 0.039413206400615
0 0.37079216636327206 0.5294387414917703 0.014298595320212826 0.027058092829357304