0 0.3713942307692308 0.5562572069730052 0.016826923076923076 0.02972801551678199
0 0.41346153846153844 0.4422737066425887 0.02283653846153846 0.03124488919035784
0 0.31490384615384615 0.3332562041200038 0.018028846153846152 0.043012159482266284
0 0.6009615384615384 0.38076455571932616 0.018028846153846152 0.04781985178995859
0 0.7043269230769231 0.38496279007228107 0.021634615384615384 0.029979975994104315
0 0.7043269230769231 0.305635866995358 0.014423076923076924 0.030803958355043834
0 0.36778846153846156 0.7151000234848431 0.014423076923076924 0.0416212660473516
0 0.5420673076923077 0.6651010715665245 0.009615384615384616 0.019734690185413885
0 0.6021634615384616 0.6174804117538419 0.008413461538461538 0.029287084681467988
0 0.6286057692307693 0.5499888598977999 0.010817307692307692 0.022201526458590484
0 0.5889423076923077 0.5556733030664781 0.010817307692307692 0.02580729568935985
0 0.3713942307692308 0.23293989928069744 0.01201923076923077 0.03668759350099812
0 0.21754807692307693 0.12321417301654992 0.01201923076923077 0.03668759350099809
0 0.3762019230769231 0.4862937080341444 0.016826923076923076 0.02251647705524353
0 0.5649038461538461 0.6651061823761667 0.009615384615384616 0.02574430557002927
0 0.4891826923076923 0.6258053291247623 0.015625 0.030866948474374347
0 0.5372596153846154 0.5848241858900007 0.014423076923076924 0.033207804508890056
0 0.5240384615384616 0.442488231048791 0.016826923076923076 0.03333378474755122
0 0.3713942307692308 0.6151514377422358 0.016826923076923076 0.0345357078244743
0 0.31009615384615385 0.42485431844348 0.013221153846153846 0.030740968235713186
0 0.3485576923076923 0.4661078653941323 0.01201923076923077 0.0378895165779212
0 0.2608173076923077 0.34089845179757217 0.014423076923076924 0.029602035278120827
0 0.5324519230769231 0.3326723002134769 0.014423076923076924 0.01638088143196698
0 0.59375 0.5013348041276173 0.016826923076923076 0.0345357078244743
0 0.5709134615384616 0.5157527702410521 0.01201923076923077 0.02707220888561351
0 0.6045673076923077 0.31927750843825753 0.015625 0.026059256166682074
0 0.5216346153846154 0.1745853651336059 0.014423076923076924 0.029602035278120827
0 0.4675480769230769 0.1954487666573281 0.01201923076923077 0.02707220888561351
0 0.4375 0.5335619811790541 0.016826923076923076 0.028526092439858913
0 0.5829326923076923 0.23868056135543875 0.013221153846153846 0.024731352851097937