0 0.39485307013624116 0.597352404505078 0.018002313775896485 0.02982621051031213
0 0.432365738870027 0.4880237000116277 0.024060903772969083 0.031378153824434755
0 0.3291554583788984 0.368100675813865 0.01974295758984905 0.04311736840390605
0 0.6177598305343663 0.44726163910455735 0.019938856039677908 0.04792506071159836
0 0.7215170120494089 0.462897371799772 0.02281000608358852 0.03010622670007188
0 0.718284687627232 0.3835704487228489 0.01564744223450768 0.03088812549235561
0 0.39771194974982554 0.7557962385166045 0.01608821374662247 0.041705433184663306
0 0.5703256590801261 0.7250814407800029 0.010398978414700175 0.019790801610288174
0 0.6286097522653626 0.6841104893058435 0.009588852237434945 0.02933618217823299
0 0.6523584562725231 0.6195448091187516 0.011698850716537815 0.0222646518115744
0 0.6128419185714331 0.6208404447840046 0.011845774553909321 0.025870421042343425
0 0.3816788993852479 0.27403509681277033 0.01348846914294746 0.03675773278209112
0 0.22303323351828605 0.1472861172020036 0.01348846914294746 0.03675773278209112
0 0.3968202349214145 0.527920882233299 0.0177084661011532 0.02261467204877367
0 0.5932111721541218 0.7276134407582838 0.010643851476986245 0.02580041699490356
0 0.5157269322595078 0.6799339550003404 0.016849365311430622 0.03095812953979541
0 0.5622366677377998 0.6442725784363973 0.015745391459421974 0.03329197164620176
0 0.5431875350092362 0.5004736877607124 0.018149237613268126 0.033431979741081363
0 0.3972528261466452 0.6562466352743086 0.01819821222572534 0.03463390281800444
0 0.32806983661795514 0.4591668134702592 0.014445519157584467 0.03081812144491554
0 0.3682944611279536 0.5046761737575663 0.013537443755404811 0.0379596558590142
0 0.27526481836718886 0.3697581859867625 0.015598467622050331 0.0296862024154324
0 0.5471443068140903 0.39158871609279167 0.01505974688502084 0.01646504856927855
0 0.6154457533185502 0.5670339225122257 0.01819821222572534 0.034633902818004575
0 0.5931479355940413 0.5789249994570217 0.01309667224328975 0.027142348166706506
0 0.6188678945298172 0.38617357432380006 0.01665346686160163 0.026150437232103103
0 0.5298623502774291 0.23230483351198655 0.015598467622050331 0.029686202415432465
0 0.476510431002749 0.24718349753103788 0.01309667224328975 0.027142348166706506
0 0.46017524556769485 0.5819718578835024 0.01795333916343927 0.028624287433389056
0 0.5939030054981106 0.3031827322391129 0.014200646095298398 0.02480850606030029