0 0.40828811867848064 0.5475785818612504 0.01867546860891058 0.030121221832524945
0 0.44319231243433693 0.4326120657414767 0.024762106724025464 0.03177852633315185
0 0.3373174607291942 0.3258976287825291 0.020724641721327906 0.04343345196341955
0 0.6273803350228595 0.36672147301422153 0.021032732643325638 0.04824114427111189
0 0.7313619014822398 0.3685042971418984 0.023483160916602887 0.03048552697148798
0 0.7262784012692743 0.28917737406497535 0.016348645185563927 0.031140992339966367
0 0.4148493498736424 0.706505656869319 0.017041849760059173 0.041958300032274125
0 0.5865094231905064 0.6524342109665201 0.010847748303376373 0.01995937950869557
0 0.6437557360081795 0.6034092428833269 0.01026200707044904 0.029483687839339395
0 0.665961793523016 0.5352997953882603 0.012203716841298182 0.02245430194728252
0 0.626529400176053 0.5419110820154756 0.012434785032796688 0.02606007117805175
0 0.38756900417412116 0.22426127416894276 0.01432991268421501 0.036968455155100166
0 0.22617462273901842 0.11813057707730204 0.014329912684215147 0.0369684551551002
0 0.40862849261720324 0.4775027382607488 0.018213332225913703 0.02290968337098648
0 0.6094229843825443 0.6519056846333682 0.011232861955873611 0.025968994893310955
0 0.5309290122384093 0.6143742598028071 0.017550568262487003 0.03123206862470723
0 0.576541207939349 0.5722696699516371 0.016502690646562793 0.03354483849381259
0 0.5541543491637574 0.4302426629299397 0.018906536800409084 0.03372699106329417
0 0.41206223247295504 0.6064728126304811 0.01898355953090845 0.03492891414021725
0 0.3383634959394622 0.41760808776764596 0.01514672210864085 0.031049916055225644
0 0.37959785269898194 0.4579628774251716 0.014406935414714512 0.03817037823202331
0 0.28353901318965363 0.33480375390355677 0.016271622455064423 0.029939069263043357
0 0.5555587422267665 0.3202301289367541 0.015424372419570176 0.016717915416889512
0 0.6278710696112687 0.48746023841497393 0.018983559530908585 0.03492891414021725
0 0.6058817811852244 0.5024118416712027 0.013713730840219266 0.02735307053971562
0 0.6270579449981551 0.3051501672369223 0.017242477340488997 0.026424376317014782
0 0.5345744341085277 0.1623959693455751 0.016271622455064423 0.02993906926304329
0 0.48164323660448133 0.18452324831275668 0.013713730840219266 0.02735307053971555
0 0.47316152422125823 0.5233386169697378 0.018598445878411078 0.028919298755601865
0 0.6001857839395753 0.2250587711314872 0.014761608456143339 0.02504030067061019