1 0.02650876105846826 0.24080164149147976 0.018339762758393253 0.023008185082218118
1 0.11082026638242978 0.11545854661620346 0.022811268470203316 0.018592941259555094
1 0.1099880365676892 0.155416344518437 0.018339762758393236 0.02300818508221805
1 0.21328584788403343 0.24973083635631177 0.01987787243119854 0.027913989511167695
1 0.09753921594576068 0.4441230641000774 0.023483641661967838 0.02820832587493964
1 0.2807363634983317 0.26356543891792755 0.01576782330660597 0.02040811468585729
1 0.23814774259583055 0.3286898885700405 0.018171669460452122 0.020604338928371827
1 0.2641950870346206 0.3035967713195834 0.020575515614298275 0.020800563170886573
1 0.2020900502881382 0.3316332522077606 0.019709779133257426 0.025510143357321543
1 0.5415278412328643 0.43205626501583966 0.01576782330660597 0.02040811468585729
1 0.5372914421515959 0.5097642389089752 0.02150002875297447 0.03402171701704049
1 0.5284242407019814 0.46938941489987734 0.026475814358608026 0.03681801165591599
1 0.4954339710984947 0.6026310314515764 0.02365173495990902 0.030612172028785932
1 0.5703223351634681 0.8092638869271712 0.02365173495990902 0.030612172028785797
1 0.6117343029803812 0.727312514198135 0.01987787243119854 0.027913989511167834
1 0.6005643353422611 0.6194337736388301 0.02091170221018064 0.025608255478578947
1 0.6234678871364001 0.6876736302815087 0.018675949354275464 0.02781587738991056
1 0.14351441283197972 0.5830066235392803 0.023903874906820624 0.034217941259555164
1 0.16338404858821323 0.5560002207412638 0.02297936176814443 0.02099678741340118
1 0.11491216225777248 0.5369900550087613 0.021079795508121685 0.028012101632425103
1 0.2583442083401014 0.6002263918333987 0.01576782330660597 0.02040811468585729
1 0.30281536218625527 0.5965962433468772 0.01850785605633435 0.025412031236064135
1 0.4952235744928482 0.6860542843655554 0.021079795508121616 0.028012101632425103
1 0.5412751413195127 0.6013066169976438 0.016860429743223413 0.036033114685857286
1 0.22103461293925558 0.4642618167761635 0.019096182599128316 0.03382549277452567
1 0.3235848010562697 0.4268799083806215 0.030417770185259485 0.04192004032738025
1 0.36813176487642907 0.37247465429955884 0.016272103200429308 0.02761965314739575
1 0.6106757631765041 0.5738833864588456 0.019709779133257426 0.025510143357321678
1 0.6597947527073741 0.619433972004913 0.01576782330660583 0.02040811468585729
1 0.6937507188243625 0.7592986526566895 0.016104009902488333 0.025215806993549323
1 0.6693678340150536 0.7044761741026796 0.02091170221018064 0.025608255478578947
1 0.6279564261645803 0.6135714256191422 0.014733993527624004 0.022713848718446037
1 0.645497465774533 0.7088422626816725 0.015238273421447209 0.029925387179984633
1 0.08796613463808131 0.3590808620023109 0.021836215348856765 0.03882940932473279
1 0.06952529191434742 0.40651995710801986 0.018507856056334385 0.025412031236064135
1 0.058043847705240285 0.44976461025541553 0.013868257046583206 0.027423428904881073