1 0.00027109974180746063 0.24158653846153846 0.0005421994836149213 0.021634615384615384
1 0.09278260421016041 0.12379807692307693 0.022909683370986415 0.016826923076923076
1 0.08617131758294519 0.16346153846153846 0.018466296202257277 0.021634615384615384
1 0.17458367953382437 0.265625 0.020032524418143457 0.026442307692307692
1 0.03204323873771464 0.4495192307692308 0.02363829364891272 0.026442307692307692
1 0.23923222820874102 0.2848557692307692 0.015880297478929536 0.019230769230769232
1 0.18771233768696083 0.34615384615384615 0.018284143632775692 0.019230769230769232
1 0.2170870178662666 0.3233173076923077 0.02068798978662178 0.019230769230769232
1 0.15165464537926854 0.34615384615384615 0.019850371848661938 0.02403846153846154
1 0.4725294053505911 0.4735576923076923 0.015880297478929606 0.019230769230769232
1 0.4570851385117962 0.5504807692307693 0.021689828918770495 0.03245192307692308
1 0.45417211680836755 0.5096153846153846 0.026679673795944388 0.03485576923076923
1 0.40226857036405483 0.6394230769230769 0.023820446218394273 0.028846153846153848
1 0.44633529809583006 0.8509615384615384 0.023820446218394273 0.028846153846153848
1 0.4991302566039812 0.7728365384615384 0.020032524418143457 0.026442307692307692
1 0.5037213529998829 0.6646634615384616 0.021052294925585083 0.02403846153846154
1 0.5164677746387634 0.734375 0.01883060134122038 0.026442307692307692
1 0.057353929445994004 0.5913461538461539 0.02409367507261665 0.03245192307692308
1 0.08090114681016593 0.5661057692307693 0.023091835940468 0.019230769230769232
1 0.0357565962202409 0.5432692307692307 0.02123444749506655 0.026442307692307692
1 0.1683310204124659 0.6177884615384616 0.015880297478929536 0.019230769230769232
1 0.21280217425861978 0.6177884615384616 0.018648448771738792 0.02403846153846154
1 0.3899746913323251 0.7223557692307693 0.021234447495066533 0.026442307692307692
1 0.44775949471765014 0.6418269230769231 0.017064289180559775 0.03485576923076923
1 0.1511605623884257 0.4795673076923077 0.019285982764924343 0.03245192307692308
1 0.2579137009145123 0.45072115384615385 0.03064974816567679 0.039663461538461536
1 0.30981582795054846 0.40024038461538464 0.01642675518737433 0.026442307692307692
1 0.5203123293814459 0.6201923076923077 0.019850371848661872 0.02403846153846154
1 0.5622512786301505 0.6694711538461539 0.015880297478929606 0.019230769230769232
1 0.5755427385691991 0.8112980769230769 0.016244602617892775 0.02403846153846154
1 0.5593906316443238 0.7548076923076923 0.021052294925584948 0.02403846153846154
1 0.531638812623336 0.6610576923076923 0.014860526971488115 0.021634615384615384
1 0.5351700175363807 0.7572115384615384 0.015406984679932734 0.028846153846153848
1 0.034903885723541334 0.3641826923076923 0.02205413405773365 0.037259615384615384
1 0.00980837151877602 0.4098557692307692 0.01864844877173883 0.02403846153846154