1 0.002967371621187554 0.24231514873946478 0.005934743242375108 0.022909683370986415
1 0.09567547924741196 0.13153956112604387 0.022516477055243494 0.018466296202257242
1 0.08999103607873364 0.17092979381028306 0.017960745224873478 0.022909683370986415
1 0.18079072208948066 0.28037935812800757 0.019414628779118814 0.027808451963419516
1 0.04254746460113293 0.4545284264299741 0.02302039800988811 0.028081680817641824
1 0.2458886494109606 0.30461932301952016 0.015430918832366162 0.020323684647658744
1 0.19580115332510112 0.3623654248377063 0.017834764986212316 0.02050583721714033
1 0.22464219636161287 0.3416236409252061 0.02023861114005847 0.020687989786621914
1 0.15974346101740883 0.35963313629548277 0.01928864854045772 0.02540460580957343
1 0.4835953545222137 0.5120829607530455 0.01543091883236623 0.020323684647658744
1 0.469948602269672 0.5882774273981961 0.0209315024526948 0.03390914363277576
1 0.4660806509422963 0.5469566613591076 0.025865174999048272 0.03667729492558495
1 0.4172104103622862 0.6735766837008723 0.023146378248549346 0.030485526971488115
1 0.4662203032062582 0.8896689594763731 0.023146378248549346 0.030485526971488115
1 0.5171896609627459 0.815095934581264 0.01941462877911895 0.02780845196341958
1 0.5192530024717286 0.7066496288039646 0.020490571617380864 0.025495682094314222
1 0.5336284217044013 0.7777273115366149 0.018212705702195874 0.02771737567867879
1 0.07117232282781699 0.5990876380491208 0.023335348606540986 0.03409129620225734
1 0.09412973071837452 0.5754866265590703 0.022642457293904624 0.0208701423561035
1 0.0484515429856555 0.5490981129926412 0.02061655185604196 0.027899528248160374
1 0.18276730943331349 0.6340911165070626 0.015430918832366162 0.020323684647658744
1 0.22723846327946734 0.6374609390424717 0.018086725463534643 0.025313529524832637
1 0.40685447674386094 0.7560539945848606 0.02061655185604203 0.027899528248160374
1 0.46275750704670193 0.6794414286748685 0.016249790383663656 0.03594868464765874
1 0.16236694238709923 0.49377520811187053 0.018527656298848713 0.03372699106329417
1 0.2684460129433408 0.47285269103816524 0.029722904707139827 0.04175821608749963
1 0.31916852103214816 0.4260149731970276 0.01580885954834972 0.027535223109197204
1 0.5348047907331139 0.6631803140899594 0.019288648540457788 0.02540460580957343
1 0.5778952727636372 0.7159200590639556 0.01543091883236623 0.020323684647658744
1 0.5945009002210904 0.8595685078356943 0.015682879309688556 0.025131376955351052
1 0.5770287435219352 0.8015298263797165 0.020490571617380864 0.025495682094314222
1 0.5470862035989511 0.7051386141222336 0.014354975994104317 0.022636454516764104
1 0.5528643017448125 0.8021121468387468 0.014732916710087807 0.029847992978302564
1 0.04341399384283476 0.36891865911421323 0.02118346293001716 0.03871683594046807
1 0.019385753923657396 0.41295236291195603 0.018086725463534643 0.025313529524832637
1 0.0047302647606309875 0.45392675518737424 0.009460529521261975 0.02735307053971562