0 0.525756187592939 0.25710476991944264 0.023650299203194 0.039217035878427245
0 0.6069677034401373 0.3187271858052162 0.023335348606540955 0.03320742049381186
0 0.6102431896453274 0.3812271858052162 0.026941117837310184 0.033333336729959924
0 0.7438558431610647 0.3439027230078213 0.020490571617380864 0.024710014797918234
0 0.45720223532517024 0.7346001785488221 0.029093003513834013 0.02860958857969984
0 0.33893885728629114 0.30936741225153863 0.027634009149946584 0.046554490576113765
0 0.37530127857135215 0.3622253227632802 0.02124645304934771 0.039133091720995154
0 0.44933703162450667 0.2640339414970005 0.018527656298848647 0.033039532178947686
0 0.48474949030996695 0.3216575722377183 0.013719963991156338 0.03287164386408351
0 0.5045999391147578 0.3799374890320506 0.019477618898449397 0.028273811949971354
0 0.5426375395735339 0.5792201545348272 0.015173847545401742 0.03772130825049193
0 0.5113824287638918 0.6009234468710326 0.017451713460586733 0.03540140625407773
0 0.6748881745098181 0.9737485578554193 0.021057482691355964 0.03552732249022593
0 0.44438623664683585 0.9021139119011641 0.018527656298848647 0.033039532178947825
0 0.9239774379837284 0.530151219723961 0.018779616776170974 0.03784722448663999
0 0.8085979334087552 0.5033273337843984 0.020679541975372747 0.028315784028687466
0 0.7918851085475835 0.2759959839310727 0.02289441777122702 0.02479395895535032
0 0.969361118358363 0.41176371141644313 0.020679541975372747 0.028315784028687466
0 0.9963942307692307 0.609375 0.002403846153846154 0.036057692307692304
0 0.6954384154392783 0.4501870563886764 0.014795906829418252 0.03050976978895347
0 0.9028178686982962 0.10351049949498475 0.022957407890557464 0.025995882032273397
0 0.23992311171196745 0.9381639451312354 0.023083388129218625 0.028399728186119414
0 0.541970202309108 0.45202616877456137 0.019598488327468536 0.05347222448663999
0 0.6789008889107978 0.5695818945853792 0.021057482691355964 0.03552732249022593
0 0.3428663483269809 0.5674450971602718 0.023083388129218625 0.028399728186119553
0 0.6382635711281506 0.9616720878016303 0.016627731099647144 0.04257097263690021
0 0.6475521231239725 0.726850662141596 0.01947761889844967 0.02827381194997149
0 0.6330048559646256 0.15167514531875068 0.023461328845202117 0.03561126664765801
0 0.4668057379176452 0.5057883682734031 0.01827569582152632 0.02823183987125538
0 0.42150549090090966 0.5341995341265544 0.02358730908386328 0.038015112801504033
0 0.4299666101297755 0.604078960902957 0.019288648540457788 0.024668042719202123
0 0.6131935036345804 0.48330670318624563 0.01865363653750981 0.03544337833279384
0 0.7459294062893318 0.40636075092910534 0.017325733221925568 0.032997560100231575
0 0.755034098736804 0.1451389896554794 0.016695832028619753 0.020978329331000873
0 0.386825149601597 0.032703806498619016 0.01789775510554283 0.021020301409716908
0 0.4747357217400304 0.40528852267774124 0.019099678182465905 0.02106227348843303
0 0.29247412326375266 0.45291136101700896 0.010560236405343272 0.0183646227835745
0 0.8759567338128684 0.2777321063642727 0.01865363653750981 0.03544337833279384
0 0.9396637676994335 0.25716206015340054 0.01694779250594208 0.02578602163869318
0 0.6736454945545238 0.30905839144408387 0.020679541975372473 0.028315784028687466
0 0.5371778424303421 0.3834745813112299 0.02548723428306478 0.02848367234355164
0 0.49293143460967453 0.22596541894974861 0.019855559614432885 0.03548535041150988
0 0.5226696717457405 0.1982105391502119 0.019729579375771723 0.03308150425766366
0 0.4980949639911563 0.04978639158664881 0.02479434297042852 0.015262518497397775
0 0.8141700683640731 0.19759244658590264 0.01119013759864902 0.03038385355280527
0 0.7961105573523745 0.33373026370209646 0.01827569582152632 0.02823183987125538
0 0.527601554289703 0.7730502793433289 0.009605162996100428 0.04592490939537332
0 0.5657021448678099 0.9735348679230286 0.020679541975372473 0.028315784028687466
0 0.31077703353711494 0.6419070886449443 0.013845944229817535 0.035275490017929526
0 0.4062856460687291 0.7016293233214643 0.011442098075971349 0.03519154586049758
0 0.7523595092706928 0.5061623383924367 0.006503314719975715 0.05541437777460974
0 0.8918762411709529 0.37546562430348634 0.023083388129218625 0.028399728186119414
0 0.8440189533098741 0.24062511208867932 0.01119013759864902 0.03038385355280527
0 0.6078921119915276 0.427934297490352 0.029093003513834013 0.02860958857969984
0 0.5883396209508379 0.1693109755583103 0.00853433096748054 0.025492217087680877