0 0.5104380112495819 0.21527903289676836 0.022082155902657163 0.03946918686761951
0 0.5878777148313306 0.27053453331070626 0.022012227696713182 0.03345957148300419
0 0.5871504614895128 0.33303453331070626 0.025617996927482276 0.033627512884017656
0 0.7234572666234285 0.2846414328468895 0.019510482054545156 0.024934149010533632
0 0.4110937547740605 0.7004147400923505 0.027965900516573328 0.02893178151033464
0 0.31984886867748435 0.2830181774527111 0.02577183898055922 0.046848666730171504
0 0.35290133226021203 0.3331334166842772 0.019678309748810872 0.03935722593361062
0 0.43340304919699457 0.22847716740044136 0.017204535389020875 0.03323564961498615
0 0.46519764713804385 0.28345607940670436 0.012396843081328431 0.03301172774696818
0 0.4813532594379044 0.3403646605609489 0.01835051590118871 0.028483937774298286
0 0.5066898594109825 0.537394417512153 0.013654708723006746 0.03787540052166486
0 0.4739722091514722 0.5617424285828131 0.016030583594475283 0.035583515301827726
0 0.6139233721784675 0.9228132340807339 0.01963635282524451 0.0357514567028414
0 0.3875011496230126 0.8696916192676625 0.01720453538902074 0.03323564961498622
0 0.8920324973681849 0.45698066807071125 0.01726047795377584 0.038043341922678525
0 0.7781155322430799 0.43946227397460075 0.019552438978111788 0.028539918241302795
0 0.7759511261200713 0.21252273430415725 0.021914328208391308 0.025046109944542587
0 0.9451137537947576 0.33438120029720975 0.019552438978111517 0.028539918241302933
0 0.9704643394090247 0.5302090341714908 0.01840645846594395 0.03329163008199059
0 0.6681120204548978 0.39533363078516914 0.013570794875873888 0.030663862060126536
0 0.8981993230671332 0.03024199529601436 0.02192831384958046 0.026248033021465722
0 0.18026689730944637 0.9225894903616682 0.021956285131957874 0.02865187917531168
0 0.5141819527616112 0.4097106690232843 0.017442291289230437 0.053668341922678525
0 0.643876917874479 0.5165895673505625 0.01963635282524451 0.0357514567028414
0 0.307226571206507 0.5418794827272087 0.021956285131957805 0.028651879175311954
0 0.5779915506414744 0.9136753403985615 0.014912574364685063 0.04273907329636181
0 0.6023673516990953 0.6770907689155573 0.01835051590118871 0.028483937774298286
0 0.6246914738285323 0.10064186899834485 0.022040198979090667 0.035863417636850345
0 0.43539962762573725 0.46983978399396176 0.017148592824265636 0.028427957307293913
0 0.38817498659601724 0.5020710991302144 0.022068170261468286 0.038267263790696567
0 0.3921715117147589 0.5715587157237348 0.018308558977622215 0.024878168543529054
0 0.5835578358346183 0.4353099557831768 0.01723250667139836 0.03563949576883237
0 0.7215280902046876 0.347197413313894 0.0160026123120978 0.03317966914798157
0 0.7474134984453854 0.08411455367157757 0.015862755900209562 0.02116043837875087
0 0.3855935374332869 0.005934624372600298 0.01706467897713264 0.011869248745200596
0 0.44979557533175074 0.3682624603953737 0.018266602054055718 0.021272399312759822
0 0.26407006763210067 0.43096999077560605 0.009825169233216694 0.018476689889882235
0 0.8600997271458757 0.20740217853691878 0.01723250667139836 0.035639495768832304
0 0.9252693004823092 0.181542694857137 0.0159186984649648 0.02596813068644318
0 0.6553252635509109 0.25538039638922316 0.019552438978111517 0.028539918241302864
0 0.5137772112324499 0.34125703410567343 0.024360131285804096 0.028763840109320975
0 0.479537652279302 0.18668644811580862 0.018434429748321435 0.03569547623583681
0 0.5111233076678333 0.1563848021275376 0.01840645846594395 0.03329163008199066
0 0.49601661845713313 0.009331990204062226 0.024206289232727256 0.015542686263167037
0 0.8033164861308403 0.13196424095313503 0.009965025645104656 0.030495920659112972
0 0.776481738419932 0.27015906152946045 0.017148592824265636 0.028427957307293913
0 0.4791838009230117 0.733281545780786 0.007742992826712963 0.046008959725103986
0 0.504506415254901 0.9315132258089132 0.019552438978111788 0.028539918241302933
0 0.27028778350392 0.6192800505834976 0.01242481436370605 0.03541557390081413
0 0.3621785352911232 0.6714599392395353 0.010020968209859897 0.035303612966805314
0 0.7215692050629401 0.44690104823150484 0.004249108725454347 0.05545640293947507
0 0.8697841979018902 0.3042541235646474 0.02195628513195767 0.028651879175311815
0 0.8304712194584629 0.1727439979043391 0.009965025645104656 0.030495920659113003
0 0.5817973291754571 0.38013345517872427 0.027965900516573328 0.02893178151033437
0 0.5787946266464346 0.12199989597528528 0.007505236926503263 0.025576267417411643