0 0.5299464369912964 0.20629398638441526 0.024324108151673476 0.03984794761052909
0 0.6121897227908542 0.26018173967117997 0.023903874906820624 0.0338383322259137
0 0.6165601485373234 0.32268173967117997 0.027509644137589852 0.034069400417412105
0 0.7494358235156613 0.2719108634324313 0.02091170221018064 0.025270825226453162
0 0.4698150965795225 0.6930709901326053 0.02957730369555378 0.02941575357071877
0 0.34416087663700795 0.27735780857256354 0.028434157276266185 0.04729055426356592
0 0.3814287286965884 0.3268838644262705 0.02192026199782732 0.039693902149530086
0 0.45369573325998397 0.22083882575176647 0.019096182599128316 0.03353024130391576
0 0.4900978488385236 0.27524959664366516 0.014288490291436008 0.03322215038191782
0 0.5109590110660338 0.33186358610898026 0.019961919080169165 0.028799571726723025
0 0.5524709389154079 0.5284093709997999 0.015826599964241312 0.03810686542010963
0 0.5216159021689256 0.5533255231848243 0.01806235282014649 0.03585706472726248
0 0.6915649459846878 0.9118712570633485 0.02166812205091572 0.036088132918760715
0 0.4599470120507863 0.8627266300508266 0.019096182599128316 0.03353024130391556
0 0.9327158977843231 0.44126209723996695 0.019432369195010544 0.03833793361160814
0 0.81693631914619 0.42574271817587894 0.02116384215709224 0.02887659445722239
0 0.7962438101830609 0.19888734755941534 0.023315548364026793 0.025424870687452163
0 0.9759939251949589 0.31775781213618176 0.02116384215709224 0.02887659445722239
0 0.7029134834614736 0.38354996322798474 0.015322320070418107 0.03089532695857117
0 0.9040812604766955 0.014502382201775231 0.023399595012997147 0.026626793764375215
0 0.2562419221829574 0.9192437704659676 0.023567688310938396 0.02903063991822126
0 0.5495716095091433 0.4006204111934564 0.020524975631627848 0.05396293361160814
0 0.6884816098969918 0.5052057027997825 0.02166812205091572 0.036088132918760854
0 0.35261552155029485 0.5363874519550209 0.023567688310938396 0.02903063991822126
0 0.6547508338362604 0.9033646312860252 0.01736470963704689 0.04299158045830144
0 0.659912306022645 0.6664012990601115 0.019961919080169165 0.028799571726723025
0 0.635278961165744 0.08967884971746438 0.0240719682047616 0.03624217837975982
0 0.4753968020107599 0.46211727329130703 0.01875999600324609 0.028722548996223524
0 0.4306229682350241 0.4951692367038636 0.024240061502702852 0.03864602453360601
0 0.44030536618300914 0.5645726842434041 0.019709779133257426 0.025193802495953797
0 0.6213002675459754 0.42499924667064054 0.01926427589706936 0.035934087457761985
0 0.7526043261852078 0.3344878861629308 0.01789425952220551 0.03345321857341633
0 0.7571186951711628 0.07100522351420994 0.017053793032499806 0.021433987804185525
0 0.38716205407583676 0.0026309890038896796 0.018255716109422747 0.005261978007779359
0 0.4815580373433862 0.3603084847942743 0.019457639186345688 0.02158803326518443
0 0.30024398270090785 0.4262565237527324 0.010876084349943103 0.018645027997841897
0 0.8802943789187057 0.19229383334752878 0.019264275897069565 0.035934087457761915
0 0.943601338742111 0.16529806743901856 0.01738997962838176 0.02624168011187785
0 0.6786569486088407 0.24384923599397845 0.02116384215709224 0.02887659445722239
0 0.543579027440898 0.33218781853934043 0.02597153446478455 0.02918468537922026
0 0.49659527076703225 0.17824850045432478 0.020466198973992506 0.03601111018826135
0 0.5258281511917386 0.1473997556151845 0.020298105676051392 0.03360726403441523
0 0.49866349029143603 0.004311650573585995 0.02504702132610822 0.00862330114717199
0 0.8171390390433112 0.11786592441150373 0.011716550839648877 0.030664258767072735
0 0.8014799724105711 0.2565026325212235 0.01875999600324609 0.028722548996223455
0 0.5408461114332549 0.7247383868018274 0.01040531112242003 0.04613521330607394
0 0.5824420859315995 0.9224860947695702 0.02116384215709224 0.02887659445722253
0 0.32185276812774816 0.6144192877161591 0.014456583589377257 0.035625996535763975
0 0.41835103755244174 0.6649789220830838 0.012052737435531103 0.035471951074765244
0 0.7607821211266876 0.4341704788170467 0.007471915083415253 0.05551952972996004
0 0.8979194651776292 0.28895639800380274 0.023567688310938396 0.029030639918221395
0 0.8477249025265119 0.15816170930232343 0.011716550839648877 0.030664258767072735
0 0.6150302755394832 0.36986483059317793 0.02957730369555378 0.02941575357071877
0 0.5909506306261962 0.11183648270721375 0.008976518089920223 0.02570252099838149