0 0.4704818688183516 0.06980550168479385 0.021598752634029703 0.03259474638352904
0 0.7897616348645854 0.3447190563121411 0.01835728854222378 0.03715029874430961
0 0.7061928279719841 0.4218519698744245 0.009943827003762241 0.03656197220151579
0 0.45837581998920984 0.3086855140629042 0.020779066071362706 0.021777438691221354
0 0.21557368530028526 0.5806134527692566 0.01753760197955651 0.026332991052001924
0 0.5437151972673016 0.4622125146295458 0.020050455793436363 0.012162054075836738
0 0.5925329843643373 0.13376836135003362 0.020779066071362706 0.021777438691221354
0 0.4831759157396301 0.1257075597573845 0.012838917331897903 0.011657774182013329
0 0.48753532366500146 0.5180975393857664 0.017173296840593474 0.021525298744309616
0 0.6625262681297577 0.6109823628711655 0.017537601979556647 0.026332991052001924
0 0.5702084602689345 0.2537420357617299 0.029192527609824246 0.02236576523401532
0 0.8845342441885801 0.49516983753317206 0.005154066071362706 0.02068483225460391
0 0.608784684023613 0.5555340447097279 0.021598752634029567 0.03259474638352904
0 0.676489705404301 0.36472271873357565 0.013567527609824244 0.021273158797398013
0 0.5466282189707301 0.42092689676930833 0.023656225024205595 0.012414194022748477
0 0.48846259847942564 0.4346605671842507 0.002367983403260473 0.03125
0 0.3849108030697296 0.20024326387654545 0.017173296840593474 0.02152529874430968
0 0.5532144771812695 0.07731148340094926 0.013931832748787279 0.02608085110509026
0 0.5296356552913417 0.3242435007303037 0.013567527609824107 0.021273158797398013
0 0.5636580648089808 0.5659393558321478 0.013931832748787416 0.02608085110509032
0 0.8081576249739478 0.5077603615288268 0.005518371210325877 0.025492524562296354
0 0.7052834845328528 0.4895798954269696 0.020414760932399537 0.016969746383529046
0 0.5325529352196001 0.5221993518353939 0.006338057772992874 0.03630983225460391
0 0.26314001341934923 0.5386219550509543 0.01717329684059334 0.021525298744309616