0 0.4686907286477747 0.09139305953498893 0.021050874464206205 0.03169760112222226
0 0.7827867243179861 0.38015629413376006 0.017725121423196717 0.03642136821949785
0 0.6979746554246317 0.45313991086249944 0.009311659884734907 0.036225542728525593
0 0.45243344907035493 0.32887128244230734 0.020420838037247188 0.020880293429914494
0 0.2051850723109397 0.5885756169633546 0.017095084996237568 0.02560406052719016
0 0.5349912910247274 0.48581864931768115 0.019860805657728246 0.01126490881452988
0 0.5894775099557064 0.1607948623469012 0.020420838037247188 0.02088029342991451
0 0.4803943804159108 0.14768761865940133 0.012649267196189785 0.011097058393696594
0 0.47790531121848845 0.538900095132318 0.01681506880647796 0.020796368219497853
0 0.6510629710380661 0.63957886807532 0.01709508499623743 0.02560406052719016
0 0.5650879066048149 0.2793106757089739 0.028834299575708728 0.021076118920886754
0 0.8748199427928633 0.5344760142941767 0.004795838037247462 0.020516617518108952
0 0.5983539265596656 0.5818316151817837 0.021050874464206205 0.03169760112222219
0 0.6693040724846926 0.39483315656618534 0.013209299575709 0.02071244300908121
0 0.5386207687963867 0.4448133893516021 0.023466574888497477 0.011348834024946523
0 0.48028657040667494 0.4557995524037924 0.001820105233436974 0.03125
0 0.3809492224571597 0.21740116699903814 0.01681506880647796 0.020796368219497853
0 0.5511915424003827 0.10271190861169827 0.013489315765468336 0.025520135316773516
0 0.8939270445001195 0.015300190264636006 0.01681506880647823 0.020796368219497877
0 0.5233350563383715 0.347681420681944 0.013209299575708728 0.02071244300908121
0 0.553100873921228 0.5901062063086 0.013489315765468336 0.025520135316773516
0 0.7983168901544258 0.543477957244604 0.00507585422700666 0.025324309825801257
0 0.6958852666966497 0.5205874785208862 0.02014082184748772 0.01607260112222219
0 0.5227964893492817 0.5450765559987175 0.005705890653965677 0.03614161751810895
0 0.2534257120236326 0.5489391255559828 0.016815068806478026 0.020796368219497853