0 0.46749872431076755 0.12641465748073422 0.020686261372886497 0.03225784190928927
0 0.778144919193876 0.437646293878464 0.017304414010135032 0.036876563858989866
0 0.6925054590548343 0.5038984865864627 0.008890952471673494 0.0364356330236758
0 0.44847879938757834 0.3616187506513159 0.020182437169845767 0.021440534216981614
0 0.19827144715629824 0.6014926738680191 0.016800589807094646 0.026059256166682178
0 0.5291855287244807 0.5241149940843274 0.019734593433809684 0.011825149601597
0 0.5874440907925764 0.2046400836711849 0.020182437169845767 0.021440534216981548
0 0.478543267798441 0.18334597293143287 0.012523054972271224 0.01144720888561351
0 0.47149653495952065 0.5726481804254907 0.016576667939076535 0.02125156385898987
0 0.6434341432812203 0.6859711147047489 0.016800589807094576 0.02605925616668204
0 0.5616801765590179 0.32079080210705146 0.028595898708307307 0.02188146505229555
0 0.868355072212154 0.5982426121122739 0.004557437169845768 0.020621662665684052
0 0.5914122542441534 0.6244942890429643 0.020686261372886497 0.03225784190928924
0 0.6645220315562288 0.4436814633112898 0.012970898708307307 0.021062593500998126
0 0.5332918082309429 0.48356456006559567 0.023340362664579055 0.012014119959588608
0 0.4748454211977482 0.49009342883378193 0.001455492142117265 0.03125
0 0.37831278933530865 0.24523651497669544 0.016576667939076535 0.02125156385898987
0 0.5498452786785865 0.1439191394413674 0.013194820576325346 0.025870285808690364
0 0.8935063370870583 0.08279636085098144 0.016576667939076535 0.021251563858989835
0 0.5191420057881934 0.38570486988018177 0.012970898708307307 0.021062593500998126
0 0.5460750601231035 0.6293122029699407 0.013194820576325346 0.02587028580869016
0 0.7917678780911042 0.6014227829366553 0.004781359037863808 0.02542935497337636
0 0.6896307498224712 0.5708912282975022 0.019958515301827726 0.016632841909289306
0 0.5163035716077015 0.5821903533022605 0.0052851832409044 0.036246662665684055
0 0.24696084144292327 0.5656767204183649 0.016576667939076604 0.02125156385898987