0 0.4488281294589855 0.5809581907041289 0.016884802386611632 0.024220274873916
0 0.6049384771950236 0.23800368812126257 0.02169249469430394 0.024276217438671237
0 0.42340043488923457 0.309785101478744 0.025613214521725942 0.030327789746852983
0 0.4485573861467203 0.2194031148093036 0.009358313328420263 0.018126745642167756
0 0.668865146297433 0.3934145496499344 0.02169249469430394 0.024276217438671237
0 0.656747149741377 0.2349984593962979 0.012964082559189358 0.018168702565734184
0 0.5165342057212297 0.664253667617416 0.016884802386611632 0.024220274873916134
0 0.6810256897342511 0.45933850554524913 0.013279033155842402 0.024178317950349502
0 0.5227037870096096 0.24857009633748584 0.016569851789958588 0.018210659489300614
0 0.8455478386051253 0.39135866039518025 0.013279033155842402 0.024178317950349502
0 0.7264416953703636 0.44079219066741726 0.013279033155842402 0.024178317950349502
0 0.5648187523923217 0.17841101735790568 0.013279033155842402 0.024178317950349637
0 0.5141745668517712 0.29671694762035294 0.021377544097650896 0.018266602054055853
0 0.5662300890658049 0.2660814737673463 0.024983313328420263 0.018308558977622215
0 0.5521628492165175 0.44282010863979376 0.016884802386611632 0.024220274873916
0 0.4891656994751405 0.2009127424962269 0.025613214521725942 0.030327789746852983
0 0.6043187976210019 0.29566802453119273 0.017199752983264406 0.030229890258531383
0 0.7269302838960819 0.36270914759098366 0.02169249469430394 0.024276217438671237
0 0.7225363079718677 0.515311421436648 0.01296408255918963 0.018168702565734114
0 0.6949090700351888 0.3090281927239205 0.016884802386611632 0.024220274873916
0 0.33451600650661545 0.2867955630294427 0.021377544097650896 0.018266602054055853
0 0.39574598250071963 0.2644616655853872 0.013279033155842402 0.024178317950349568
0 0.6270719027246415 0.20531400914412987 0.022007445290956714 0.030285832823286556