0 0.48639230059244387 0.5893285025175135 0.01590471282377606 0.024129365129257715
0 0.6206415323409774 0.24878649582071038 0.0207124051314683 0.02415733546488729
0 0.4435680841453127 0.3174631318639539 0.02438810256818158 0.03018792860122492
0 0.46295185336384476 0.2274377750211489 0.008623246156293618 0.018077794241197973
0 0.6945750503109066 0.4054560508551543 0.020712405131468232 0.024157335464887426
0 0.6722962533662922 0.24668333077488233 0.012229015387062848 0.018098771992920086
0 0.5594866800910447 0.6738826729365726 0.015904712823776198 0.024129365129257854
0 0.7109692605762908 0.47165272367671973 0.012298943593006694 0.024108387377535605
0 0.5390226482397187 0.2579263847303919 0.015834784617832078 0.01811974974464233
0 0.8712577426185989 0.40648396068954185 0.012298943593006694 0.024108387377535605
0 0.7552306298046125 0.4538826031274473 0.012298943593006694 0.024108387377535605
0 0.5766730195123065 0.1884386089538902 0.012298943593006829 0.02410838737753547
0 0.5335724585026554 0.305968344887778 0.020642476925524386 0.018147720080271903
0 0.5837035867037046 0.27621395648881186 0.024248246156293618 0.01816869783199415
0 0.5809517836507664 0.45286867846087453 0.01590471282377606 0.024129365129257715
0 0.5024055302844742 0.20963968413624692 0.02438810256818158 0.03018792860122492
0 0.6237166892718862 0.30649278868083285 0.01597464102972004 0.0301389805138731
0 0.7507157938965712 0.37573662537572505 0.020712405131468232 0.02415733546488729
0 0.7560977395583184 0.528401833896678 0.012229015387062848 0.01809877199292022
0 0.7152306708123057 0.32144730198087207 0.015904712823775924 0.024129365129257715
0 0.35314414055230586 0.2929002265324375 0.020642476925524386 0.018147720080271903
0 0.41298855285706126 0.27161524034319207 0.012298943593006829 0.024108387377535536
0 0.6406966123365722 0.21645344667021307 0.020782333337412348 0.030166950849502674