0 0.4454053325416444 0.5558063920691699 0.01702508094879763 0.025039757034954792
0 0.6035076358607252 0.2056026242155761 0.021832773256489937 0.025347847956952663
0 0.42156278572459654 0.2867135267910373 0.025788562724458713 0.031588531533066413
0 0.44724578159028017 0.1952599096033154 0.009463522250059761 0.018568005267342532
0 0.666522494308925 0.35723126038560743 0.021832773256489937 0.025347847956952663
0 0.6553303362632974 0.19988680065025238 0.013069291480828856 0.018799073458840902
0 0.5126204338362371 0.6353196436238165 0.01702508094879763 0.025039757034954792
0 0.6782972716997313 0.42233573411988345 0.0134193117180284 0.024808688843456286
0 0.5212168342504369 0.2204555545049252 0.016675060711598223 0.019030141650339408
0 0.8432051866166173 0.34590891900218423 0.0134193117180284 0.024808688843456286
0 0.7238184862574835 0.4014570469375566 0.0134193117180284 0.024808688843456286
0 0.5637386074634887 0.14827928866740347 0.0134193117180284 0.024808688843456286
0 0.5124070569682262 0.26891759123434567 0.02148275301929053 0.01933823257233728
0 0.5646379273849925 0.23563455963029067 0.0250885222500599 0.01956930076383565
0 0.5495396401036372 0.4126253428599809 0.01702508094879763 0.025039757034954792
0 0.48795930384034 0.17468931334298649 0.025788562724458713 0.03158853153306648
0 0.6025512877374569 0.2631408864468848 0.017375101185997173 0.031049372419570176
0 0.7247629801103066 0.32356311512905506 0.021832773256489937 0.025347847956952663
0 0.7194782353162105 0.4759762777067874 0.013069291480828856 0.018799073458840902
0 0.6930573930143322 0.2717102358520015 0.01702508094879763 0.025039757034954792
0 0.3328186359041635 0.26845177004003656 0.02148275301929053 0.01933823257233728
0 0.3941748626042353 0.24296601813044733 0.0134193117180284 0.024808688843456286
0 0.6258304374492943 0.1718413147201619 0.022182793493689415 0.03135746334156805