0 0.5630788117528455 0.49284185391196467 0.04468608052928994 0.044545797143518445
0 0.33165418664281243 0.841236639020156 0.0407722203765227 0.03942264090484325
0 0.26909330542067533 0.8744404452986461 0.030263003606213017 0.04328394141958688
0 0.19721083140244525 0.9588011706665237 0.03647324657125823 0.028289869281552662
0 0.26365513216628095 0.9404410598857543 0.033868772836982246 0.04359940535056977
0 0.5175510084050297 0.8260752995002837 0.021541451145753607 0.037740166606267916
0 0.39305972690745744 0.826061678895512 0.02995491268421501 0.038476249111894574
0 0.36467570944430044 0.8163264289861103 0.024145924880029587 0.022430630537250806
0 0.2783913870857815 0.40871050866410197 0.033560681914984375 0.038791713042877464
0 0.5265267000454317 0.4219589037197995 0.02545531129852071 0.04286332284494298
0 0.1787018649515838 0.8326896915829055 0.029954912684215147 0.038476249111894574
0 0.0981121375756005 0.8643161782064811 0.021849542067751478 0.04254785891396022