0 0.6221912740183514 0.38936968454957377 0.04492489375730683 0.044545797143518445
0 0.43989280964668154 0.7741479763644594 0.04098293793065544 0.03942264090484325
0 0.3824861485675858 0.8178672470090462 0.030501816834229974 0.04328394141958688
0 0.3226838780096089 0.9137949831796301 0.03662074885915113 0.028289869281552662
0 0.3859067911840437 0.8840781708834764 0.03410758606499934 0.04359940535056977
0 0.6216018275426776 0.7268093158843316 0.021752168699886276 0.037740166606267916
0 0.49856017046033574 0.7484575518737189 0.03016563023834761 0.038476249111894574
0 0.46920973672035843 0.7437697248600436 0.024265331494037996 0.022430630537250806
0 0.3296114497572552 0.35571256825897496 0.033771399469116975 0.038791713042877464
0 0.5766192770606151 0.32563725012635436 0.025694124526537666 0.04286332284494298
0 0.28758476547333295 0.7923103084170945 0.030165630238347747 0.038476249111894574
0 0.21214925824039105 0.8376068987165959 0.022088355295768435 0.04254785891396022