0 0.5527543996225792 0.4686481589969861 0.045642565576780515 0.04282470096054233
0 0.31274954099829216 0.825550076666745 0.041616177771367516 0.037849067251836635
0 0.24928843855498736 0.8612125917780582 0.03121948865370359 0.042152935356488216
0 0.17529607104964567 0.9482778968620411 0.037064016747649475 0.026863818158515275
0 0.24230301007671115 0.927262380541823 0.03482525788447282 0.04232087675750161
0 0.499377792502708 0.8028650881184343 0.022385408540598152 0.03695337977976447
0 0.3746333237866824 0.807916407709278 0.03079887007905969 0.037345243048795905
0 0.34641809780249433 0.7993613380396314 0.02462416740377494 0.021496321180778138
0 0.2694454387004281 0.39631861614667396 0.03440463930982899 0.03751318444980957
0 0.5177776750522086 0.3994371308111405 0.026411796346011422 0.041929013488470175
0 0.1596846916544175 0.8232482496648651 0.030798870079059758 0.037345243048795905
0 0.07819474305726658 0.8580710577711107 0.022806027115242086 0.04176107208745678