0 0.5147743088287456 0.5003914831425187 0.027728141776119486 0.015871849667680165
0 0.5488469086618863 0.3676028119877209 0.02294841980405675 0.020427581498050146
0 0.6076152729207839 0.34905471245030384 0.026568174202640904 0.02302039800988818
0 0.2984631179021288 0.49506287704762997 0.018098771992920086 0.012964082559189495
0 0.3322638083180304 0.5220669850042707 0.022920449468427178 0.015619889190357839
0 0.414553182906242 0.41583638016115765 0.018147720080271903 0.021377544097650896
0 0.4753547863718936 0.3337123377854786 0.031368873926425886 0.022070435410287432
0 0.5834307684754164 0.5292223045597463 0.021760481894948596 0.022768437532565855
0 0.7141257175841988 0.4820016891052409 0.03137586651033321 0.023272358487210508
0 0.7615103748542895 0.3655309092630794 0.026533211283104007 0.017010782625272797
0 0.8247228170576947 0.28473477020298466 0.026561181618733307 0.021818474932965036
0 0.7861214269180083 0.25868062484594456 0.02533128820618093 0.01694779250594208
0 0.3464701151399779 0.48556325105162235 0.022920449468427178 0.015619889190357839
0 0.5179753095480352 0.6375366941504107 0.024171320632702074 0.024096340848150096
0 0.6368809818013816 0.42268185992962226 0.026561181618733307 0.021818474932965105
0 0.6594238317388095 0.3733979029661341 0.03257778958725629 0.023335348606540955
0 0.34491856286768485 0.4254041070861379 0.01814072749636444 0.020175621020727955
0 0.4527917600378932 0.5860583046296364 0.013305064853042562 0.015115968235713186
0 0.4236169547480916 0.5280561571503178 0.022941427220149427 0.019225658421127206
0 0.5998878859603968 0.67307002226489 0.02055855881802552 0.022705447413235137
0 0.6454902356892505 0.4567766369187825 0.0229624049718714 0.0228314276518963
0 0.6507384607831087 0.5327497512422587 0.04220016678654823 0.025041192638108684
0 0.7547323765950099 0.43967219931632673 0.031368873926425615 0.022070435410287432
0 0.3835479233430009 0.45626594475087023 0.01932866540547287 0.017834764986212386
0 0.5469045730459284 0.4468037548259828 0.028965027772579734 0.021944455171626267
0 0.7223355928341965 0.24091907159834702 0.01814072749636444 0.020175621020727955
0 0.3074989194083488 0.6024749617290979 0.030152965681687887 0.01960359913711056
0 0.4894088590581773 0.6841018543633998 0.030173943433410136 0.02320936836787979
0 0.3839814635452597 0.530785175520101 0.019356635741102444 0.02264245729390469
0 0.46623667656908374 0.6252127344038112 0.022941427220149427 0.01922565842112734
0 0.4580112134409725 0.45055594753398154 0.027749119527841735 0.019477618898449397
0 0.5009727705182777 0.39993897644526694 0.02652621869919641 0.01580885954834972
0 0.44776729762907147 0.5485467287676986 0.01811974974464233 0.016569851789958727
0 0.3430049989425061 0.7160805213435307 0.019384606076732015 0.027450149601596998
0 0.4154552262302964 0.5708844570842346 0.027749119527841735 0.019477618898449397