0 0.48167227495243653 0.4526945074009148 0.02856850353522452 0.01554949300959298
0 0.5251545899991472 0.3166588590242707 0.024068902149530082 0.020161286867456465
0 0.5854352299173686 0.2926244876292513 0.02782871684129818 0.022712056858674296
0 0.26494100745378524 0.46751955302783055 0.018799073458840902 0.012753849956089115
0 0.29697737626714243 0.4913886484944128 0.02376081122753221 0.015353594559764124
0 0.38699615978078666 0.3774324771579413 0.01933823257233728 0.02116731149455065
0 0.4537628505693265 0.28959823346108443 0.032559386418491126 0.021706032231580144
0 0.5485644129965629 0.4751433391062377 0.02302102453360601 0.022516158408845507
0 0.6830400512536549 0.41571856788686173 0.03263640914899049 0.02290795530850322
0 0.7387422246500261 0.29476919877318813 0.027443603188800944 0.016702441474058978
0 0.8078357388619127 0.2080389289283399 0.02775169411079868 0.021510133781751286
0 0.7709146550103637 0.1855676549885095 0.026241680111877868 0.0166534668616017
0 0.31378815783570313 0.45354133776031075 0.02376081122753221 0.015353594559764124
0 0.4752955298293422 0.5896157889452311 0.025501893417951668 0.023816030710683014
0 0.6096600199335538 0.3635644815456625 0.027751694110798815 0.021510133781751286
0 0.6357315130760703 0.31215319467820607 0.033838332225913564 0.022956929920960434
0 0.31643737128375393 0.3934941585266142 0.019261209841837774 0.019965388417627575
0 0.41347259289547517 0.5441834949409982 0.014145426612147597 0.014961797660106413
0 0.3882465073827968 0.48886850102458695 0.023991879419030717 0.018959363790533354
0 0.555023708067125 0.6175355152981399 0.021819101456682935 0.02246718379638816
0 0.6159168450180299 0.39687550541230815 0.024222947610529018 0.022565133021302586
0 0.6158721053042553 0.472400760808633 0.043530739571797754 0.024550649897541358
0 0.7267552768975202 0.3695822772171623 0.03255938641849099 0.021706032231580144
0 0.3530503642133049 0.4207731247741368 0.020309087457761985 0.017610516876238637
0 0.5176672436323355 0.3960837313261082 0.03015554026464497 0.021608083006665717
0 0.7081370046994344 0.17374023252566545 0.019261209841837913 0.019965388417627575
0 0.2664994459777933 0.5741478845867838 0.03120341788056911 0.019253211465276775
0 0.44336846676320923 0.6388681027211276 0.03143448607206755 0.022858980696046142
0 0.3482749549223373 0.4952923555433676 0.02061717837975972 0.022418209183930945
0 0.4242290193656458 0.5821063126655072 0.023991879419030717 0.018959363790533354
0 0.42818577682653153 0.40812131418640435 0.02879957172672289 0.019155262240362347
0 0.4748440077377393 0.3534736127533289 0.027366580458301443 0.015500518397135902
0 0.4110526052332667 0.5071197780062117 0.019030141650339408 0.016359619186858347
0 0.2941921012721111 0.6845064669793703 0.02092526930175773 0.027225901491623114
0 0.37706022754635404 0.5324805540810182 0.02879957172672289 0.019155262240362212