0 0.5479032869571012 0.4646203633901194 0.02873714618612028 0.014905608766044546
0 0.5725585122969021 0.32939656905968867 0.024293759017391146 0.019629382492351074
0 0.6298133699407986 0.306733951053099 0.02808168081764196 0.02209616758223656
0 0.33201251453465114 0.4744063149370895 0.01893960900125408 0.012333925449426967
0 0.36757896266805395 0.49905926948277457 0.023929453878427973 0.014821690184658766
0 0.44213263677959375 0.3870347508769487 0.01957714299443949 0.020747386987888642
0 0.4969642974860748 0.3006282505027431 0.032798296840593474 0.020978163086699128
0 0.618325504321273 0.48866490822075825 0.023273988509949585 0.02201224900085085
0 0.745236686892553 0.4322915884164606 0.03288937312533427 0.022180086163622274
0 0.784297057780138 0.31246201798721934 0.027626299393937997 0.01608655219762111
0 0.8416236409252059 0.2272154813992439 0.027990604532901166 0.020894244505313415
0 0.8013405767688518 0.20384836851186766 0.02642437631701492 0.016065572552274733
0 0.37917867476416645 0.4615478983540021 0.023929453878427973 0.014821690184658766
0 0.560689829571397 0.6015976348686572 0.0257689109485366 0.02325613136846682
0 0.6641241008713998 0.3783458241801696 0.027990604532901166 0.020894244505313415
0 0.6831354353738253 0.3274664416878185 0.03409129620225734 0.022201065808968516
0 0.373422937450204 0.4014727241531947 0.019486066709698838 0.01954546391096543
0 0.4921429320279194 0.5546536126404407 0.014314069263043358 0.014653853021887478
0 0.45901619279894856 0.49866673951337 0.024202682732650353 0.018427459415427998
0 0.6447885822054267 0.6314210189851011 0.022072065433026575 0.021991269355504474
0 0.6750876983826034 0.41185281281659086 0.02447591158687273 0.022033228646197226
0 0.6856331966289653 0.48749004808135904 0.043797757102382755 0.023570826048663014
0 0.7827322489725285 0.38710712662852853 0.032798296840593474 0.020978163086699197
0 0.41407030674552137 0.42964752934826334 0.02050583721714033 0.017162597402465653
0 0.5761657009359479 0.4087654514273046 0.030394450686747322 0.020936203796006306
0 0.7365457382750393 0.19053721279215077 0.019486066709698838 0.01954546391096543
0 0.3485317654150428 0.5812306112658184 0.03141422119418881 0.01855333728750653
0 0.5354867271148748 0.6501780694338943 0.03168745004841105 0.02215910651827576
0 0.4197170363994501 0.5041667601174941 0.020870142356103363 0.02197028971015796
0 0.5082785269857785 0.5928843750031685 0.024202682732650353 0.018427459415427998
0 0.4878609272368258 0.41873140672140086 0.029010375040342522 0.018511377996813776
0 0.5271228014774619 0.36509152410431456 0.027535223109197204 0.014884629120698033
0 0.4845118748932627 0.5174779158372109 0.019212837855476457 0.0159396946801962
0 0.39185762912670535 0.6924010477046185 0.021234447495066668 0.02677798201785027
0 0.4538814775111553 0.5420828278000257 0.029010375040342658 0.018511377996813776