0 0.4582540854529641 0.6083506799319611 0.029325163748642177 0.024360131285804096
0 0.42607957231428795 0.6219354604490239 0.01730593297941141 0.024220274873916134
0 0.5642672194941416 0.6551549096607031 0.019205499239434085 0.017036707694755158
0 0.2488755667964022 0.5627492153454564 0.023399595012997283 0.025492126156783056
0 0.3374311479101572 0.5328960953337086 0.01464994687865338 0.020586534360769147
0 0.18668648340094926 0.5418558389438476 0.021273158797397943 0.01225698666944047
0 0.24394152453203405 0.4787404707315402 0.015515683359694298 0.015792827694265717
0 0.30821530080182097 0.5728672409783239 0.03217451313867619 0.013584780517062765
0 0.42164980994374324 0.5307151773735693 0.01414566698483004 0.013374995899230687
0 0.39767012506291705 0.512980029684688 0.015431636710723605 0.01459090461734264
0 0.5416745843045496 0.703455602996647 0.02865279055687745 0.014744746670419208
0 0.5820944656837463 0.6921767691451088 0.027618960777895624 0.017134607183076758
0 0.3222187044464849 0.7504441722567855 0.029157070450700928 0.021956285131957944
0 0.4926978581138457 0.5623139763379753 0.019205499239434085 0.017036707694755158
0 0.39567003880399365 0.610279856350702 0.017053793032499535 0.02061450564314663
0 0.34244044018209097 0.49560850866671563 0.011296317594796025 0.024150346667972018
0 0.47584622501202734 0.7174319814669962 0.021777438691221354 0.019468525130978794
0 0.3585702800423543 0.6599503004578348 0.011741820830984021 0.01334702461685293
0 0.1788619083717216 0.7052754204818197 0.019625732484286937 0.023046323079370268
0 0.5594930338527495 0.6203830542770667 0.020575515614298275 0.01945453948979012
0 0.521476998627399 0.6316339168462274 0.017835482864569895 0.014618875899720125
0 0.27462902794701516 0.6753383866229391 0.019289545888404643 0.018238630771678234