0 0.5333898740548487 0.5879158125468411 0.028904033155842404 0.02548723428306478
0 0.5028327653674849 0.60277470949559 0.016884802386611632 0.024857333089759102
0 0.6452844788280718 0.6302606347646815 0.018910707824474023 0.01777177486688194
0 0.31812988466624087 0.5509881405914304 0.0229574078905576 0.026374206763335087
0 0.40315658334076854 0.5176066981534749 0.014291985874773597 0.021125583620328705
0 0.25329413944136736 0.5326920015313358 0.021062593500998126 0.013090062797850521
0 0.3029032686207927 0.4674204362807903 0.015241948474374416 0.01638088143196698
0 0.3787929495863699 0.5586559423172092 0.031942891312636265 0.01485889694874897
0 0.4872282086060533 0.5119954667234113 0.013914045158790108 0.013914045158790108
0 0.46104297220071006 0.4952894130755074 0.015178958355043903 0.015178958355043903
0 0.6285733143705255 0.6793453997508939 0.02840011220119768 0.015871849667680165
0 0.667669864835012 0.6664494181206772 0.027324169362935836 0.018212705702195874
0 0.41455779493960326 0.7351547750765519 0.02877805291718124 0.0230833881292189
0 0.5622462495202867 0.5406049925211692 0.018910707824474297 0.017771774866881664
0 0.4709528641741792 0.5923932218289543 0.01669583202861989 0.021251563858989735
0 0.4036077357953668 0.48022110253019845 0.010875187001996248 0.024542382493106193
0 0.5643623595293158 0.6959680200408989 0.021440534216981614 0.02030160125938898
0 0.43988161291288674 0.6434357913240567 0.01151019900494409 0.013788064920128944
0 0.26546656490109527 0.6959645696348823 0.019225658421127136 0.023781390251497322
0 0.6362462269059465 0.5957828062498958 0.020238611140058538 0.020238611140058538
0 0.5995535225953064 0.6085528076414514 0.017582804508890056 0.015304938593705067
0 0.3577048020371614 0.6622051864809434 0.018973697943804744 0.018973697943805014