0 0.4582540854529641 0.6404495720685435 0.029325163748642177 0.02548723428306478
0 0.42607957231428795 0.6520329828121023 0.01730593297941141 0.024857333089758963
0 0.5642672194941416 0.6942585960045492 0.019205499239434085 0.01777177486688194
0 0.2488755667964022 0.581223397870108 0.023399595012997283 0.026374206763335087
0 0.3374311479101572 0.5569125326157558 0.01464994687865338 0.021125583620328705
0 0.18668648340094926 0.5562503061609719 0.021273158797397943 0.013090062797850521
0 0.24394152453203405 0.4965218714115174 0.015515683359694298 0.01638088143196698
0 0.30821530080182097 0.5951902115289447 0.03217451313867619 0.01485889694874897
0 0.42164980994374324 0.5601199178919732 0.01414566698483004 0.013914045158790108
0 0.39767012506291705 0.540768279232185 0.015431636710723605 0.015178958355043903
0 0.5416745843045496 0.7413276771721831 0.02865279055687745 0.015871849667680165
0 0.5820944656837463 0.7325890434177844 0.027618960777895624 0.018212705702195874
0 0.3222187044464849 0.7744606095388327 0.029157070450700928 0.0230833881292189
0 0.4926978581138457 0.5964142382480616 0.019205499239434085 0.017771774866881664
0 0.39567003880399365 0.6383760089402765 0.017053793032499535 0.021251563858989735
0 0.34244044018209097 0.5197788974698015 0.011296317594796025 0.024542382493106193
0 0.47584622501202734 0.7511473645744857 0.021777438691221354 0.02030160125938898
0 0.3585702800423543 0.6858911317528663 0.011741820830984021 0.013788064920128944
0 0.1788619083717216 0.7199008149805023 0.019625732484286937 0.023781390251497322
0 0.5594930338527495 0.6590248860577965 0.020575515614298275 0.020238611140058538
0 0.521476998627399 0.6678895000508563 0.017835482864569895 0.015304938593704794
0 0.27462902794701516 0.6959678904421336 0.019289545888404643 0.018973697943805014