1 0.3040276003650909 0.8291557323907887 0.029379625246370448 0.037742147227582734
1 0.3467073792671006 0.7914704408070674 0.023370009861755064 0.037637249000850984
1 0.5030067318794098 0.6921182517450255 0.02996576318624405 0.024541973026775674
1 0.2727280696038293 0.49234453546282364 0.03857681332289513 0.05471592782193086
1 0.19748440669088754 0.5270595304683454 0.02418006966964657 0.02924476710773569
1 0.3553709177944563 0.3328603165561125 0.018058493351022165 0.026736022727157513
1 0.5954132006713018 0.664908510235892 0.01926041642794524 0.026757002372504026
1 0.5866605424034657 0.6059093812399292 0.01772261054899524 0.019524484265619053
1 0.5288233126526253 0.5244364510454945 0.020462339504868456 0.02677798201785027
1 0.5636790818833946 0.5250448607605406 0.020238417636850414 0.02197028971015796
1 0.44468206941331473 0.4196864098372464 0.015318764395149086 0.0194825249749263
1 0.6359854272422735 0.45304927072505696 0.01926041642794538 0.02675700237250389
1 0.6939872844667797 0.4864872371332616 0.015430725329158106 0.021886371128772453
1 0.7014557059208598 0.5694828683769931 0.01302687917531168 0.02184441183807956
1 0.6555916682542886 0.6419400106100978 0.015206803461139793 0.017078678821080145
1 0.24742507666674501 0.3874205737996269 0.03636724183989087 0.0330603327919691
1 0.17815824616284726 0.7825236750739539 0.014228802252234893 0.02186539148342594
1 0.30700415060046793 0.17108931630664204 0.022866185658714473 0.026819941308543156
1 0.3674625205184773 0.1541304320654631 0.029155703378352407 0.03293445491989063
1 0.5028682595266202 0.2765885414551836 0.0344112394220808 0.04263375811666096
1 0.6135571435375523 0.2809225149809 0.029155703378352407 0.03293445491989063
1 0.18858351243717117 0.3359537612375761 0.017722610548995103 0.019524484265619053
1 0.6182035222989263 0.38068213036551535 0.020126456702841394 0.019566443556311805
1 0.5489398275734237 0.38908069555080793 0.020574300438877337 0.02918182817169642
1 0.5710519338912513 0.42549504182938935 0.015206803461140065 0.017078678821080145
1 0.4799724266707296 0.2233472720996792 0.01914845549393636 0.02435315621865774
1 0.4836045291713273 0.19819080606568024 0.019036494559927338 0.021949310064811583
1 0.3312435146644666 0.25317673950830033 0.0174986886809772 0.014716791957926745
1 0.47954760227717436 0.1368717494972569 0.01761064961498622 0.017120638111772897
1 0.4282864204356897 0.17080441433278384 0.01543072532915797 0.021886371128772383
1 0.3327452236404978 0.569051732640259 0.01914845549393622 0.02435315621865774