1 0.29441784599920545 0.8198827291476729 0.02894536520942805 0.037742147227582734
1 0.3375458933264459 0.7806449438083173 0.022935749824812664 0.037637249000850984
1 0.4950359589432746 0.6756702097934361 0.029685595420474716 0.024541973026775674
1 0.26704066395871345 0.4836170029987148 0.037946435849914265 0.05471592782193086
1 0.19137674939711782 0.5210173926085777 0.023843868350723503 0.02924476710773569
1 0.35156063617999445 0.3209858372900414 0.017750308808676032 0.026736022727157513
1 0.5877786290540896 0.6451876436102618 0.01895223188559911 0.026757002372504026
1 0.579712381812388 0.5863983110677631 0.017498476336379774 0.019524484265619053
1 0.5228137140768747 0.5068135489545055 0.020154154962522187 0.02677798201785027
1 0.557669483307644 0.5062051392394594 0.019986266647658013 0.02197028971015796
1 0.4398771922303719 0.40483282093198436 0.015094630182533618 0.0194825249749263
1 0.6308303403521192 0.4315661138903276 0.018952231885599247 0.02675700237250389
1 0.688453971092837 0.46303199363596914 0.015178574339965568 0.021886371128772453
1 0.6949558137550131 0.5459017470076223 0.012774728186119414 0.02184441183807956
1 0.6482372644028456 0.620079220159133 0.015010686025101668 0.017078678821080145
1 0.24295640080272538 0.3794063492772962 0.035989015356102404 0.0330603327919691
1 0.16906680216363495 0.7775724787721999 0.013976651263042629 0.02186539148342594
1 0.3050709930166601 0.16064145292412718 0.02255800111636834 0.026819941308543156
1 0.36573948875899637 0.14154264485761384 0.028777476894563874 0.03293445491989063
1 0.499744388938293 0.2594691508525087 0.03392094583198467 0.04263375811666096
1 0.6104052561726481 0.2599428696344846 0.028777476894563874 0.03293445491989063
1 0.18470318888126697 0.3299116233778085 0.017498476336379774 0.019524484265619053
1 0.6138889387060797 0.3597024850191 0.019902322490225926 0.019566443556311805
1 0.5445131768742696 0.3705346890645767 0.020238099119954275 0.02918182817169642
1 0.5662050315434431 0.4062357274013799 0.01501068602510153 0.017078678821080145
1 0.47746492516709477 0.20694118943878234 0.018868287728167024 0.02435315621865774
1 0.48139120382175016 0.18161688624201208 0.018784343570734937 0.021949310064811583
1 0.3283577866770433 0.24201556818400738 0.0173305880215156 0.014716791957926745
1 0.4780487047303089 0.12033978896428157 0.017414532178947686 0.017120638111772897
1 0.4263812796284588 0.15611866259029308 0.015178574339965705 0.021886371128772383
1 0.3261752895332088 0.5583521135135872 0.018868287728167024 0.02435315621865774