1 0.32810333133218034 0.810598414397173 0.030467595596195204 0.0387083881292189
1 0.369660044066629 0.769806241520403 0.02445798021157982 0.038393437532565584
1 0.5229762521713543 0.6592021039916441 0.0306676795409697 0.0255502244023955
1 0.28697697160475977 0.47487882441000895 0.0401561251210277 0.05597624204145578
1 0.2127861832239065 0.5149678843548583 0.02502236929531735 0.030042966113434898
1 0.364916980218725 0.30909687315252327 0.01883060134122038 0.027324169362935802
1 0.6145404213375755 0.6254427208377051 0.020032524418143592 0.027387159482266485
1 0.6040680680006615 0.5668634406651272 0.018284143632775758 0.020112630901397373
1 0.5438794184614901 0.48916914988115706 0.021234447495066668 0.027450149601596998
1 0.5787351876922594 0.48734243642057035 0.0208701423561035 0.02264245729390469
1 0.45671993489685936 0.3899611131415907 0.015880297478929606 0.01998665066273621
1 0.6489006881692252 0.41005675121043617 0.020032524418143592 0.02738715948226642
1 0.7078501324726112 0.43954813867882214 0.01606245004841119 0.022390496816582364
1 0.7177401653504947 0.5222918606285227 0.013658603894565037 0.022264516577921202
1 0.6740169725658366 0.5981917632133841 0.01569814490944802 0.017582804508890056
1 0.25862064252461897 0.37138234874632114 0.0373148289187705 0.03427863653750981
1 0.20093543187369428 0.7726152428420687 0.014860526971488045 0.022327506697251646
1 0.31184737344807484 0.1501808449020706 0.023638293648912685 0.027576129840258094
1 0.37177930610003995 0.12893950266236495 0.030103290457232035 0.03390069582152639
1 0.5106946268818111 0.24232887746697018 0.03563959304285055 0.04376804091423326
1 0.6214537025282157 0.23893763264240314 0.0301032904572319 0.03390069582152639
1 0.19830505395012127 0.323862115124089 0.018284143632775623 0.020112630901397373
1 0.629013034161701 0.3386972480270185 0.020687989786621914 0.020238611140058538
1 0.5600301059780889 0.3519660595635767 0.021416600064548118 0.029853995755443154
1 0.5831950868280048 0.3869529198426491 0.01569814490944802 0.017582804508890056
1 0.4862545780455241 0.19051509411097461 0.019850371848661872 0.024983313328420194
1 0.4891496683736598 0.1650227490182677 0.019668219279180423 0.022579467174574094
1 0.33847325311814064 0.23084078210422002 0.01791983849381259 0.015304938593704999
1 0.4833028547749566 0.10378766221452136 0.018101991063294173 0.017708784747551186
1 0.43305945164782406 0.14141499669583604 0.016062450048411055 0.022390496816582332
1 0.34920516215881403 0.5476394426476255 0.019850371848662007 0.024983313328420128