0 0.139410 0.636786 0.012872 0.017929
0 0.186077 0.587446 0.013949 0.029893
0 0.144244 0.775786 0.022538 0.020929
0 0.177500 0.751107 0.016077 0.019429
0 0.197885 0.633036 0.020385 0.025429
0 0.274628 0.413304 0.006436 0.016464
0 0.420564 0.234679 0.015026 0.026929
0 0.428628 0.483554 0.020385 0.031393
0 0.148538 0.708518 0.013949 0.026893
0 0.116333 0.807929 0.016103 0.016429
0 0.402090 0.372054 0.018692 0.023679
0 0.548897 0.367732 0.015590 0.019393
0 0.400551 0.458143 0.015615 0.019357
0 0.336410 0.453821 0.014051 0.019357
0 0.246782 0.519482 0.017154 0.021536
0 0.766795 0.539929 0.006359 0.023643
0 0.766026 0.477500 0.020256 0.032286
0 0.630026 0.412946 0.014051 0.023679
0 0.688756 0.551768 0.026436 0.017250
0 0.618038 0.532143 0.017154 0.026929
0 0.377103 0.474589 0.016103 0.013464
0 0.548821 0.251125 0.011795 0.011964
0 0.523064 0.295214 0.018231 0.031357
0 0.493013 0.282500 0.013974 0.020929
0 0.455987 0.264571 0.012897 0.020929
0 0.480128 0.325107 0.011795 0.019429
0 0.578872 0.380411 0.013949 0.016464
0 0.663103 0.363982 0.017179 0.016464
0 0.583692 0.467125 0.025744 0.031393
0 0.351346 0.386393 0.020385 0.016429
0 0.482821 0.418536 0.015026 0.029929
0 0.395359 0.408821 0.013949 0.016429
0 0.320769 0.420036 0.012872 0.017929
0 0.513410 0.334071 0.013949 0.019429
0 0.466179 0.369214 0.011795 0.017929
0 0.416821 0.335571 0.018256 0.019429
