0 0.428145 0.652480 0.016055 0.022425
0 0.509436 0.873706 0.015055 0.019428
0 0.481009 0.471608 0.016055 0.025422
0 0.539859 0.710770 0.014064 0.022411
0 0.611173 0.628563 0.013073 0.025409
0 0.640100 0.706287 0.013073 0.028406
0 0.457073 0.838576 0.012073 0.014946
0 0.479018 0.838569 0.016055 0.020926
0 0.564795 0.490293 0.014064 0.026907
0 0.089523 0.843801 0.009082 0.022425
0 0.422164 0.822875 0.008073 0.019428
0 0.503445 0.621083 0.017073 0.019414
0 0.518914 0.810170 0.018045 0.023910
0 0.326909 0.512711 0.017055 0.023924
0 0.260582 0.466376 0.012073 0.023924
0 0.151364 0.179380 0.009073 0.017943
0 0.062091 0.398365 0.010073 0.031390
0 0.110973 0.585211 0.010073 0.013447
0 0.064586 0.454414 0.013064 0.020926
0 0.904914 0.325123 0.012064 0.010463
0 0.944814 0.224973 0.014064 0.025422
0 0.888959 0.972350 0.014064 0.016444
