0 0.629149 0.707979 0.016312 0.016135
0 0.471551 0.164459 0.024060 0.014947
0 0.453617 0.540390 0.024078 0.019433
0 0.377128 0.481968 0.018121 0.012553
0 0.595966 0.499007 0.025301 0.025106
0 0.552908 0.705293 0.021702 0.014344
0 0.602243 0.772553 0.023493 0.008972
0 0.598652 0.808431 0.016312 0.019734
0 0.360089 0.238023 0.012730 0.016152
0 0.500895 0.699007 0.014521 0.012553
0 0.457846 0.669424 0.018103 0.010762
0 0.478475 0.727713 0.016312 0.019716
0 0.564574 0.621879 0.016312 0.016135
0 0.620186 0.612012 0.019911 0.014344
0 0.443493 0.264929 0.018121 0.016135
0 0.285647 0.246995 0.018103 0.019734
0 0.543050 0.638918 0.016312 0.021525
0 0.559184 0.579725 0.030674 0.014344
0 0.669504 0.782420 0.014539 0.025124
0 0.587899 0.712465 0.019911 0.025106
0 0.596862 0.681968 0.023511 0.017943
0 0.424663 0.381525 0.016312 0.019716
0 0.525106 0.499911 0.012730 0.016135
0 0.450674 0.638918 0.018121 0.021525
0 0.644956 0.638289 0.021082 0.023918
0 0.562730 0.667447 0.018085 0.019433
0 0.731640 0.651746 0.015089 0.017926
0 0.792181 0.662207 0.013617 0.014947
0 0.756303 0.637544 0.022571 0.022429
0 0.523121 0.736197 0.016596 0.013457
0 0.516401 0.604663 0.015106 0.013440
0 0.521631 0.565044 0.016596 0.014947
0 0.801897 0.706303 0.015106 0.022429
0 0.320585 0.328874 0.018085 0.014947
0 0.375133 0.618112 0.013599 0.025408
0 0.309867 0.360895 0.023493 0.010762
0 0.259637 0.402145 0.019911 0.017943
0 0.411215 0.434433 0.010940 0.025106
0 0.291924 0.606631 0.016330 0.017943
0 0.583404 0.840718 0.018121 0.019734
0 0.682066 0.707083 0.014521 0.010762
0 0.665913 0.745647 0.014521 0.016152
0 0.308067 0.494530 0.012730 0.016152
0 0.247083 0.337571 0.016330 0.017943
0 0.682952 0.809326 0.019911 0.014362
0 0.637216 0.475691 0.021702 0.017943
0 0.421073 0.347447 0.023493 0.016135
0 0.247979 0.374353 0.018121 0.016152
0 0.186099 0.600355 0.016312 0.016135
0 0.215700 0.564486 0.010940 0.016135
0 0.186090 0.552828 0.019911 0.010762
0 0.527801 0.810222 0.018121 0.016152
0 0.408520 0.627270 0.016330 0.012553
0 0.765470 0.795878 0.019911 0.016152
0 0.513449 0.443404 0.010940 0.017943
0 0.493715 0.370762 0.028883 0.016135
0 0.326002 0.564486 0.019911 0.016135
0 0.152917 0.518741 0.010940 0.017943
0 0.343050 0.592287 0.014539 0.017943
0 0.705381 0.750133 0.010940 0.025124
0 0.620186 0.641613 0.019911 0.012553
0 0.681161 0.637128 0.019911 0.017943
0 0.659637 0.523227 0.016330 0.012553
0 0.577128 0.453271 0.016312 0.023316
0 0.398652 0.505293 0.021702 0.019734
0 0.257846 0.517846 0.023493 0.016152
0 0.226454 0.494521 0.014539 0.012553
0 0.279371 0.440718 0.016330 0.016152
0 0.255151 0.463138 0.014521 0.014362
0 0.189681 0.451472 0.012730 0.008972
0 0.149326 0.470310 0.014539 0.025124
0 0.656950 0.695426 0.014539 0.019716
