15 0.351307 0.269608 0.019608 0.024510
15 0.465686 0.340686 0.013072 0.019608
15 0.424837 0.404412 0.019608 0.024510
15 0.636438 0.443627 0.017974 0.024510
15 0.712418 0.401961 0.013072 0.024510
15 0.708333 0.448529 0.017974 0.029412
15 0.279412 0.438725 0.032680 0.044118
15 0.420752 0.536765 0.014706 0.019608
15 0.502451 0.479167 0.021242 0.022059
15 0.464869 0.642157 0.014706 0.019608
15 0.591503 0.568627 0.016340 0.019608
15 0.577614 0.477941 0.014706 0.029412
15 0.419935 0.462010 0.013072 0.017157
15 0.469771 0.501225 0.011438 0.017157
15 0.446078 0.490196 0.013072 0.019608
15 0.455065 0.432598 0.011438 0.017157
15 0.464869 0.544118 0.014706 0.024510
15 0.635621 0.589461 0.009804 0.012255
15 0.367647 0.495098 0.013072 0.014706
15 0.624183 0.356618 0.016340 0.022059
15 0.489379 0.439951 0.011438 0.017157
15 0.576797 0.308824 0.013072 0.019608
15 0.383170 0.405637 0.008170 0.012255
15 0.424837 0.602941 0.009804 0.009804
15 0.464869 0.577206 0.011438 0.012255
15 0.311275 0.574755 0.011438 0.022059
15 0.516340 0.606618 0.016340 0.017157
15 0.507353 0.665441 0.014706 0.017157
15 0.349673 0.465686 0.013072 0.019608
15 0.566993 0.441176 0.016340 0.019608
15 0.626634 0.515931 0.011438 0.017157
15 0.612745 0.526961 0.009804 0.014706
15 0.655229 0.551471 0.009804 0.014706
15 0.624183 0.549020 0.009804 0.014706
15 0.491830 0.513480 0.019608 0.022059
15 0.449346 0.523284 0.009804 0.012255
15 0.455065 0.261029 0.014706 0.017157
15 0.449346 0.305147 0.013072 0.017157
15 0.777778 0.496324 0.016340 0.022059
15 0.588235 0.656863 0.016340 0.014706
15 0.591503 0.618873 0.009804 0.012255
15 0.551471 0.541667 0.011438 0.019608
15 0.500817 0.337010 0.014706 0.017157
15 0.535948 0.323529 0.016340 0.019608
15 0.418301 0.566176 0.009804 0.014706
