15 0.422386 0.164216 0.031046 0.029412
15 0.261438 0.463235 0.016340 0.034314
15 0.325163 0.511029 0.016340 0.036765
15 0.477941 0.470588 0.017974 0.029412
15 0.564542 0.486520 0.014706 0.026961
15 0.941176 0.223039 0.026144 0.034314
15 0.888072 0.975490 0.021242 0.034314
15 0.640523 0.354167 0.019608 0.036765
15 0.426471 0.653186 0.013072 0.017157
15 0.505719 0.621324 0.021242 0.026961
15 0.611928 0.631127 0.014706 0.017157
15 0.638889 0.708333 0.016340 0.019608
15 0.540850 0.709559 0.019608 0.017157
15 0.420752 0.819853 0.017974 0.026961
15 0.517974 0.811275 0.016340 0.029412
15 0.507353 0.873775 0.021242 0.022059
15 0.479575 0.837010 0.017974 0.022059
15 0.456699 0.839461 0.014706 0.026961
15 0.521242 0.180147 0.019608 0.022059
15 0.699346 0.155637 0.019608 0.026961
15 0.150327 0.181373 0.016340 0.019608
