15 0.265523 0.824755 0.027778 0.036765
15 0.309641 0.785539 0.021242 0.036765
15 0.470588 0.683824 0.029412 0.024510
15 0.250000 0.487745 0.035948 0.053922
15 0.173203 0.524510 0.022876 0.029412
15 0.339869 0.327206 0.016340 0.026961
15 0.564542 0.655637 0.017974 0.026961
15 0.558824 0.595588 0.016340 0.019608
15 0.504902 0.515931 0.019608 0.026961
15 0.539216 0.515931 0.019608 0.022059
15 0.425654 0.411765 0.014706 0.019608
15 0.615196 0.442402 0.017974 0.026961
15 0.672386 0.474265 0.014706 0.022059
15 0.675654 0.557598 0.011438 0.022059
15 0.626634 0.631127 0.014706 0.017157
15 0.229575 0.383578 0.034314 0.031863
15 0.142157 0.780637 0.013072 0.022059
15 0.299837 0.165441 0.021242 0.026961
15 0.360294 0.148284 0.027778 0.031863
15 0.490196 0.268382 0.032680 0.041667
15 0.600490 0.270833 0.027778 0.031863
15 0.173203 0.333333 0.016340 0.019608
15 0.601307 0.370098 0.019608 0.019608
15 0.531046 0.379902 0.019608 0.029412
15 0.551471 0.415441 0.014706 0.017157
15 0.469771 0.215686 0.017974 0.024510
15 0.474673 0.189951 0.017974 0.022059
15 0.320261 0.247549 0.016340 0.014706
15 0.473856 0.128676 0.016340 0.017157
15 0.420752 0.162990 0.014706 0.022059
15 0.306373 0.563725 0.017974 0.024510
