0 0.405889 0.709311 0.012824 0.037372
0 0.395198 0.367010 0.025653 0.034375
0 0.298999 0.414094 0.012829 0.029893
0 0.049416 0.212301 0.018172 0.014943
0 0.291516 0.592720 0.017100 0.019432
0 0.082016 0.516488 0.023514 0.022422
0 0.075602 0.354304 0.019238 0.032884
0 0.100721 0.241449 0.013895 0.031392
0 0.583324 0.364023 0.021376 0.028402
0 0.629286 0.236218 0.025653 0.026911
0 0.736706 0.154006 0.024586 0.029901
0 0.572633 0.413349 0.017100 0.016442
0 0.411232 0.742944 0.021376 0.023913
0 0.393596 0.624112 0.018172 0.025412
0 0.301673 0.674933 0.016034 0.022422
0 0.332671 0.133825 0.013895 0.016442
0 0.490863 0.565067 0.013895 0.026911
0 0.592410 0.525455 0.020310 0.019432
0 0.395198 0.563572 0.017100 0.023920
0 0.391458 0.435771 0.018172 0.022422
0 0.390922 0.291523 0.021376 0.023913
0 0.301673 0.185394 0.016034 0.029893
0 0.349771 0.031435 0.016028 0.020923
0 0.136529 0.020227 0.010691 0.019432
0 0.257313 0.754158 0.014962 0.016442
0 0.424058 0.650270 0.017105 0.017940
0 0.427265 0.570302 0.012824 0.016442
0 0.339617 0.716783 0.012824 0.019432
0 0.285640 0.529940 0.016034 0.016442
0 0.268002 0.366264 0.014967 0.011960
0 0.331067 0.186889 0.014962 0.026903
0 0.442230 0.738462 0.012829 0.029893
0 0.559271 0.583754 0.016034 0.028402
0 0.537362 0.546381 0.017100 0.016442
0 0.633560 0.393917 0.021381 0.028402
0 0.575307 0.228746 0.018172 0.029893
0 0.351374 0.686143 0.017100 0.020923
0 0.466813 0.739208 0.017100 0.022422
0 0.492468 0.741449 0.014962 0.020923
0 0.318776 0.310955 0.013895 0.020930
0 0.446506 0.204080 0.019238 0.028402
0 0.704106 0.360284 0.021376 0.020923
0 0.496742 0.665962 0.012824 0.022422
0 0.533619 0.609911 0.016034 0.023913
0 0.586529 0.648029 0.017100 0.022422
0 0.667230 0.544141 0.016034 0.029901
0 0.692349 0.409613 0.021376 0.029893
0 0.770912 0.355050 0.022443 0.025412
0 0.792824 0.300494 0.019238 0.017933
0 0.443832 0.440252 0.016034 0.016442
0 0.363134 0.504528 0.012829 0.016442
0 0.472692 0.614393 0.013895 0.014950
0 0.224177 0.665962 0.014967 0.016442
0 0.153095 0.438011 0.011757 0.017940
0 0.215627 0.404379 0.008553 0.016442
0 0.165924 0.418580 0.011757 0.017940
0 0.242349 0.597202 0.008547 0.019432
0 0.438487 0.591225 0.013895 0.016442
0 0.460401 0.680913 0.010686 0.022422
0 0.488725 0.719031 0.018172 0.014950
0 0.147219 0.099446 0.021376 0.025412
0 0.160576 0.053111 0.011757 0.019432
0 0.685934 0.457443 0.017100 0.017940
0 0.588134 0.739208 0.011757 0.025405
0 0.552859 0.509013 0.013895 0.019432
0 0.614855 0.535170 0.013895 0.017940
0 0.607374 0.012752 0.018172 0.016442
0 0.382372 0.751165 0.014962 0.025412
0 0.278154 0.766112 0.011757 0.016442
