15 0.299893 0.647448 0.023479 0.047259
15 0.407150 0.514178 0.024546 0.049149
15 0.272679 0.506616 0.028815 0.041588
15 0.343650 0.340265 0.021345 0.030246
15 0.211846 0.529301 0.026681 0.041588
15 0.544824 0.379962 0.020277 0.041588
15 0.496798 0.269376 0.013874 0.028355
15 0.516009 0.125709 0.018143 0.035917
15 0.215048 0.309074 0.016009 0.024575
15 0.329242 0.808129 0.016009 0.043478
15 0.022946 0.902647 0.022412 0.032136
15 0.128602 0.542533 0.013874 0.034026
15 0.179829 0.568998 0.020277 0.034026
15 0.172892 0.413043 0.019210 0.024575
15 0.240128 0.438563 0.017076 0.030246
15 0.302561 0.473535 0.016009 0.028355
15 0.320704 0.508507 0.018143 0.030246
15 0.424226 0.165406 0.013874 0.024575
15 0.447172 0.173913 0.017076 0.026465
15 0.319637 0.348771 0.013874 0.024575
15 0.297759 0.389414 0.019210 0.026465
15 0.406617 0.293006 0.017076 0.026465
15 0.434365 0.324197 0.010672 0.013233
15 0.497332 0.314745 0.010672 0.017013
15 0.510139 0.345936 0.010672 0.018904
15 0.541622 0.348771 0.011740 0.017013
15 0.578975 0.377127 0.013874 0.028355
15 0.567236 0.569943 0.018143 0.043478
15 0.474920 0.440454 0.014941 0.030246
15 0.511206 0.588847 0.012807 0.020794
15 0.541089 0.583176 0.010672 0.017013
15 0.555496 0.205104 0.013874 0.024575
15 0.339915 0.160681 0.013874 0.022684
15 0.555496 0.102079 0.013874 0.022684
15 0.266275 0.327032 0.009605 0.015123
15 0.240128 0.233459 0.012807 0.024575
15 0.324973 0.271267 0.013874 0.020794
15 0.473319 0.105860 0.013874 0.022684
15 0.592850 0.139887 0.011740 0.030246
15 0.483458 0.191871 0.010672 0.017013
15 0.376201 0.281664 0.011740 0.022684
15 0.443436 0.366730 0.011740 0.018904
15 0.448239 0.293951 0.012807 0.020794
15 0.466382 0.300567 0.010672 0.018904
15 0.368730 0.232514 0.013874 0.022684
15 0.520811 0.487713 0.012807 0.018904
15 0.520811 0.456522 0.014941 0.017013
15 0.554429 0.412098 0.013874 0.022684
15 0.311099 0.914934 0.007471 0.015123
15 0.328709 0.896030 0.014941 0.022684
15 0.457311 0.665406 0.011740 0.026465
15 0.505336 0.647448 0.011740 0.024575
15 0.461046 0.605860 0.014941 0.020794
15 0.343650 0.413043 0.010672 0.024575
15 0.359658 0.470699 0.014941 0.026465
15 0.453575 0.466919 0.014941 0.022684
15 0.403949 0.384688 0.009605 0.017013
15 0.379936 0.465974 0.010672 0.017013
