0 0.732258 0.631902 0.083871 0.171779
0 0.506452 0.914110 0.025806 0.036810
0 0.466129 0.907975 0.022581 0.049080
0 0.419355 0.861963 0.025806 0.042945
0 0.424194 0.714724 0.022581 0.042945
0 0.475806 0.552147 0.048387 0.085890
0 0.551613 0.426380 0.025806 0.055215
0 0.522581 0.423313 0.012903 0.049080
0 0.474194 0.395706 0.064516 0.128834
0 0.411290 0.466258 0.048387 0.098160
0 0.498387 0.174847 0.022581 0.042945
0 0.527419 0.245399 0.016129 0.049080
0 0.543548 0.303681 0.022581 0.042945
0 0.440323 0.138037 0.016129 0.030675
