15 0.101307 0.234069 0.029412 0.041667
15 0.205065 0.497549 0.014706 0.024510
15 0.276144 0.476716 0.016340 0.022059
15 0.332516 0.466912 0.021242 0.026961
15 0.345588 0.621324 0.011438 0.022059
15 0.429739 0.662990 0.022876 0.031863
15 0.293301 0.545343 0.011438 0.017157
15 0.468954 0.819853 0.013072 0.017157
15 0.487745 0.824755 0.008170 0.012255
15 0.582516 0.905637 0.011438 0.017157
15 0.299020 0.805147 0.026144 0.031863
15 0.539216 0.747549 0.009804 0.014706
15 0.292484 0.601716 0.013072 0.017157
15 0.442810 0.572304 0.013072 0.017157
15 0.687908 0.481618 0.013072 0.022059
15 0.196895 0.286765 0.008170 0.014706
