0 0.472488 0.579057 0.033493 0.031900
0 0.304426 0.813454 0.027512 0.031900
0 0.267943 0.667822 0.028708 0.026352
0 0.240431 0.572122 0.026316 0.037448
0 0.352273 0.546463 0.034689 0.038835
0 0.730861 0.582524 0.021531 0.030513
0 0.878589 0.061026 0.025120 0.027739
0 0.353469 0.445908 0.029904 0.023578
0 0.233254 0.338419 0.023923 0.027739
0 0.513158 0.242718 0.021531 0.024965
0 0.340311 0.628988 0.027512 0.029126
0 0.450957 0.248266 0.026316 0.033287
0 0.590311 0.368239 0.022727 0.029126
0 0.681220 0.319001 0.015550 0.036061
0 0.543660 0.294036 0.025120 0.036061
0 0.346292 0.143551 0.027512 0.026352
0 0.415072 0.214286 0.026316 0.031900
0 0.589115 0.246186 0.029904 0.031900
0 0.202153 0.058946 0.028708 0.037448
0 0.422847 0.048544 0.034689 0.024965
0 0.577751 0.018031 0.021531 0.027739
0 0.617225 0.040915 0.021531 0.023578
0 0.657895 0.015257 0.023923 0.022191
0 0.762560 0.023578 0.020335 0.027739
0 0.830144 0.027046 0.028708 0.026352
0 0.924641 0.429958 0.019139 0.024965
0 0.931220 0.713592 0.025120 0.034674
0 0.242225 0.866852 0.027512 0.036061
0 0.236244 0.922330 0.032297 0.033287
0 0.403708 0.916089 0.027512 0.026352
0 0.330742 0.948682 0.029904 0.024965
0 0.032297 0.972261 0.021531 0.024965
0 0.471292 0.972261 0.033493 0.033287
0 0.340311 0.988211 0.022727 0.023578
0 0.317584 0.859223 0.032297 0.023578
0 0.145933 0.780166 0.035885 0.026352
0 0.174043 0.984050 0.025120 0.031900
0 0.048445 0.784327 0.027512 0.023578
0 0.289474 0.524965 0.023923 0.020804
0 0.160287 0.523578 0.021531 0.034674
0 0.041866 0.669209 0.028708 0.031900
0 0.611244 0.665049 0.033493 0.031900
0 0.776316 0.536755 0.026316 0.027739
0 0.706340 0.366158 0.029904 0.036061
0 0.736244 0.443135 0.029904 0.034674
0 0.479665 0.782940 0.026316 0.026352
0 0.508373 0.694175 0.028708 0.031900
0 0.582536 0.574202 0.026316 0.022191
0 0.753589 0.504854 0.019139 0.027739
0 0.872608 0.463245 0.025120 0.022191
0 0.886962 0.314840 0.022727 0.024965
0 0.945574 0.031207 0.068182 0.048544
0 0.402512 0.837032 0.027512 0.031900
0 0.672847 0.868239 0.027512 0.022191
0 0.699163 0.504161 0.037081 0.031900
0 0.811005 0.581137 0.026316 0.038835
0 0.805024 0.660888 0.028708 0.023578
0 0.684809 0.667822 0.029904 0.020804
0 0.673445 0.733010 0.021531 0.029126
0 0.763756 0.710125 0.027512 0.030513
0 0.379187 0.313454 0.026316 0.033287
0 0.403708 0.395978 0.032297 0.031900
0 0.806818 0.437587 0.017943 0.020804
0 0.825957 0.283634 0.027512 0.026352
0 0.577153 0.098474 0.027512 0.027739
0 0.617225 0.117892 0.021531 0.027739
0 0.620215 0.412621 0.022727 0.031900
0 0.528708 0.904300 0.023923 0.027739
0 0.555622 0.948682 0.020335 0.019417
0 0.851077 0.990985 0.020335 0.018031
0 0.968900 0.892510 0.021531 0.023578
0 0.985048 0.591540 0.020335 0.026352
0 0.679426 0.187933 0.033493 0.029126
0 0.528110 0.438974 0.037081 0.026352
0 0.251794 0.432732 0.022727 0.024965
0 0.085526 0.604716 0.032297 0.030513
0 0.125598 0.688627 0.033493 0.042996
0 0.254785 0.728849 0.031100 0.037448
0 0.297249 0.717753 0.025120 0.034674
0 0.354665 0.701803 0.037081 0.036061
0 0.632775 0.963245 0.026316 0.029126
0 0.886364 0.386963 0.021531 0.022191
0 0.889952 0.424411 0.023923 0.024965
0 0.805622 0.321775 0.020335 0.027739
0 0.775120 0.340499 0.026316 0.023578
0 0.645335 0.536755 0.027512 0.027739
0 0.535287 0.126214 0.020335 0.024965
0 0.945574 0.163662 0.020335 0.030513
0 0.800837 0.081831 0.025120 0.033287
0 0.798445 0.036755 0.022727 0.029126
0 0.388158 0.091540 0.029904 0.030513
0 0.479665 0.174064 0.031100 0.034674
0 0.826555 0.522191 0.021531 0.023578
0 0.854067 0.555479 0.028708 0.023578
0 0.895933 0.591540 0.021531 0.034674
0 0.769139 0.805132 0.035885 0.040222
0 0.714115 0.741331 0.026316 0.034674
0 0.937201 0.470180 0.020335 0.033287
0 0.672847 0.907074 0.020335 0.024965
0 0.882775 0.135922 0.016746 0.019417
0 0.904306 0.153259 0.019139 0.026352
0 0.977273 0.662275 0.021531 0.026352
0 0.413876 0.509015 0.040670 0.038835
