0 0.35096153846153844 0.46274038461538464 0.04567307692307692 0.039663461538461536
0 0.3762019230769231 0.5 0.021634615384615384 0.025240384615384616
0 0.40384615384615385 0.5024038461538461 0.021634615384615384 0.021634615384615384
0 0.40384615384615385 0.5228365384615384 0.036057692307692304 0.020432692307692308
0 0.48677884615384615 0.5564903846153846 0.03245192307692308 0.027644230769230768
0 0.7800480769230769 0.5817307692307693 0.037259615384615384 0.04447115384615385
0 0.7415865384615384 0.6298076923076923 0.03125 0.040865384615384616
0 0.7776442307692307 0.6310096153846154 0.02403846153846154 0.027644230769230768
0 0.8329326923076923 0.6394230769230769 0.037259615384615384 0.03125
0 0.4375 0.24278846153846154 0.04326923076923077 0.046875
0 0.5805288461538461 0.2920673076923077 0.0625 0.05048076923076923
0 0.6646634615384616 0.3737980769230769 0.055288461538461536 0.06370192307692307
0 0.9399038461538461 0.37740384615384615 0.002403846153846154 0.006009615384615385
0 0.9314903846153846 0.38221153846153844 0.001201923076923077 0.014423076923076924
0 0.25600961538461536 0.38461538461538464 0.026442307692307692 0.026442307692307692
0 0.25240384615384615 0.4206730769230769 0.021634615384615384 0.02283653846153846
0 0.4050480769230769 0.4326923076923077 0.02403846153846154 0.03485576923076923
0 0.25240384615384615 0.44350961538461536 0.027644230769230768 0.027644230769230768