1 0.40024038461538464 0.34375 0.038461538461538464 0.037259615384615384
1 0.18028846153846154 0.34375 0.04927884615384615 0.04326923076923077
1 0.2848557692307692 0.3762019230769231 0.046875 0.052884615384615384
1 0.328125 0.37740384615384615 0.028846153846153848 0.04326923076923077
1 0.4639423076923077 0.390625 0.046875 0.055288461538461536
1 0.21995192307692307 0.39302884615384615 0.046875 0.04927884615384615
1 0.5192307692307693 0.4182692307692308 0.040865384615384616 0.04927884615384615
1 0.2956730769230769 0.44591346153846156 0.03485576923076923 0.037259615384615384
1 0.5108173076923077 0.46153846153846156 0.040865384615384616 0.04326923076923077
1 0.21394230769230768 0.46274038461538464 0.040865384615384616 0.05889423076923077
1 0.5709134615384616 0.47836538461538464 0.055288461538461536 0.052884615384615384
1 0.265625 0.4855769230769231 0.03245192307692308 0.04326923076923077
1 0.17427884615384615 0.5120192307692307 0.038461538461538464 0.046875
1 0.45913461538461536 0.5216346153846154 0.04447115384615385 0.03365384615384615
1 0.20673076923076922 0.5324519230769231 0.04447115384615385 0.04927884615384615
1 0.3401442307692308 0.5384615384615384 0.046875 0.04326923076923077
1 0.24759615384615385 0.5516826923076923 0.04927884615384615 0.04927884615384615
1 0.2932692307692308 0.5745192307692307 0.040865384615384616 0.052884615384615384
1 0.21153846153846154 0.5853365384615384 0.040865384615384616 0.04326923076923077
1 0.5012019230769231 0.6129807692307693 0.040865384615384616 0.037259615384615384
1 0.3918269230769231 0.6274038461538461 0.04927884615384615 0.052884615384615384
1 0.453125 0.640625 0.04927884615384615 0.04326923076923077
1 0.4483173076923077 0.7271634615384616 0.052884615384615384 0.055288461538461536
1 0.5625 0.08774038461538461 0.052884615384615384 0.05889423076923077
1 0.5180288461538461 0.11658653846153846 0.04927884615384615 0.05889423076923077
1 0.546875 0.15504807692307693 0.04927884615384615 0.04326923076923077
1 0.6887019230769231 0.1658653846153846 0.040865384615384616 0.052884615384615384
1 0.31490384615384615 0.16826923076923078 0.06129807692307692 0.06490384615384616
1 0.5877403846153846 0.18389423076923078 0.04927884615384615 0.052884615384615384
1 0.20552884615384615 0.2692307692307692 0.046875 0.055288461538461536
1 0.4891826923076923 0.2848557692307692 0.040865384615384616 0.04927884615384615
1 0.3317307692307692 0.3076923076923077 0.046875 0.06490384615384616