1 0.7800480769230769 0.35096153846153844 0.05048076923076923 0.08653846153846154
1 0.26802884615384615 0.36177884615384615 0.040865384615384616 0.07211538461538461
1 0.4206730769230769 0.39663461538461536 0.0673076923076923 0.11899038461538461
1 0.5625 0.41466346153846156 0.046875 0.11298076923076923
1 0.7692307692307693 0.5072115384615384 0.0733173076923077 0.09495192307692307
1 0.9086538461538461 0.5132211538461539 0.036057692307692304 0.06009615384615385
1 0.2283653846153846 0.6658653846153846 0.03485576923076923 0.06610576923076923
1 0.28725961538461536 0.6899038461538461 0.055288461538461536 0.09014423076923077
1 0.49399038461538464 0.8774038461538461 0.038461538461538464 0.054086538461538464
1 0.8341346153846154 0.9086538461538461 0.05889423076923077 0.07451923076923077
1 0.8822115384615384 0.2403846153846154 0.040865384615384616 0.0625
1 0.49158653846153844 0.2536057692307692 0.038461538461538464 0.06009615384615385
1 0.7259615384615384 0.2776442307692308 0.040865384615384616 0.054086538461538464