0 0.0889423076923077 0.40865384615384615 0.05889423076923077 0.046875
0 0.13822115384615385 0.44350961538461536 0.04927884615384615 0.025240384615384616
0 0.33052884615384615 0.44591346153846156 0.04326923076923077 0.038461538461538464
0 0.2920673076923077 0.46274038461538464 0.051682692307692304 0.042067307692307696
0 0.14423076923076922 0.47475961538461536 0.06009615384615385 0.03245192307692308
0 0.5673076923076923 0.4987980769230769 0.04326923076923077 0.04927884615384615
0 0.3629807692307692 0.5793269230769231 0.0673076923076923 0.040865384615384616
0 0.20552884615384615 0.23557692307692307 0.05889423076923077 0.042067307692307696
0 0.2956730769230769 0.2956730769230769 0.04447115384615385 0.042067307692307696
0 0.5865384615384616 0.3137019230769231 0.05889423076923077 0.04326923076923077
0 0.3125 0.38100961538461536 0.051682692307692304 0.042067307692307696