0 0.33774038461538464 0.5480769230769231 0.028846153846153848 0.021634615384615384
0 0.30288461538461536 0.6117788461538461 0.03125 0.030048076923076924
0 0.17548076923076922 0.6478365384615384 0.027644230769230768 0.030048076923076924
0 0.36658653846153844 0.203125 0.028846153846153848 0.028846153846153848
0 0.2848557692307692 0.2091346153846154 0.026442307692307692 0.037259615384615384
0 0.07692307692307693 0.22596153846153846 0.028846153846153848 0.036057692307692304
0 0.11177884615384616 0.23918269230769232 0.02403846153846154 0.030048076923076924
0 0.3173076923076923 0.24879807692307693 0.03365384615384615 0.038461538461538464
0 0.4362980769230769 0.28966346153846156 0.025240384615384616 0.026442307692307692
0 0.12980769230769232 0.3173076923076923 0.02403846153846154 0.02403846153846154
0 0.2512019230769231 0.32211538461538464 0.02403846153846154 0.028846153846153848
0 0.3088942307692308 0.3389423076923077 0.03365384615384615 0.037259615384615384
0 0.33774038461538464 0.3473557692307692 0.028846153846153848 0.030048076923076924
0 0.1658653846153846 0.36177884615384615 0.02403846153846154 0.026442307692307692
0 0.27163461538461536 0.37740384615384615 0.02403846153846154 0.025240384615384616
0 0.3173076923076923 0.3858173076923077 0.02403846153846154 0.021634615384615384
0 0.13822115384615385 0.3894230769230769 0.027644230769230768 0.027644230769230768
0 0.2548076923076923 0.39302884615384615 0.027644230769230768 0.021634615384615384
0 0.36778846153846156 0.3954326923076923 0.02403846153846154 0.025240384615384616
0 0.34134615384615385 0.39783653846153844 0.026442307692307692 0.027644230769230768
0 0.28125 0.39903846153846156 0.025240384615384616 0.026442307692307692
0 0.33653846153846156 0.4519230769230769 0.021634615384615384 0.027644230769230768
0 0.3942307692307692 0.4831730769230769 0.040865384615384616 0.03125