1 0.5973557692307693 0.140625 0.026442307692307692 0.057692307692307696
1 0.4206730769230769 0.14543269230769232 0.030048076923076924 0.06370192307692307
1 0.4735576923076923 0.18870192307692307 0.039663461538461536 0.057692307692307696
1 0.6153846153846154 0.18870192307692307 0.026442307692307692 0.054086538461538464
1 0.6310096153846154 0.23798076923076922 0.026442307692307692 0.04927884615384615
1 0.5 0.25600961538461536 0.03365384615384615 0.056490384615384616
1 0.5709134615384616 0.265625 0.03125 0.046875
1 0.6117788461538461 0.3473557692307692 0.03485576923076923 0.0733173076923077
1 0.4639423076923077 0.34975961538461536 0.037259615384615384 0.0673076923076923
1 0.6189903846153846 0.42908653846153844 0.03245192307692308 0.057692307692307696
1 0.5552884615384616 0.44471153846153844 0.04567307692307692 0.0889423076923077
1 0.3317307692307692 0.4651442307692308 0.03365384615384615 0.057692307692307696
1 0.6334134615384616 0.4675480769230769 0.026442307692307692 0.04927884615384615
1 0.8665865384615384 0.5360576923076923 0.036057692307692304 0.05889423076923077
1 0.1502403846153846 0.5396634615384616 0.038461538461538464 0.06971153846153846
1 0.7728365384615384 0.5540865384615384 0.036057692307692304 0.0733173076923077
1 0.8269230769230769 0.5637019230769231 0.026442307692307692 0.06490384615384616
1 0.6442307692307693 0.5985576923076923 0.040865384615384616 0.0673076923076923
1 0.49038461538461536 0.6105769230769231 0.03245192307692308 0.056490384615384616
1 0.7259615384615384 0.6225961538461539 0.03125 0.06129807692307692
1 0.5216346153846154 0.6286057692307693 0.03365384615384615 0.057692307692307696
1 0.6129807692307693 0.6502403846153846 0.037259615384615384 0.06129807692307692
1 0.44471153846153844 0.6646634615384616 0.03125 0.06490384615384616
1 0.6430288461538461 0.7043269230769231 0.040865384615384616 0.04927884615384615
1 0.6069711538461539 0.7067307692307693 0.036057692307692304 0.056490384615384616
1 0.7175480769230769 0.7247596153846154 0.036057692307692304 0.042067307692307696
1 0.5721153846153846 0.7271634615384616 0.025240384615384616 0.057692307692307696
1 0.7896634615384616 0.7584134615384616 0.03365384615384615 0.051682692307692304
1 0.4795673076923077 0.8233173076923077 0.038461538461538464 0.057692307692307696
1 0.5492788461538461 0.8377403846153846 0.039663461538461536 0.051682692307692304
1 0.8257211538461539 0.8557692307692307 0.046875 0.06370192307692307
1 0.515625 0.08774038461538461 0.03485576923076923 0.046875
1 0.6550480769230769 0.8822115384615384 0.042067307692307696 0.054086538461538464
1 0.5973557692307693 0.8978365384615384 0.030048076923076924 0.06850961538461539
1 0.5360576923076923 0.09254807692307693 0.027644230769230768 0.056490384615384616
1 0.5432692307692307 0.9290865384615384 0.039663461538461536 0.06129807692307692