0 0.16706730769230768 0.3088942307692308 0.052884615384615384 0.10817307692307693
0 0.31971153846153844 0.4170673076923077 0.078125 0.125
0 0.4651442307692308 0.43990384615384615 0.06370192307692307 0.12139423076923077
0 0.03245192307692308 0.44350961538461536 0.06490384615384616 0.11057692307692307
0 0.2283653846153846 0.5721153846153846 0.054086538461538464 0.09735576923076923
0 0.34975961538461536 0.5829326923076923 0.06370192307692307 0.11298076923076923
0 0.2800480769230769 0.6274038461538461 0.057692307692307696 0.11899038461538461
0 0.7908653846153846 0.6550480769230769 0.06850961538461539 0.11298076923076923
0 0.4326923076923077 0.6574519230769231 0.04567307692307692 0.08533653846153846
0 0.6646634615384616 0.6670673076923077 0.05889423076923077 0.0889423076923077
0 0.33653846153846156 0.7271634615384616 0.0625 0.10216346153846154
0 0.6610576923076923 0.8052884615384616 0.07692307692307693 0.08533653846153846
0 0.4891826923076923 0.8209134615384616 0.08052884615384616 0.10817307692307693
0 0.4387019230769231 0.9423076923076923 0.1141826923076923 0.09375
0 0.056490384615384616 0.2644230769230769 0.06370192307692307 0.09735576923076923