0 0.7151442307692307 0.28725961538461536 0.05048076923076923 0.03485576923076923
0 0.6394230769230769 0.28725961538461536 0.05048076923076923 0.038461538461538464
0 0.5072115384615384 0.3088942307692308 0.040865384615384616 0.056490384615384616
0 0.9290865384615384 0.3317307692307692 0.04807692307692308 0.03245192307692308
0 0.30288461538461536 0.33533653846153844 0.040865384615384616 0.03245192307692308
0 0.5997596153846154 0.3870192307692308 0.06009615384615385 0.04326923076923077
0 0.47596153846153844 0.41346153846153844 0.038461538461538464 0.03245192307692308
0 0.18269230769230768 0.43509615384615385 0.039663461538461536 0.026442307692307692
0 0.3858173076923077 0.44591346153846156 0.046875 0.037259615384615384
0 0.1971153846153846 0.46634615384615385 0.06009615384615385 0.03245192307692308
0 0.42788461538461536 0.5012019230769231 0.057692307692307696 0.052884615384615384
0 0.16947115384615385 0.5480769230769231 0.04326923076923077 0.03485576923076923
0 0.3449519230769231 0.5552884615384616 0.046875 0.03485576923076923
0 0.20793269230769232 0.5913461538461539 0.040865384615384616 0.03485576923076923
0 0.3233173076923077 0.6117788461538461 0.042067307692307696 0.037259615384615384
0 0.24519230769230768 0.6334134615384616 0.037259615384615384 0.03125
0 0.45913461538461536 0.640625 0.04927884615384615 0.025240384615384616