0 0.6322115384615384 0.41346153846153844 0.014423076923076924 0.021634615384615384
0 0.6045673076923077 0.42908653846153844 0.018028846153846152 0.027644230769230768
0 0.6213942307692307 0.4338942307692308 0.019230769230769232 0.02403846153846154
0 0.5853365384615384 0.4495192307692308 0.018028846153846152 0.027644230769230768
0 0.5180288461538461 0.47596153846153844 0.015625 0.02283653846153846
0 0.6225961538461539 0.4879807692307692 0.02403846153846154 0.03245192307692308
0 0.5048076923076923 0.49158653846153844 0.015625 0.016826923076923076
0 0.5697115384615384 0.4951923076923077 0.014423076923076924 0.019230769230769232
0 0.5324519230769231 0.5048076923076923 0.02283653846153846 0.030048076923076924
0 0.5432692307692307 0.5228365384615384 0.018028846153846152 0.02403846153846154
0 0.6334134615384616 0.5240384615384616 0.026442307692307692 0.03245192307692308
0 0.4963942307692308 0.5528846153846154 0.020432692307692308 0.03245192307692308
0 0.5528846153846154 0.5564903846153846 0.013221153846153846 0.019230769230769232
0 0.515625 0.5637019230769231 0.018028846153846152 0.02283653846153846
0 0.5420673076923077 0.5757211538461539 0.014423076923076924 0.019230769230769232
0 0.6382211538461539 0.5961538461538461 0.02403846153846154 0.03125
0 0.5925480769230769 0.6081730769230769 0.016826923076923076 0.02403846153846154
0 0.5588942307692307 0.609375 0.021634615384615384 0.03485576923076923
0 0.5793269230769231 0.6454326923076923 0.015625 0.020432692307692308
0 0.5925480769230769 0.6670673076923077 0.018028846153846152 0.015625
0 0.5264423076923077 0.671875 0.015625 0.018028846153846152
0 0.4951923076923077 0.6790865384615384 0.014423076923076924 0.020432692307692308
0 0.5697115384615384 0.7007211538461539 0.016826923076923076 0.020432692307692308