1 0.8100961538461539 0.45552884615384615 0.054086538461538464 0.0625
1 0.25721153846153844 0.051682692307692304 0.04447115384615385 0.0673076923076923
1 0.34375 0.5228365384615384 0.054086538461538464 0.09014423076923077
1 0.6586538461538461 0.5288461538461539 0.05048076923076923 0.07692307692307693
1 0.28725961538461536 0.5384615384615384 0.05048076923076923 0.10336538461538461
1 0.8569711538461539 0.5444711538461539 0.06850961538461539 0.08052884615384616
1 0.040865384615384616 0.5697115384615384 0.06129807692307692 0.0673076923076923
1 0.24519230769230768 0.5949519230769231 0.07451923076923077 0.0625
1 0.8161057692307693 0.6237980769230769 0.06850961538461539 0.07692307692307693
1 0.13221153846153846 0.0625 0.054086538461538464 0.0625
1 0.7427884615384616 0.6706730769230769 0.06490384615384616 0.09014423076923077
1 0.32091346153846156 0.7211538461538461 0.057692307692307696 0.07211538461538461
1 0.19951923076923078 0.07932692307692307 0.05048076923076923 0.0673076923076923
1 0.4375 0.7860576923076923 0.06490384615384616 0.08533653846153846
1 0.734375 0.09495192307692307 0.054086538461538464 0.07211538461538461
1 0.19230769230769232 0.13341346153846154 0.037259615384615384 0.05889423076923077
1 0.3004807692307692 0.16466346153846154 0.04447115384615385 0.05889423076923077
1 0.6670673076923077 0.203125 0.040865384615384616 0.0625
1 0.3557692307692308 0.21634615384615385 0.05048076923076923 0.054086538461538464
1 0.22596153846153846 0.22115384615384615 0.037259615384615384 0.07211538461538461
1 0.8942307692307693 0.27283653846153844 0.04807692307692308 0.05889423076923077
1 0.9711538461538461 0.28365384615384615 0.04447115384615385 0.07211538461538461
1 0.15264423076923078 0.28365384615384615 0.054086538461538464 0.08052884615384616
1 0.7403846153846154 0.2860576923076923 0.04447115384615385 0.04927884615384615
1 0.390625 0.3088942307692308 0.040865384615384616 0.05889423076923077
1 0.515625 0.31490384615384615 0.078125 0.08052884615384616
1 0.328125 0.3173076923076923 0.05048076923076923 0.07692307692307693
1 0.4338942307692308 0.33052884615384615 0.04447115384615385 0.08533653846153846
1 0.8125 0.33052884615384615 0.06129807692307692 0.07692307692307693
1 0.20432692307692307 0.33533653846153844 0.040865384615384616 0.04927884615384615
1 0.25721153846153844 0.33774038461538464 0.04447115384615385 0.054086538461538464
1 0.9086538461538461 0.3449519230769231 0.054086538461538464 0.08533653846153846
1 0.0625 0.3762019230769231 0.05048076923076923 0.07692307692307693
1 0.7427884615384616 0.3786057692307692 0.05048076923076923 0.07211538461538461
1 0.33653846153846156 0.4026442307692308 0.08173076923076923 0.08533653846153846
1 0.6502403846153846 0.4098557692307692 0.054086538461538464 0.0625
1 0.16947115384615385 0.41225961538461536 0.04807692307692308 0.0673076923076923
1 0.734375 0.4483173076923077 0.06129807692307692 0.07692307692307693