0 0.4543269230769231 0.4579326923076923 0.03245192307692308 0.046875
0 0.5216346153846154 0.484375 0.030048076923076924 0.051682692307692304
0 0.3269230769230769 0.4951923076923077 0.03245192307692308 0.04567307692307692
0 0.3581730769230769 0.4987980769230769 0.03125 0.052884615384615384
0 0.35697115384615385 0.5372596153846154 0.03125 0.03125
0 0.4483173076923077 0.5372596153846154 0.02403846153846154 0.036057692307692304
0 0.4807692307692308 0.5408653846153846 0.027644230769230768 0.04567307692307692
0 0.45072115384615385 0.5625 0.028846153846153848 0.025240384615384616
0 0.3137019230769231 0.5637019230769231 0.025240384615384616 0.039663461538461536
0 0.36538461538461536 0.5769230769230769 0.021634615384615384 0.02403846153846154
0 0.3485576923076923 0.5913461538461539 0.026442307692307692 0.042067307692307696
0 0.4423076923076923 0.5973557692307693 0.02403846153846154 0.03365384615384615
0 0.49759615384615385 0.6081730769230769 0.030048076923076924 0.046875
0 0.37259615384615385 0.6141826923076923 0.02403846153846154 0.036057692307692304
0 0.3641826923076923 0.6382211538461539 0.025240384615384616 0.036057692307692304
0 0.421875 0.6550480769230769 0.03125 0.04927884615384615
0 0.3004807692307692 0.0889423076923077 0.039663461538461536 0.046875
0 0.2439903846153846 0.1310096153846154 0.037259615384615384 0.05889423076923077
0 0.35336538461538464 0.15745192307692307 0.038461538461538464 0.04567307692307692