0 0.4987980769230769 0.38341346153846156 0.04567307692307692 0.0673076923076923
0 0.4266826923076923 0.4230769230769231 0.03245192307692308 0.06129807692307692
0 0.5997596153846154 0.4326923076923077 0.036057692307692304 0.06370192307692307
0 0.37259615384615385 0.46274038461538464 0.028846153846153848 0.054086538461538464
0 0.6346153846153846 0.49278846153846156 0.03245192307692308 0.057692307692307696
0 0.22115384615384615 0.4987980769230769 0.03125 0.054086538461538464
0 0.4495192307692308 0.5012019230769231 0.03485576923076923 0.06129807692307692
0 0.3425480769230769 0.5408653846153846 0.038461538461538464 0.06129807692307692
0 0.5168269230769231 0.5432692307692307 0.036057692307692304 0.078125
0 0.609375 0.5709134615384616 0.04447115384615385 0.078125
0 0.47115384615384615 0.5817307692307693 0.03245192307692308 0.057692307692307696
0 0.5240384615384616 0.6538461538461539 0.03125 0.05048076923076923
0 0.5552884615384616 0.6923076923076923 0.03245192307692308 0.057692307692307696
0 0.3245192307692308 0.203125 0.028846153846153848 0.057692307692307696
0 0.46153846153846156 0.21394230769230768 0.028846153846153848 0.057692307692307696
0 0.35096153846153844 0.21995192307692307 0.03485576923076923 0.054086538461538464
0 0.3329326923076923 0.24519230769230768 0.03125 0.046875
0 0.4170673076923077 0.2536057692307692 0.03245192307692308 0.057692307692307696
0 0.5168269230769231 0.3016826923076923 0.03245192307692308 0.0673076923076923
0 0.3870192307692308 0.3088942307692308 0.038461538461538464 0.06129807692307692