0 0.234375 0.24879807692307693 0.036057692307692304 0.04807692307692308
0 0.4182692307692308 0.25 0.03125 0.040865384615384616
0 0.4375 0.027644230769230768 0.04567307692307692 0.04326923076923077
0 0.39302884615384615 0.29927884615384615 0.042067307692307696 0.04927884615384615
0 0.5216346153846154 0.30408653846153844 0.03365384615384615 0.05889423076923077
0 0.5384615384615384 0.36538461538461536 0.026442307692307692 0.04326923076923077
0 0.5012019230769231 0.3701923076923077 0.038461538461538464 0.04807692307692308
0 0.4230769230769231 0.4026442307692308 0.03125 0.038461538461538464
0 0.25240384615384615 0.40865384615384615 0.042067307692307696 0.051682692307692304
0 0.48677884615384615 0.4182692307692308 0.026442307692307692 0.03245192307692308
0 0.375 0.43028846153846156 0.05048076923076923 0.04326923076923077
0 0.6310096153846154 0.47115384615384615 0.038461538461538464 0.040865384615384616
0 0.453125 0.47596153846153844 0.037259615384615384 0.04807692307692308
0 0.3425480769230769 0.4963942307692308 0.03245192307692308 0.0673076923076923
0 0.4519230769230769 0.5060096153846154 0.038461538461538464 0.037259615384615384
0 0.5132211538461539 0.5060096153846154 0.036057692307692304 0.054086538461538464
0 0.4699519230769231 0.5360576923076923 0.036057692307692304 0.04567307692307692
0 0.6045673076923077 0.5372596153846154 0.04567307692307692 0.0733173076923077
0 0.5072115384615384 0.5637019230769231 0.025240384615384616 0.040865384615384616
0 0.5036057692307693 0.10817307692307693 0.036057692307692304 0.056490384615384616
0 0.29447115384615385 0.20072115384615385 0.016826923076923076 0.030048076923076924