1 0.7992788461538461 0.3329326923076923 0.028846153846153848 0.056490384615384616
1 0.6971153846153846 0.37259615384615385 0.038461538461538464 0.042067307692307696
1 0.6298076923076923 0.40625 0.046875 0.06009615384615385
1 0.7956730769230769 0.43990384615384615 0.03485576923076923 0.05048076923076923
1 0.48677884615384615 0.5180288461538461 0.04447115384615385 0.04447115384615385
1 0.3942307692307692 0.6346153846153846 0.038461538461538464 0.038461538461538464
1 0.6586538461538461 0.06850961538461539 0.06129807692307692 0.054086538461538464
1 0.3701923076923077 0.875 0.03485576923076923 0.06009615384615385
1 0.4254807692307692 0.921875 0.03245192307692308 0.042067307692307696
1 0.39663461538461536 0.9543269230769231 0.055288461538461536 0.05048076923076923
1 0.7632211538461539 0.13581730769230768 0.05048076923076923 0.056490384615384616
1 0.8677884615384616 0.14903846153846154 0.052884615384615384 0.06009615384615385
1 0.8389423076923077 0.22716346153846154 0.042067307692307696 0.06009615384615385