0 0.5108173076923077 0.20432692307692307 0.05048076923076923 0.0733173076923077
0 0.6418269230769231 0.22716346153846154 0.04567307692307692 0.07572115384615384
0 0.734375 0.23317307692307693 0.05048076923076923 0.0673076923076923
0 0.6694711538461539 0.2668269230769231 0.057692307692307696 0.078125
0 0.3088942307692308 0.296875 0.05889423076923077 0.11658653846153846
0 0.6646634615384616 0.43149038461538464 0.03245192307692308 0.051682692307692304
0 0.4110576923076923 0.5564903846153846 0.052884615384615384 0.0733173076923077
0 0.7524038461538461 0.6105769230769231 0.037259615384615384 0.0733173076923077
0 0.4170673076923077 0.6526442307692307 0.054086538461538464 0.078125
0 0.3245192307692308 0.06971153846153846 0.06009615384615385 0.08774038461538461
0 0.6610576923076923 0.7259615384615384 0.042067307692307696 0.08052884615384616
0 0.3870192307692308 0.7391826923076923 0.04447115384615385 0.07451923076923077
0 0.7788461538461539 0.07451923076923077 0.05048076923076923 0.07451923076923077
0 0.4495192307692308 0.7427884615384616 0.06490384615384616 0.11538461538461539
0 0.5649038461538461 0.7536057692307693 0.037259615384615384 0.051682692307692304
0 0.5300480769230769 0.7752403846153846 0.026442307692307692 0.051682692307692304
0 0.3293269230769231 0.7872596153846154 0.05889423076923077 0.078125
0 0.5516826923076923 0.7932692307692307 0.02403846153846154 0.0733173076923077
0 0.7608173076923077 0.8112980769230769 0.039663461538461536 0.05889423076923077
0 0.9122596153846154 0.8425480769230769 0.036057692307692304 0.06971153846153846
0 0.53125 0.8545673076923077 0.04447115384615385 0.06370192307692307
0 0.5180288461538461 0.9290865384615384 0.038461538461538464 0.07572115384615384
0 0.25961538461538464 0.9314903846153846 0.04927884615384615 0.06129807692307692
0 0.6117788461538461 0.9543269230769231 0.040865384615384616 0.06129807692307692
0 0.6550480769230769 0.10697115384615384 0.056490384615384616 0.08774038461538461
0 0.5961538461538461 0.11177884615384616 0.04927884615384615 0.078125