1 0.5252403846153846 0.16466346153846154 0.039663461538461536 0.04567307692307692
1 0.5588942307692307 0.1778846153846154 0.03125 0.051682692307692304
1 0.6646634615384616 0.234375 0.03485576923076923 0.04567307692307692
1 0.7283653846153846 0.234375 0.037259615384615384 0.038461538461538464
1 0.5252403846153846 0.296875 0.037259615384615384 0.052884615384615384
1 0.9495192307692307 0.31850961538461536 0.04326923076923077 0.07091346153846154
1 0.7391826923076923 0.39783653846153844 0.03485576923076923 0.05048076923076923
1 0.43509615384615385 0.4050480769230769 0.05048076923076923 0.07572115384615384
1 0.5685096153846154 0.042067307692307696 0.040865384615384616 0.04567307692307692
1 0.5817307692307693 0.5060096153846154 0.028846153846153848 0.05048076923076923
1 0.6862980769230769 0.5096153846153846 0.030048076923076924 0.04567307692307692
1 0.3004807692307692 0.5612980769230769 0.039663461538461536 0.051682692307692304
1 0.5396634615384616 0.6117788461538461 0.037259615384615384 0.051682692307692304
1 0.22596153846153846 0.8100961538461539 0.026442307692307692 0.042067307692307696
1 0.4411057692307692 0.10576923076923077 0.030048076923076924 0.06009615384615385
1 0.5829326923076923 0.1141826923076923 0.028846153846153848 0.046875
1 0.48197115384615385 0.14423076923076922 0.037259615384615384 0.06009615384615385