1 0.6646634615384616 0.29447115384615385 0.04326923076923077 0.04927884615384615
1 0.48197115384615385 0.31850961538461536 0.04326923076923077 0.0673076923076923
1 0.23798076923076922 0.34134615384615385 0.03365384615384615 0.06129807692307692
1 0.2956730769230769 0.359375 0.03485576923076923 0.06129807692307692
1 0.18870192307692307 0.375 0.03485576923076923 0.06370192307692307
1 0.3870192307692308 0.3798076923076923 0.03365384615384615 0.04927884615384615
1 0.5252403846153846 0.4170673076923077 0.03485576923076923 0.06129807692307692
1 0.41466346153846156 0.44711538461538464 0.030048076923076924 0.07572115384615384
1 0.1875 0.45072115384615385 0.042067307692307696 0.06370192307692307
1 0.4338942307692308 0.46033653846153844 0.025240384615384616 0.055288461538461536
1 0.35216346153846156 0.4987980769230769 0.030048076923076924 0.06129807692307692
1 0.2932692307692308 0.5745192307692307 0.04326923076923077 0.06129807692307692
1 0.6646634615384616 0.6033653846153846 0.046875 0.078125
1 0.46274038461538464 0.6105769230769231 0.038461538461538464 0.06370192307692307
1 0.5108173076923077 0.6129807692307693 0.042067307692307696 0.07572115384615384
1 0.5973557692307693 0.671875 0.038461538461538464 0.06971153846153846
1 0.5841346153846154 0.07211538461538461 0.03485576923076923 0.046875
1 0.5240384615384616 0.08533653846153846 0.03125 0.055288461538461536
1 0.5997596153846154 0.12620192307692307 0.039663461538461536 0.04326923076923077
1 0.5444711538461539 0.1466346153846154 0.037259615384615384 0.06129807692307692
1 0.6730769230769231 0.15745192307692307 0.038461538461538464 0.052884615384615384
1 0.5865384615384616 0.16706730769230768 0.03365384615384615 0.055288461538461536
1 0.3245192307692308 0.22235576923076922 0.04807692307692308 0.055288461538461536
1 0.4074519230769231 0.23557692307692307 0.028846153846153848 0.057692307692307696
1 0.4543269230769231 0.25240384615384615 0.038461538461538464 0.052884615384615384
1 0.5925480769230769 0.25961538461538464 0.04807692307692308 0.0673076923076923