0 0.4567307692307692 0.625 0.025240384615384616 0.03365384615384615
0 0.3557692307692308 0.6274038461538461 0.015625 0.028846153846153848
0 0.515625 0.6382211538461539 0.020432692307692308 0.027644230769230768
0 0.375 0.640625 0.021634615384615384 0.03125
0 0.48197115384615385 0.6802884615384616 0.020432692307692308 0.03125
0 0.4579326923076923 0.6887019230769231 0.019230769230769232 0.03485576923076923
0 0.37740384615384615 0.6911057692307693 0.015625 0.03125
0 0.3629807692307692 0.6935096153846154 0.016826923076923076 0.028846153846153848
0 0.37740384615384615 0.7175480769230769 0.015625 0.027644230769230768
0 0.44350961538461536 0.7199519230769231 0.020432692307692308 0.039663461538461536
0 0.5096153846153846 0.7199519230769231 0.020432692307692308 0.04326923076923077
0 0.4254807692307692 0.7283653846153846 0.018028846153846152 0.03485576923076923
0 0.33052884615384615 0.7391826923076923 0.021634615384615384 0.028846153846153848
0 0.35096153846153844 0.7463942307692307 0.02283653846153846 0.039663461538461536
0 0.33413461538461536 0.7692307692307693 0.018028846153846152 0.03485576923076923
0 0.4206730769230769 0.7740384615384616 0.016826923076923076 0.03485576923076923
0 0.5733173076923077 0.7776442307692307 0.025240384615384616 0.04326923076923077
0 0.31971153846153844 0.7992788461538461 0.020432692307692308 0.03125
0 0.11658653846153846 0.9567307692307693 0.001201923076923077 0.002403846153846154