1 0.33774038461538464 0.18990384615384615 0.054086538461538464 0.03485576923076923
1 0.5120192307692307 0.21153846153846154 0.051682692307692304 0.03485576923076923
1 0.3894230769230769 0.23918269230769232 0.056490384615384616 0.03485576923076923
1 0.5372596153846154 0.296875 0.051682692307692304 0.03125
1 0.3858173076923077 0.35336538461538464 0.04447115384615385 0.03125
1 0.15745192307692307 0.3641826923076923 0.051682692307692304 0.03485576923076923
1 0.4651442307692308 0.41225961538461536 0.04927884615384615 0.03485576923076923
1 0.6850961538461539 0.4795673076923077 0.05889423076923077 0.03485576923076923
1 0.5877403846153846 0.4855769230769231 0.046875 0.03485576923076923
1 0.390625 0.49038461538461536 0.06850961538461539 0.04447115384615385
1 0.34975961538461536 0.5228365384615384 0.04927884615384615 0.03245192307692308
1 0.5492788461538461 0.5564903846153846 0.051682692307692304 0.04807692307692308
1 0.3629807692307692 0.5721153846153846 0.051682692307692304 0.038461538461538464
1 0.3557692307692308 0.6430288461538461 0.051682692307692304 0.038461538461538464