0 0.5673076923076923 0.27403846153846156 0.04447115384615385 0.0625
0 0.5096153846153846 0.28966346153846156 0.051682692307692304 0.06850961538461539
0 0.6165865384615384 0.328125 0.054086538461538464 0.06610576923076923
0 0.45913461538461536 0.3629807692307692 0.039663461538461536 0.0625
0 0.6201923076923077 0.390625 0.038461538461538464 0.06009615384615385
0 0.5516826923076923 0.43509615384615385 0.06129807692307692 0.06610576923076923
0 0.6598557692307693 0.4855769230769231 0.06009615384615385 0.0829326923076923
0 0.4230769230769231 0.546875 0.052884615384615384 0.06490384615384616
0 0.3401442307692308 0.6033653846153846 0.06129807692307692 0.07451923076923077
0 0.5721153846153846 0.6766826923076923 0.05048076923076923 0.0625
0 0.421875 0.7115384615384616 0.06009615384615385 0.0625
0 0.7548076923076923 0.7608173076923077 0.036057692307692304 0.04927884615384615
0 0.4951923076923077 0.7740384615384616 0.04326923076923077 0.0625
0 0.4098557692307692 0.8293269230769231 0.04326923076923077 0.04927884615384615
0 0.5192307692307693 0.16466346153846154 0.04447115384615385 0.06490384615384616