0 0.5144230769230769 0.3329326923076923 0.037259615384615384 0.040865384615384616
0 0.4675480769230769 0.3401442307692308 0.038461538461538464 0.055288461538461536
0 0.5528846153846154 0.34375 0.030048076923076924 0.042067307692307696
0 0.5877403846153846 0.34615384615384615 0.03245192307692308 0.037259615384615384
0 0.41466346153846156 0.35096153846153844 0.039663461538461536 0.042067307692307696
0 0.6045673076923077 0.3545673076923077 0.02403846153846154 0.05048076923076923
0 0.3713942307692308 0.3581730769230769 0.04807692307692308 0.07211538461538461
0 0.5324519230769231 0.390625 0.03245192307692308 0.030048076923076924
0 0.43990384615384615 0.39783653846153844 0.026442307692307692 0.03365384615384615
0 0.24639423076923078 0.4014423076923077 0.03365384615384615 0.051682692307692304
0 0.5480769230769231 0.4050480769230769 0.028846153846153848 0.03365384615384615
0 0.4855769230769231 0.4074519230769231 0.04567307692307692 0.05048076923076923
0 0.38221153846153844 0.4831730769230769 0.03365384615384615 0.04807692307692308
0 0.5204326923076923 0.2608173076923077 0.039663461538461536 0.04447115384615385
0 0.45913461538461536 0.2860576923076923 0.04447115384615385 0.054086538461538464
0 0.5168269230769231 0.29927884615384615 0.027644230769230768 0.038461538461538464
0 0.5757211538461539 0.30649038461538464 0.026442307692307692 0.03485576923076923