0 0.625 0.4807692307692308 0.07932692307692307 0.09495192307692307
0 0.2512019230769231 0.49278846153846156 0.11778846153846154 0.14783653846153846
0 0.44350961538461536 0.5721153846153846 0.11057692307692307 0.13341346153846154
0 0.8305288461538461 0.6045673076923077 0.08653846153846154 0.1141826923076923
0 0.17067307692307693 0.6045673076923077 0.07932692307692307 0.12980769230769232
0 0.9483173076923077 0.6658653846153846 0.08653846153846154 0.16706730769230768
0 0.671875 0.6923076923076923 0.09975961538461539 0.1141826923076923
0 0.2668269230769231 0.6995192307692307 0.10216346153846154 0.12980769230769232
0 0.8125 0.08173076923076923 0.12379807692307693 0.16346153846153846
0 0.3737980769230769 0.8798076923076923 0.10817307692307693 0.11778846153846154
0 0.671875 0.1045673076923077 0.08413461538461539 0.125
0 0.7475961538461539 0.24278846153846154 0.09495192307692307 0.14423076923076922
0 0.9435096153846154 0.24519230769230768 0.06610576923076923 0.11057692307692307
0 0.5889423076923077 0.27524038461538464 0.09134615384615384 0.13341346153846154
0 0.265625 0.3076923076923077 0.09495192307692307 0.13701923076923078
0 0.12860576923076922 0.3389423076923077 0.09975961538461539 0.13701923076923078
0 0.4182692307692308 0.36177884615384615 0.09735576923076923 0.13701923076923078