1 0.5120192307692307 0.47475961538461536 0.057692307692307696 0.07692307692307693
1 0.5805288461538461 0.47475961538461536 0.06490384615384616 0.0673076923076923
1 0.46033653846153844 0.04927884615384615 0.07091346153846154 0.0625
1 0.6442307692307693 0.5048076923076923 0.05048076923076923 0.0625
1 0.3317307692307692 0.5132211538461539 0.06490384615384616 0.07211538461538461
1 0.8317307692307693 0.5697115384615384 0.05048076923076923 0.07692307692307693
1 0.6478365384615384 0.6466346153846154 0.057692307692307696 0.07692307692307693
1 0.5 0.6574519230769231 0.054086538461538464 0.0625
1 0.32091346153846156 0.7944711538461539 0.04447115384615385 0.0673076923076923
1 0.6923076923076923 0.08774038461538461 0.078125 0.07692307692307693
1 0.33653846153846156 0.09014423076923077 0.06850961538461539 0.07211538461538461
1 0.8401442307692307 0.10576923076923077 0.04807692307692308 0.05889423076923077
1 0.5889423076923077 0.11538461538461539 0.04807692307692308 0.05889423076923077
1 0.5204326923076923 0.15504807692307693 0.0889423076923077 0.0673076923076923
1 0.7079326923076923 0.23197115384615385 0.054086538461538464 0.0673076923076923
1 0.20793269230769232 0.234375 0.06129807692307692 0.09014423076923077
1 0.7512019230769231 0.3125 0.054086538461538464 0.08533653846153846
1 0.6694711538461539 0.3329326923076923 0.06129807692307692 0.08052884615384616
1 0.5600961538461539 0.36658653846153844 0.057692307692307696 0.07692307692307693
1 0.5048076923076923 0.3762019230769231 0.05048076923076923 0.07692307692307693
1 0.4423076923076923 0.3918269230769231 0.04807692307692308 0.07211538461538461