0 0.5685096153846154 0.3173076923076923 0.06850961538461539 0.040865384615384616
0 0.4098557692307692 0.33653846153846156 0.054086538461538464 0.03485576923076923
0 0.5420673076923077 0.41225961538461536 0.0733173076923077 0.037259615384615384
0 0.4098557692307692 0.4879807692307692 0.06370192307692307 0.04326923076923077
0 0.546875 0.5216346153846154 0.054086538461538464 0.05048076923076923
0 0.7103365384615384 0.5588942307692307 0.04927884615384615 0.03125
0 0.5492788461538461 0.5841346153846154 0.04927884615384615 0.03125
0 0.8557692307692307 0.6153846153846154 0.0733173076923077 0.03125
0 0.9098557692307693 0.6466346153846154 0.0733173076923077 0.037259615384615384
0 0.41466346153846156 0.6526442307692307 0.06370192307692307 0.037259615384615384
0 0.6346153846153846 0.65625 0.06370192307692307 0.03125
0 0.33052884615384615 0.6574519230769231 0.054086538461538464 0.027644230769230768
0 0.8161057692307693 0.6670673076923077 0.054086538461538464 0.03485576923076923
0 0.6298076923076923 0.7175480769230769 0.054086538461538464 0.027644230769230768
0 0.11298076923076923 0.7692307692307693 0.078125 0.04326923076923077
0 0.25961538461538464 0.7740384615384616 0.04927884615384615 0.046875
0 0.45552884615384615 0.21514423076923078 0.06850961538461539 0.0625
0 0.08774038461538461 0.23317307692307693 0.078125 0.046875
0 0.19110576923076922 0.23798076923076922 0.06850961538461539 0.037259615384615384
0 0.2644230769230769 0.24519230769230768 0.06850961538461539 0.040865384615384616
0 0.36538461538461536 0.25 0.04447115384615385 0.05048076923076923