0 0.40865384615384615 0.5108173076923077 0.054086538461538464 0.07692307692307693
0 0.16947115384615385 0.5673076923076923 0.07451923076923077 0.10817307692307693
0 0.6346153846153846 0.6009615384615384 0.06490384615384616 0.0673076923076923
0 0.40024038461538464 0.6346153846153846 0.0985576923076923 0.15264423076923078
0 0.9699519230769231 0.6754807692307693 0.054086538461538464 0.08052884615384616
0 0.734375 0.0673076923076923 0.06850961538461539 0.09014423076923077
0 0.8497596153846154 0.6754807692307693 0.06129807692307692 0.08052884615384616
0 0.2956730769230769 0.6754807692307693 0.09495192307692307 0.11658653846153846
0 0.6310096153846154 0.703125 0.09134615384615384 0.11658653846153846
0 0.20432692307692307 0.7524038461538461 0.06129807692307692 0.08052884615384616
0 0.5697115384615384 0.765625 0.06490384615384616 0.09014423076923077
0 0.4831730769230769 0.7704326923076923 0.08173076923076923 0.08052884615384616
0 0.10576923076923077 0.78125 0.06850961538461539 0.11298076923076923
0 0.27403846153846156 0.8293269230769231 0.07091346153846154 0.09014423076923077
0 0.5336538461538461 0.15264423076923078 0.054086538461538464 0.09014423076923077
0 0.7716346153846154 0.16466346153846154 0.07451923076923077 0.10336538461538461
0 0.3894230769230769 0.17307692307692307 0.07091346153846154 0.10336538461538461
0 0.6875 0.1778846153846154 0.06129807692307692 0.10336538461538461
0 0.4723557692307692 0.22956730769230768 0.06850961538461539 0.0985576923076923
0 0.15865384615384615 0.25 0.078125 0.08533653846153846
0 0.31850961538461536 0.265625 0.10576923076923077 0.10817307692307693
0 0.6153846153846154 0.030048076923076924 0.052884615384615384 0.06009615384615385
0 0.4579326923076923 0.31490384615384615 0.09134615384615384 0.0985576923076923
0 0.1502403846153846 0.3173076923076923 0.07451923076923077 0.08533653846153846
0 0.6394230769230769 0.3293269230769231 0.06850961538461539 0.10817307692307693
0 0.7211538461538461 0.35096153846153844 0.08173076923076923 0.09014423076923077
0 0.44711538461538464 0.038461538461538464 0.09134615384615384 0.07692307692307693
0 0.6069711538461539 0.4411057692307692 0.07091346153846154 0.08052884615384616
0 0.6850961538461539 0.44591346153846156 0.07091346153846154 0.09014423076923077