1 0.4951923076923077 0.5048076923076923 0.05048076923076923 0.07211538461538461
1 0.7668269230769231 0.5805288461538461 0.05048076923076923 0.07211538461538461
1 0.4579326923076923 0.5853365384615384 0.04447115384615385 0.07211538461538461
1 0.6838942307692307 0.6009615384615384 0.06129807692307692 0.07692307692307693
1 0.5372596153846154 0.6153846153846154 0.054086538461538464 0.05889423076923077
1 0.59375 0.6670673076923077 0.057692307692307696 0.0625
1 0.5216346153846154 0.6754807692307693 0.04447115384615385 0.0625
1 0.6995192307692307 0.6875 0.05048076923076923 0.07692307692307693
1 0.6382211538461539 0.7908653846153846 0.037259615384615384 0.07692307692307693
1 0.5 0.3473557692307692 0.06129807692307692 0.07211538461538461
1 0.45913461538461536 0.3918269230769231 0.04807692307692308 0.0625
1 0.578125 0.4098557692307692 0.054086538461538464 0.08052884615384616
1 0.515625 0.41225961538461536 0.05048076923076923 0.0673076923076923
1 0.41466346153846156 0.44350961538461536 0.054086538461538464 0.0673076923076923