0 0.5973557692307693 0.4735576923076923 0.057692307692307696 0.07211538461538461
0 0.3329326923076923 0.484375 0.04807692307692308 0.07692307692307693
0 0.6971153846153846 0.6105769230769231 0.040865384615384616 0.0673076923076923
0 0.734375 0.6262019230769231 0.04807692307692308 0.04447115384615385
0 0.5865384615384616 0.6646634615384616 0.057692307692307696 0.09495192307692307
0 0.7403846153846154 0.6706730769230769 0.04447115384615385 0.04447115384615385
0 0.4519230769230769 0.8329326923076923 0.06129807692307692 0.07211538461538461
0 0.2800480769230769 0.10096153846153846 0.057692307692307696 0.0673076923076923
0 0.43990384615384615 0.16706730769230768 0.037259615384615384 0.0625
0 0.4723557692307692 0.16706730769230768 0.040865384615384616 0.07211538461538461
0 0.2980769230769231 0.2091346153846154 0.06490384615384616 0.05889423076923077
0 0.8004807692307693 0.22956730769230768 0.05048076923076923 0.09014423076923077
0 0.7211538461538461 0.2860576923076923 0.054086538461538464 0.0673076923076923
0 0.5612980769230769 0.3125 0.054086538461538464 0.05889423076923077
0 0.6610576923076923 0.31971153846153844 0.030048076923076924 0.054086538461538464
0 0.36899038461538464 0.3293269230769231 0.057692307692307696 0.08052884615384616
0 0.31971153846153844 0.35096153846153844 0.04807692307692308 0.0625
0 0.5540865384615384 0.36899038461538464 0.04807692307692308 0.0625
0 0.7091346153846154 0.3870192307692308 0.05048076923076923 0.08052884615384616
0 0.40865384615384615 0.4026442307692308 0.06129807692307692 0.08533653846153846
0 0.08653846153846154 0.4411057692307692 0.07091346153846154 0.0985576923076923