0 0.40384615384615385 0.7439903846153846 0.019230769230769232 0.030048076923076924
0 0.43509615384615385 0.78125 0.018028846153846152 0.03365384615384615
0 0.41586538461538464 0.8173076923076923 0.026442307692307692 0.04447115384615385
0 0.3016826923076923 0.46033653846153844 0.026442307692307692 0.057692307692307696
0 0.3786057692307692 0.49278846153846156 0.026442307692307692 0.04807692307692308
0 0.30649038461538464 0.5336538461538461 0.020432692307692308 0.04447115384615385
0 0.3269230769230769 0.5360576923076923 0.018028846153846152 0.046875
0 0.34134615384615385 0.5540865384615384 0.018028846153846152 0.054086538461538464
0 0.4723557692307692 0.5661057692307693 0.02283653846153846 0.038461538461538464
0 0.4963942307692308 0.625 0.026442307692307692 0.056490384615384616
0 0.4519230769230769 0.640625 0.027644230769230768 0.057692307692307696
0 0.40384615384615385 0.6502403846153846 0.03125 0.051682692307692304
0 0.5216346153846154 0.6670673076923077 0.025240384615384616 0.05048076923076923
0 0.38100961538461536 0.6899038461538461 0.026442307692307692 0.05048076923076923
0 0.5444711538461539 0.7019230769230769 0.03125 0.052884615384615384
0 0.49158653846153844 0.7115384615384616 0.026442307692307692 0.051682692307692304
0 0.4543269230769231 0.7295673076923077 0.02283653846153846 0.05048076923076923