0 0.671875 0.5108173076923077 0.06490384615384616 0.07692307692307693
0 0.5805288461538461 0.5132211538461539 0.078125 0.09014423076923077
0 0.734375 0.515625 0.054086538461538464 0.09495192307692307
0 0.4098557692307692 0.5252403846153846 0.06490384615384616 0.08533653846153846
0 0.4807692307692308 0.546875 0.057692307692307696 0.0673076923076923
0 0.4987980769230769 0.5901442307692307 0.06490384615384616 0.0625
0 0.265625 0.6706730769230769 0.054086538461538464 0.0625
0 0.49278846153846156 0.6754807692307693 0.06129807692307692 0.08052884615384616
0 0.29927884615384615 0.765625 0.06129807692307692 0.07211538461538461
0 0.4807692307692308 0.7908653846153846 0.06490384615384616 0.05889423076923077
0 0.6298076923076923 0.16466346153846154 0.054086538461538464 0.0673076923076923
0 0.38100961538461536 0.25841346153846156 0.054086538461538464 0.0673076923076923
0 0.5829326923076923 0.296875 0.05048076923076923 0.054086538461538464
0 0.49278846153846156 0.31971153846153844 0.06129807692307692 0.08052884615384616
0 0.6298076923076923 0.38341346153846156 0.06850961538461539 0.08052884615384616
0 0.5048076923076923 0.42788461538461536 0.07091346153846154 0.09014423076923077
0 0.42908653846153844 0.44350961538461536 0.04807692307692308 0.04927884615384615