0 0.0829326923076923 0.453125 0.057692307692307696 0.0673076923076923
0 0.4423076923076923 0.48677884615384615 0.06129807692307692 0.0625
0 0.46033653846153844 0.051682692307692304 0.057692307692307696 0.07692307692307693
0 0.3269230769230769 0.5264423076923077 0.04807692307692308 0.07211538461538461
0 0.6274038461538461 0.5444711538461539 0.04447115384615385 0.054086538461538464
0 0.49278846153846156 0.5564903846153846 0.03365384615384615 0.05889423076923077
0 0.5336538461538461 0.5564903846153846 0.03365384615384615 0.07692307692307693
0 0.8401442307692307 0.5721153846153846 0.040865384615384616 0.0625
0 0.5889423076923077 0.6334134615384616 0.054086538461538464 0.05889423076923077
0 0.5408653846153846 0.6346153846153846 0.040865384615384616 0.0625
0 0.49278846153846156 0.6550480769230769 0.040865384615384616 0.05889423076923077
0 0.6514423076923077 0.6574519230769231 0.04447115384615385 0.054086538461538464
0 0.7548076923076923 0.6778846153846154 0.06129807692307692 0.07692307692307693
0 0.5 0.7475961538461539 0.06129807692307692 0.08052884615384616
0 0.5997596153846154 0.7548076923076923 0.05048076923076923 0.08533653846153846
0 0.3269230769230769 0.8040865384615384 0.06129807692307692 0.08533653846153846
0 0.33653846153846156 0.08774038461538461 0.06850961538461539 0.08533653846153846
0 0.5949519230769231 0.11658653846153846 0.054086538461538464 0.0625
0 0.6730769230769231 0.15504807692307693 0.06850961538461539 0.07692307692307693
0 0.7091346153846154 0.22115384615384615 0.06490384615384616 0.07211538461538461
0 0.21634615384615385 0.23677884615384615 0.078125 0.08533653846153846
0 0.109375 0.31490384615384615 0.06129807692307692 0.08052884615384616
0 0.6694711538461539 0.3329326923076923 0.054086538461538464 0.07211538461538461
0 0.8100961538461539 0.35336538461538464 0.06850961538461539 0.09495192307692307
0 0.5649038461538461 0.3581730769230769 0.054086538461538464 0.05889423076923077
0 0.7451923076923077 0.038461538461538464 0.07451923076923077 0.0673076923076923
0 0.5 0.38341346153846156 0.054086538461538464 0.0625
0 0.43149038461538464 0.3942307692307692 0.054086538461538464 0.07692307692307693
0 0.6237980769230769 0.4170673076923077 0.05048076923076923 0.0673076923076923
0 0.6959134615384616 0.44350961538461536 0.037259615384615384 0.040865384615384616