0 0.5324519230769231 0.4639423076923077 0.037259615384615384 0.04447115384615385
0 0.43149038461538464 0.47115384615384615 0.040865384615384616 0.05889423076923077
0 0.6057692307692307 0.47115384615384615 0.040865384615384616 0.05889423076923077
0 0.4831730769230769 0.484375 0.054086538461538464 0.0673076923076923
0 0.3485576923076923 0.49158653846153844 0.04447115384615385 0.04447115384615385
0 0.7091346153846154 0.5024038461538461 0.057692307692307696 0.0673076923076923
0 0.5576923076923077 0.5649038461538461 0.040865384615384616 0.04927884615384615
0 0.27403846153846156 0.6346153846153846 0.06490384615384616 0.07211538461538461
0 0.390625 0.1935096153846154 0.06129807692307692 0.0625
0 0.6971153846153846 0.2247596153846154 0.03365384615384615 0.054086538461538464
0 0.43509615384615385 0.26802884615384615 0.054086538461538464 0.0673076923076923
0 0.41346153846153844 0.3293269230769231 0.04447115384615385 0.0625
0 0.4495192307692308 0.3942307692307692 0.040865384615384616 0.04927884615384615
0 0.6033653846153846 0.3942307692307692 0.057692307692307696 0.04927884615384615