0 0.2091346153846154 0.48677884615384615 0.05048076923076923 0.08052884615384616
0 0.9507211538461539 0.5072115384615384 0.05048076923076923 0.05889423076923077
0 0.057692307692307696 0.5336538461538461 0.054086538461538464 0.08533653846153846
0 0.9338942307692307 0.5492788461538461 0.05048076923076923 0.0625
0 0.23076923076923078 0.5540865384615384 0.04807692307692308 0.07211538461538461
0 0.5396634615384616 0.5985576923076923 0.04447115384615385 0.07211538461538461
0 0.8329326923076923 0.6105769230769231 0.054086538461538464 0.05889423076923077
0 0.6298076923076923 0.6286057692307693 0.06129807692307692 0.0673076923076923
0 0.25961538461538464 0.6802884615384616 0.057692307692307696 0.0625
0 0.07451923076923077 0.71875 0.054086538461538464 0.07692307692307693
0 0.8497596153846154 0.71875 0.054086538461538464 0.05889423076923077
0 0.7920673076923077 0.7632211538461539 0.04807692307692308 0.07692307692307693
0 0.36899038461538464 0.765625 0.057692307692307696 0.07211538461538461
0 0.5492788461538461 0.7788461538461539 0.037259615384615384 0.0625
0 0.5132211538461539 0.7944711538461539 0.04807692307692308 0.05889423076923077
0 0.8245192307692307 0.8040865384615384 0.04447115384615385 0.0673076923076923
0 0.8653846153846154 0.8040865384615384 0.057692307692307696 0.0673076923076923
0 0.057692307692307696 0.8088942307692307 0.054086538461538464 0.05889423076923077
0 0.23317307692307693 0.8112980769230769 0.04447115384615385 0.04447115384615385
0 0.16466346153846154 0.8665865384615384 0.057692307692307696 0.07692307692307693
0 0.2247596153846154 0.8713942307692307 0.054086538461538464 0.0673076923076923
0 0.03365384615384615 0.9206730769230769 0.04807692307692308 0.0673076923076923
0 0.3737980769230769 0.9302884615384616 0.06850961538461539 0.07692307692307693
0 0.6959134615384616 0.9459134615384616 0.057692307692307696 0.054086538461538464
0 0.15625 0.9591346153846154 0.054086538461538464 0.0625
0 0.8125 0.9735576923076923 0.06850961538461539 0.04447115384615385
0 0.15144230769230768 0.14423076923076922 0.04447115384615385 0.07211538461538461
0 0.8473557692307693 0.18509615384615385 0.054086538461538464 0.0625
0 0.7259615384615384 0.203125 0.05048076923076923 0.07211538461538461
0 0.7139423076923077 0.3112980769230769 0.04807692307692308 0.0625
0 0.8822115384615384 0.38341346153846156 0.057692307692307696 0.0625
0 0.13581730769230768 0.4483173076923077 0.040865384615384616 0.05889423076923077