0 0.5504807692307693 0.5492788461538461 0.06129807692307692 0.08173076923076923
0 0.8185096153846154 0.5709134615384616 0.05048076923076923 0.07091346153846154
0 0.6382211538461539 0.5817307692307693 0.046875 0.08173076923076923
0 0.6923076923076923 0.5961538461538461 0.054086538461538464 0.07692307692307693
0 0.7776442307692307 0.6526442307692307 0.04326923076923077 0.06009615384615385
0 0.7740384615384616 0.3137019230769231 0.057692307692307696 0.06009615384615385
0 0.6286057692307693 0.3858173076923077 0.057692307692307696 0.08173076923076923
0 0.6959134615384616 0.4266826923076923 0.054086538461538464 0.07692307692307693
0 0.7560096153846154 0.4375 0.05048076923076923 0.07692307692307693
0 0.5685096153846154 0.48677884615384615 0.046875 0.07692307692307693
0 0.625 0.49158653846153844 0.06490384615384616 0.109375
0 0.7932692307692307 0.5084134615384616 0.06490384615384616 0.06610576923076923