0 0.2512019230769231 0.5600961538461539 0.057692307692307696 0.08173076923076923
0 0.5348557692307693 0.5817307692307693 0.057692307692307696 0.07091346153846154
0 0.8112980769230769 0.5817307692307693 0.05048076923076923 0.08173076923076923
0 0.5817307692307693 0.6310096153846154 0.0733173076923077 0.07091346153846154
0 0.40024038461538464 0.6694711538461539 0.04326923076923077 0.04927884615384615
0 0.5036057692307693 0.671875 0.054086538461538464 0.06610576923076923
0 0.5576923076923077 0.7596153846153846 0.06129807692307692 0.07692307692307693
0 0.38221153846153844 0.7836538461538461 0.0733173076923077 0.08173076923076923
0 0.4387019230769231 0.8221153846153846 0.054086538461538464 0.08173076923076923
0 0.5240384615384616 0.8413461538461539 0.057692307692307696 0.08774038461538461
0 0.5997596153846154 0.8930288461538461 0.0733173076923077 0.10336538461538461
0 0.30408653846153844 0.3858173076923077 0.039663461538461536 0.06009615384615385
0 0.22716346153846154 0.38822115384615385 0.046875 0.07692307692307693
0 0.32211538461538464 0.5168269230769231 0.039663461538461536 0.07091346153846154
0 0.5348557692307693 0.5192307692307693 0.05048076923076923 0.06610576923076923
0 0.5985576923076923 0.5276442307692307 0.046875 0.09254807692307693
0 0.3870192307692308 0.5384615384615384 0.046875 0.06009615384615385