1 0.4723557692307692 0.29086538461538464 0.020432692307692308 0.042067307692307696
1 0.28966346153846156 0.2956730769230769 0.03245192307692308 0.052884615384615384
1 0.5540865384615384 0.36538461538461536 0.030048076923076924 0.052884615384615384
1 0.43990384615384615 0.39903846153846156 0.026442307692307692 0.046875
1 0.3545673076923077 0.5096153846153846 0.03485576923076923 0.08653846153846154
1 0.4375 0.5240384615384616 0.03485576923076923 0.06971153846153846
1 0.5432692307692307 0.5817307692307693 0.030048076923076924 0.06971153846153846
1 0.2956730769230769 0.6514423076923077 0.026442307692307692 0.06370192307692307
1 0.3485576923076923 0.7079326923076923 0.037259615384615384 0.07211538461538461
1 0.29086538461538464 0.7379807692307693 0.030048076923076924 0.052884615384615384
1 0.24519230769230768 0.16105769230769232 0.027644230769230768 0.055288461538461536
1 0.44350961538461536 0.1622596153846154 0.030048076923076924 0.06370192307692307
1 0.15865384615384615 0.18028846153846154 0.03245192307692308 0.06129807692307692
1 0.31850961538461536 0.21634615384615385 0.040865384615384616 0.06610576923076923
1 0.2800480769230769 0.21995192307692307 0.027644230769230768 0.05048076923076923
1 0.6033653846153846 0.23798076923076922 0.027644230769230768 0.046875
1 0.36658653846153844 0.25600961538461536 0.020432692307692308 0.04447115384615385
1 0.4338942307692308 0.25841346153846156 0.021634615384615384 0.038461538461538464
1 0.3894230769230769 0.25961538461538464 0.021634615384615384 0.036057692307692304