1 0.5564903846153846 0.41225961538461536 0.039663461538461536 0.056490384615384616
1 0.6021634615384616 0.4206730769230769 0.037259615384615384 0.052884615384615384
1 0.6009615384615384 0.4735576923076923 0.030048076923076924 0.052884615384615384
1 0.5264423076923077 0.47716346153846156 0.030048076923076924 0.04567307692307692
1 0.7475961538461539 0.47836538461538464 0.042067307692307696 0.056490384615384616
1 0.8882211538461539 0.4879807692307692 0.04447115384615385 0.06009615384615385
1 0.7860576923076923 0.515625 0.030048076923076924 0.0673076923076923
1 0.8221153846153846 0.5192307692307693 0.055288461538461536 0.07451923076923077
1 0.26322115384615385 0.5408653846153846 0.030048076923076924 0.052884615384615384
1 0.7487980769230769 0.5564903846153846 0.039663461538461536 0.056490384615384616
1 0.8449519230769231 0.5576923076923077 0.042067307692307696 0.04567307692307692
1 0.9711538461538461 0.5865384615384616 0.025240384615384616 0.052884615384615384
1 0.734375 0.6430288461538461 0.037259615384615384 0.052884615384615384
1 0.7704326923076923 0.6466346153846154 0.03245192307692308 0.06009615384615385
1 0.8413461538461539 0.6502403846153846 0.052884615384615384 0.0673076923076923
1 0.3629807692307692 0.6706730769230769 0.042067307692307696 0.052884615384615384
1 0.7355769230769231 0.6959134615384616 0.03245192307692308 0.04567307692307692
1 0.8701923076923077 0.7391826923076923 0.042067307692307696 0.056490384615384616
1 0.9795673076923077 0.7692307692307693 0.037259615384615384 0.052884615384615384
1 0.5132211538461539 0.2247596153846154 0.039663461538461536 0.056490384615384616
1 0.5300480769230769 0.28725961538461536 0.042067307692307696 0.06009615384615385
1 0.4795673076923077 0.29927884615384615 0.042067307692307696 0.056490384615384616
1 0.6045673076923077 0.3329326923076923 0.042067307692307696 0.06009615384615385