0 0.12860576923076922 0.3581730769230769 0.027644230769230768 0.046875
0 0.26802884615384615 0.4362980769230769 0.02403846153846154 0.030048076923076924
0 0.21514423076923078 0.45552884615384615 0.025240384615384616 0.03485576923076923
0 0.24639423076923078 0.4891826923076923 0.021634615384615384 0.027644230769230768
0 0.20432692307692307 0.49158653846153844 0.021634615384615384 0.027644230769230768
0 0.15384615384615385 0.4963942307692308 0.02403846153846154 0.042067307692307696
0 0.3605769230769231 0.5036057692307693 0.03485576923076923 0.051682692307692304
0 0.2668269230769231 0.5240384615384616 0.03245192307692308 0.051682692307692304
0 0.4074519230769231 0.5673076923076923 0.026442307692307692 0.037259615384615384
0 0.47836538461538464 0.5697115384615384 0.03485576923076923 0.05889423076923077
0 0.2403846153846154 0.5721153846153846 0.026442307692307692 0.03485576923076923
0 0.3449519230769231 0.5745192307692307 0.05889423076923077 0.06850961538461539
0 0.3425480769230769 0.6262019230769231 0.026442307692307692 0.025240384615384616
0 0.3389423076923077 0.6454326923076923 0.027644230769230768 0.021634615384615384
0 0.42788461538461536 0.6454326923076923 0.03485576923076923 0.04447115384615385
0 0.27163461538461536 0.703125 0.03125 0.046875
0 0.3245192307692308 0.7211538461538461 0.036057692307692304 0.042067307692307696
0 0.4074519230769231 0.7692307692307693 0.02403846153846154 0.039663461538461536
0 0.22596153846153846 0.7740384615384616 0.03125 0.04447115384615385
0 0.25721153846153844 0.8185096153846154 0.03125 0.04447115384615385
0 0.21995192307692307 0.8293269230769231 0.027644230769230768 0.051682692307692304
0 0.3762019230769231 0.08653846153846154 0.026442307692307692 0.03245192307692308
0 0.3894230769230769 0.12259615384615384 0.030048076923076924 0.03485576923076923