0 0.640625 0.6658653846153846 0.04807692307692308 0.07932692307692307
0 0.4387019230769231 0.6682692307692307 0.051682692307692304 0.0733173076923077
0 0.7295673076923077 0.6935096153846154 0.06490384615384616 0.11057692307692307
0 0.546875 0.7091346153846154 0.036057692307692304 0.055288461538461536
0 0.2692307692307692 0.7151442307692307 0.04807692307692308 0.07932692307692307
0 0.31971153846153844 0.7175480769230769 0.038461538461538464 0.0733173076923077
0 0.5661057692307693 0.7764423076923077 0.042067307692307696 0.0673076923076923
0 0.39302884615384615 0.7884615384615384 0.038461538461538464 0.07932692307692307
0 0.6514423076923077 0.8161057692307693 0.051682692307692304 0.0733173076923077
0 0.5661057692307693 0.8677884615384616 0.042067307692307696 0.07932692307692307
0 0.4050480769230769 0.9050480769230769 0.042067307692307696 0.0673076923076923
0 0.515625 0.9170673076923077 0.038461538461538464 0.0673076923076923
0 0.6610576923076923 0.18990384615384615 0.04567307692307692 0.0733173076923077
0 0.6382211538461539 0.27283653846153844 0.038461538461538464 0.0673076923076923
0 0.6430288461538461 0.37740384615384615 0.04807692307692308 0.0673076923076923
0 0.5240384615384616 0.6009615384615384 0.04807692307692308 0.0733173076923077
0 0.6887019230769231 0.6009615384615384 0.042067307692307696 0.08533653846153846