1 0.36177884615384615 0.3137019230769231 0.06370192307692307 0.08173076923076923
1 0.41346153846153844 0.3329326923076923 0.057692307692307696 0.0625
1 0.3088942307692308 0.4050480769230769 0.04567307692307692 0.04927884615384615
1 0.3449519230769231 0.4050480769230769 0.040865384615384616 0.054086538461538464
1 0.42908653846153844 0.40865384615384615 0.054086538461538464 0.06490384615384616
1 0.6682692307692307 0.4639423076923077 0.038461538461538464 0.04447115384615385
1 0.3762019230769231 0.46634615384615385 0.054086538461538464 0.04447115384615385
1 0.5793269230769231 0.4699519230769231 0.04927884615384615 0.051682692307692304
1 0.42908653846153844 0.47596153846153844 0.037259615384615384 0.04447115384615385
1 0.7487980769230769 0.47596153846153844 0.06850961538461539 0.07211538461538461
1 0.5841346153846154 0.5120192307692307 0.06610576923076923 0.046875
1 0.33774038461538464 0.5180288461538461 0.04326923076923077 0.054086538461538464
1 0.38461538461538464 0.5180288461538461 0.05048076923076923 0.054086538461538464
1 0.6706730769230769 0.5372596153846154 0.042067307692307696 0.051682692307692304
1 0.7247596153846154 0.5372596153846154 0.056490384615384616 0.06490384615384616
1 0.49158653846153844 0.5480769230769231 0.04567307692307692 0.07211538461538461
1 0.4074519230769231 0.5853365384615384 0.04326923076923077 0.04447115384615385
1 0.6730769230769231 0.5889423076923077 0.05048076923076923 0.06490384615384616
1 0.5564903846153846 0.6225961538461539 0.06370192307692307 0.07211538461538461
1 0.625 0.6394230769230769 0.04567307692307692 0.05889423076923077
1 0.49759615384615385 0.6430288461538461 0.06129807692307692 0.07932692307692307