0 0.21394230769230768 0.33533653846153844 0.02403846153846154 0.042067307692307696
0 0.38221153846153844 0.3798076923076923 0.026442307692307692 0.05889423076923077
0 0.44591346153846156 0.4074519230769231 0.028846153846153848 0.04447115384615385
0 0.5384615384615384 0.4675480769230769 0.03245192307692308 0.0625
0 0.4807692307692308 0.4735576923076923 0.036057692307692304 0.056490384615384616
0 0.5973557692307693 0.47475961538461536 0.03365384615384615 0.05889423076923077
0 0.6838942307692307 0.5084134615384616 0.03365384615384615 0.04447115384615385
0 0.3870192307692308 0.5108173076923077 0.03245192307692308 0.06490384615384616
0 0.5588942307692307 0.5612980769230769 0.03125 0.05889423076923077
0 0.6021634615384616 0.5721153846153846 0.03245192307692308 0.042067307692307696
0 0.6370192307692307 0.5769230769230769 0.027644230769230768 0.038461538461538464
0 0.6586538461538461 0.6225961538461539 0.036057692307692304 0.07091346153846154
0 0.39783653846153844 0.6370192307692307 0.02283653846153846 0.03245192307692308
0 0.43028846153846156 0.6442307692307693 0.027644230769230768 0.036057692307692304
0 0.7019230769230769 0.6454326923076923 0.028846153846153848 0.056490384615384616
0 0.4483173076923077 0.6826923076923077 0.027644230769230768 0.042067307692307696
0 0.7524038461538461 0.7079326923076923 0.03125 0.056490384615384616
0 0.5048076923076923 0.7355769230769231 0.03125 0.06490384615384616
0 0.6574519230769231 0.7896634615384616 0.03125 0.042067307692307696
0 0.6237980769230769 0.8052884615384616 0.03365384615384615 0.0625
0 0.30528846153846156 0.8149038461538461 0.03245192307692308 0.056490384615384616
0 0.2932692307692308 0.8858173076923077 0.036057692307692304 0.056490384615384616
0 0.5276442307692307 0.9038461538461539 0.027644230769230768 0.05048076923076923
0 0.2704326923076923 0.9423076923076923 0.028846153846153848 0.05048076923076923