1 0.29086538461538464 0.453125 0.025240384615384616 0.06009615384615385
1 0.6947115384615384 0.453125 0.025240384615384616 0.052884615384615384
1 0.33052884615384615 0.5432692307692307 0.025240384615384616 0.06610576923076923
1 0.8449519230769231 0.5637019230769231 0.03125 0.046875
1 0.6189903846153846 0.5661057692307693 0.03125 0.046875
1 0.3629807692307692 0.5697115384615384 0.021634615384615384 0.052884615384615384
1 0.41466346153846156 0.5949519230769231 0.04567307692307692 0.10336538461538461
1 0.45072115384615385 0.5985576923076923 0.03125 0.0829326923076923
1 0.4891826923076923 0.5985576923076923 0.03485576923076923 0.05048076923076923
1 0.5276442307692307 0.6117788461538461 0.02403846153846154 0.04326923076923077
1 0.6177884615384616 0.6129807692307693 0.021634615384615384 0.046875
1 0.578125 0.6430288461538461 0.025240384615384616 0.046875
1 0.35216346153846156 0.6514423076923077 0.04567307692307692 0.06971153846153846
1 0.265625 0.65625 0.030048076923076924 0.046875
1 0.37740384615384615 0.6766826923076923 0.015625 0.046875
1 0.39783653846153844 0.6899038461538461 0.025240384615384616 0.046875
1 0.3016826923076923 0.6911057692307693 0.038461538461538464 0.0829326923076923
1 0.4206730769230769 0.6935096153846154 0.025240384615384616 0.046875
1 0.47836538461538464 0.6983173076923077 0.030048076923076924 0.07692307692307693
1 0.5 0.7103365384615384 0.021634615384615384 0.039663461538461536
1 0.3713942307692308 0.7355769230769231 0.028846153846153848 0.056490384615384616
1 0.43990384615384615 0.7415865384615384 0.020432692307692308 0.04326923076923077
1 0.5925480769230769 0.7427884615384616 0.025240384615384616 0.052884615384615384
1 0.3233173076923077 0.7764423076923077 0.030048076923076924 0.0733173076923077
1 0.5036057692307693 0.7896634615384616 0.03485576923076923 0.06610576923076923
1 0.5697115384615384 0.8413461538461539 0.03485576923076923 0.06971153846153846
1 0.3425480769230769 0.8569711538461539 0.028846153846153848 0.06610576923076923
1 0.4855769230769231 0.8786057692307693 0.03485576923076923 0.06971153846153846
1 0.4543269230769231 0.8822115384615384 0.018028846153846152 0.056490384615384616
1 0.37740384615384615 0.9338942307692307 0.028846153846153848 0.0733173076923077
1 0.18629807692307693 0.09615384615384616 0.025240384615384616 0.052884615384615384
1 0.8413461538461539 0.13701923076923078 0.019230769230769232 0.039663461538461536
1 0.23677884615384615 0.14543269230769232 0.07451923076923077 0.10336538461538461
1 0.8509615384615384 0.21033653846153846 0.025240384615384616 0.06009615384615385
1 0.6947115384615384 0.2247596153846154 0.03485576923076923 0.056490384615384616
1 0.20793269230769232 0.26322115384615385 0.021634615384615384 0.046875
1 0.7295673076923077 0.2764423076923077 0.025240384615384616 0.06610576923076923
1 0.6995192307692307 0.28966346153846156 0.028846153846153848 0.0733173076923077
1 0.28725961538461536 0.30288461538461536 0.028846153846153848 0.046875