0 0.5120192307692307 0.33774038461538464 0.026442307692307692 0.05048076923076923
0 0.35216346153846156 0.35697115384615385 0.03485576923076923 0.0733173076923077
0 0.6742788461538461 0.3786057692307692 0.03485576923076923 0.06370192307692307
0 0.3125 0.3954326923076923 0.021634615384615384 0.04326923076923077
0 0.6129807692307693 0.43028846153846156 0.025240384615384616 0.046875
0 0.33533653846153844 0.46634615384615385 0.030048076923076924 0.046875
0 0.4026442307692308 0.5444711538461539 0.02403846153846154 0.04326923076923077
0 0.3425480769230769 0.6911057692307693 0.028846153846153848 0.05048076923076923
0 0.16346153846153846 0.8665865384615384 0.025240384615384616 0.046875
0 0.8353365384615384 0.8834134615384616 0.02403846153846154 0.052884615384615384
0 0.2920673076923077 0.8966346153846154 0.03125 0.046875
0 0.13942307692307693 0.11057692307692307 0.021634615384615384 0.039663461538461536
0 0.3737980769230769 0.11778846153846154 0.030048076923076924 0.05048076923076923
0 0.15985576923076922 0.1502403846153846 0.028846153846153848 0.046875
0 0.39663461538461536 0.15625 0.028846153846153848 0.046875
0 0.5528846153846154 0.18028846153846154 0.026442307692307692 0.046875
0 0.28846153846153844 0.23677884615384615 0.039663461538461536 0.06610576923076923
0 0.5733173076923077 0.24879807692307693 0.028846153846153848 0.05048076923076923
0 0.08774038461538461 0.3088942307692308 0.028846153846153848 0.05048076923076923