1 0.6346153846153846 0.31009615384615385 0.036057692307692304 0.040865384615384616
1 0.7331730769230769 0.359375 0.06370192307692307 0.08774038461538461
1 0.5252403846153846 0.46274038461538464 0.039663461538461536 0.036057692307692304
1 0.6778846153846154 0.47115384615384615 0.037259615384615384 0.04927884615384615
1 0.4387019230769231 0.5084134615384616 0.036057692307692304 0.051682692307692304
1 0.6370192307692307 0.5096153846153846 0.03485576923076923 0.04326923076923077
1 0.7259615384615384 0.53125 0.04447115384615385 0.04927884615384615
1 0.5709134615384616 0.5348557692307693 0.0733173076923077 0.08653846153846154
1 0.796875 0.5372596153846154 0.039663461538461536 0.051682692307692304
1 0.6802884615384616 0.5480769230769231 0.027644230769230768 0.03485576923076923
1 0.27884615384615385 0.5516826923076923 0.03485576923076923 0.028846153846153848
1 0.32572115384615385 0.5528846153846154 0.03485576923076923 0.042067307692307696
1 0.4338942307692308 0.5552884615384616 0.03245192307692308 0.037259615384615384
1 0.6382211538461539 0.5721153846153846 0.030048076923076924 0.03485576923076923
1 0.5240384615384616 0.5745192307692307 0.021634615384615384 0.036057692307692304
1 0.46875 0.5877403846153846 0.05048076923076923 0.037259615384615384
1 0.6875 0.5925480769230769 0.036057692307692304 0.04807692307692308
1 0.38822115384615385 0.5997596153846154 0.026442307692307692 0.04447115384615385
1 0.5889423076923077 0.6213942307692307 0.030048076923076924 0.026442307692307692
1 0.6430288461538461 0.6262019230769231 0.028846153846153848 0.03125
1 0.4891826923076923 0.6346153846153846 0.028846153846153848 0.030048076923076924
1 0.5600961538461539 0.6574519230769231 0.03245192307692308 0.04326923076923077
1 0.6322115384615384 0.6706730769230769 0.03485576923076923 0.04447115384615385
1 0.4026442307692308 0.6875 0.03485576923076923 0.042067307692307696
1 0.5096153846153846 0.6923076923076923 0.021634615384615384 0.042067307692307696
1 0.4807692307692308 0.6971153846153846 0.03245192307692308 0.05048076923076923
1 0.4543269230769231 0.7211538461538461 0.027644230769230768 0.030048076923076924
1 0.4110576923076923 0.7307692307692307 0.03485576923076923 0.037259615384615384