0 0.7007211538461539 0.3701923076923077 0.04326923076923077 0.06370192307692307
0 0.03125 0.3918269230769231 0.03485576923076923 0.05048076923076923
0 0.6045673076923077 0.3942307692307692 0.040865384615384616 0.06009615384615385
0 0.38100961538461536 0.40865384615384615 0.04447115384615385 0.057692307692307696
0 0.7584134615384616 0.4254807692307692 0.04807692307692308 0.05048076923076923
0 0.7055288461538461 0.4362980769230769 0.030048076923076924 0.052884615384615384
0 0.5120192307692307 0.4807692307692308 0.042067307692307696 0.046875
0 0.7560096153846154 0.4987980769230769 0.040865384615384616 0.05048076923076923
0 0.7944711538461539 0.5324519230769231 0.025240384615384616 0.06009615384615385
0 0.8221153846153846 0.5396634615384616 0.025240384615384616 0.052884615384615384
0 0.6322115384615384 0.5673076923076923 0.040865384615384616 0.06370192307692307
0 0.7247596153846154 0.5721153846153846 0.037259615384615384 0.046875
0 0.7716346153846154 0.5853365384615384 0.038461538461538464 0.054086538461538464
0 0.8521634615384616 0.6045673076923077 0.036057692307692304 0.046875
0 0.7463942307692307 0.6502403846153846 0.037259615384615384 0.056490384615384616
0 0.6742788461538461 0.7043269230769231 0.03365384615384615 0.046875
0 0.8533653846153846 0.7175480769230769 0.04927884615384615 0.056490384615384616
0 0.7463942307692307 0.7415865384615384 0.04447115384615385 0.05048076923076923
0 0.5805288461538461 0.7536057692307693 0.037259615384615384 0.056490384615384616
0 0.5348557692307693 0.7848557692307693 0.036057692307692304 0.05048076923076923
0 0.8269230769230769 0.8293269230769231 0.03365384615384615 0.056490384615384616
0 0.37740384615384615 0.8389423076923077 0.036057692307692304 0.052884615384615384
0 0.025240384615384616 0.8689903846153846 0.039663461538461536 0.052884615384615384
0 0.6478365384615384 0.8966346153846154 0.07932692307692307 0.09375