0 0.2127403846153846 0.24158653846153846 0.02403846153846154 0.06009615384615385
0 0.7584134615384616 0.2536057692307692 0.03245192307692308 0.052884615384615384
0 0.44711538461538464 0.296875 0.03365384615384615 0.04326923076923077
0 0.7175480769230769 0.3076923076923077 0.030048076923076924 0.055288461538461536
0 0.6286057692307693 0.32091346153846156 0.027644230769230768 0.057692307692307696
0 0.6826923076923077 0.3329326923076923 0.036057692307692304 0.0673076923076923
0 0.796875 0.34375 0.039663461538461536 0.06490384615384616
0 0.24278846153846154 0.40024038461538464 0.057692307692307696 0.10096153846153846
0 0.7475961538461539 0.40384615384615385 0.042067307692307696 0.06490384615384616
0 0.37259615384615385 0.43990384615384615 0.03245192307692308 0.06009615384615385
0 0.46033653846153844 0.4579326923076923 0.057692307692307696 0.11057692307692307
0 0.5060096153846154 0.4723557692307692 0.05048076923076923 0.0673076923076923
0 0.6237980769230769 0.515625 0.02283653846153846 0.057692307692307696
0 0.3713942307692308 0.052884615384615384 0.03125 0.057692307692307696
0 0.5336538461538461 0.5360576923076923 0.037259615384615384 0.06490384615384616
0 0.3473557692307692 0.609375 0.06850961538461539 0.10096153846153846
0 0.7584134615384616 0.7247596153846154 0.036057692307692304 0.057692307692307696
0 0.4579326923076923 0.7572115384615384 0.056490384615384616 0.10096153846153846
0 0.4543269230769231 0.0889423076923077 0.039663461538461536 0.0673076923076923
0 0.24759615384615385 0.09254807692307693 0.037259615384615384 0.055288461538461536
0 0.4879807692307692 0.09254807692307693 0.03365384615384615 0.055288461538461536
0 0.6105769230769231 0.10817307692307693 0.036057692307692304 0.057692307692307696