0 0.43149038461538464 0.3870192307692308 0.056490384615384616 0.046875
0 0.4723557692307692 0.5024038461538461 0.056490384615384616 0.027644230769230768
0 0.640625 0.5180288461538461 0.056490384615384616 0.042067307692307696
0 0.7800480769230769 0.5444711538461539 0.07091346153846154 0.042067307692307696
0 0.4362980769230769 0.19951923076923078 0.07692307692307693 0.08173076923076923
0 0.7043269230769231 0.20793269230769232 0.05048076923076923 0.03485576923076923
0 0.5540865384615384 0.2536057692307692 0.06610576923076923 0.042067307692307696
0 0.6430288461538461 0.27163461538461536 0.08173076923076923 0.0625
0 0.4387019230769231 0.2776442307692308 0.07091346153846154 0.08173076923076923
0 0.515625 0.3317307692307692 0.06129807692307692 0.03485576923076923
0 0.8653846153846154 0.3389423076923077 0.056490384615384616 0.042067307692307696
0 0.33413461538461536 0.3858173076923077 0.06610576923076923 0.05048076923076923