0 0.3954326923076923 0.3389423076923077 0.038461538461538464 0.036057692307692304
0 0.32091346153846156 0.3485576923076923 0.07451923076923077 0.028846153846153848
0 0.2439903846153846 0.3557692307692308 0.04927884615384615 0.03365384615384615
0 0.4699519230769231 0.3858173076923077 0.040865384615384616 0.040865384615384616
0 0.4266826923076923 0.3870192307692308 0.040865384615384616 0.040865384615384616
0 0.2764423076923077 0.40024038461538464 0.046875 0.036057692307692304
0 0.5216346153846154 0.40024038461538464 0.04447115384615385 0.039663461538461536
0 0.23677884615384615 0.4026442307692308 0.030048076923076924 0.030048076923076924
0 0.5685096153846154 0.40625 0.038461538461538464 0.039663461538461536
0 0.38221153846153844 0.4074519230769231 0.06610576923076923 0.06610576923076923
0 0.4411057692307692 0.4170673076923077 0.030048076923076924 0.021634615384615384
0 0.6045673076923077 0.4182692307692308 0.02403846153846154 0.036057692307692304
0 0.3317307692307692 0.4206730769230769 0.03365384615384615 0.027644230769230768
0 0.22355769230769232 0.4387019230769231 0.038461538461538464 0.036057692307692304
0 0.2620192307692308 0.44350961538461536 0.036057692307692304 0.037259615384615384
0 0.5180288461538461 0.4495192307692308 0.03485576923076923 0.026442307692307692
0 0.4675480769230769 0.4567307692307692 0.05048076923076923 0.07211538461538461
0 0.21033653846153846 0.46153846153846156 0.03485576923076923 0.030048076923076924
0 0.3786057692307692 0.4699519230769231 0.04927884615384615 0.042067307692307696
0 0.42427884615384615 0.48677884615384615 0.040865384615384616 0.040865384615384616
0 0.2283653846153846 0.5012019230769231 0.036057692307692304 0.03485576923076923
0 0.2644230769230769 0.5048076923076923 0.03125 0.026442307692307692
0 0.36658653846153844 0.5252403846153846 0.040865384615384616 0.036057692307692304
0 0.53125 0.5300480769230769 0.055288461538461536 0.05048076923076923
0 0.32572115384615385 0.5324519230769231 0.03125 0.06009615384615385
0 0.46153846153846156 0.5432692307692307 0.042067307692307696 0.03245192307692308
0 0.421875 0.546875 0.036057692307692304 0.04567307692307692
0 0.28846153846153844 0.5480769230769231 0.04447115384615385 0.030048076923076924
0 0.38822115384615385 0.5661057692307693 0.03365384615384615 0.028846153846153848
0 0.4567307692307692 0.59375 0.03485576923076923 0.028846153846153848
0 0.3125 0.5985576923076923 0.09375 0.06490384615384616
0 0.5384615384615384 0.6165865384615384 0.07451923076923077 0.046875
0 0.4567307692307692 0.6225961538461539 0.036057692307692304 0.03485576923076923
0 0.7908653846153846 0.6682692307692307 0.03125 0.03245192307692308
0 0.6550480769230769 0.7139423076923077 0.040865384615384616 0.036057692307692304
0 0.5060096153846154 0.7175480769230769 0.036057692307692304 0.036057692307692304
0 0.6334134615384616 0.7512019230769231 0.03485576923076923 0.028846153846153848
0 0.46274038461538464 0.7560096153846154 0.05048076923076923 0.057692307692307696
0 0.5240384615384616 0.7740384615384616 0.03485576923076923 0.02403846153846154
0 0.5889423076923077 0.7860576923076923 0.036057692307692304 0.03245192307692308
0 0.5264423076923077 0.8076923076923077 0.04567307692307692 0.036057692307692304