1 0.42427884615384615 0.3786057692307692 0.04447115384615385 0.04807692307692308
1 0.6117788461538461 0.1201923076923077 0.040865384615384616 0.038461538461538464
1 0.4579326923076923 0.14302884615384615 0.040865384615384616 0.03365384615384615
1 0.5673076923076923 0.14543269230769232 0.03365384615384615 0.027644230769230768
1 0.640625 0.14903846153846154 0.056490384615384616 0.03245192307692308
1 0.5997596153846154 0.15384615384615385 0.027644230769230768 0.03125
1 0.4807692307692308 0.171875 0.040865384615384616 0.042067307692307696
1 0.5252403846153846 0.17668269230769232 0.03365384615384615 0.038461538461538464
1 0.6237980769230769 0.1778846153846154 0.042067307692307696 0.025240384615384616
1 0.5697115384615384 0.18028846153846154 0.03365384615384615 0.03365384615384615
1 0.7524038461538461 0.19110576923076922 0.03485576923076923 0.040865384615384616
1 0.6454326923076923 0.19230769230769232 0.03485576923076923 0.03485576923076923
1 0.47475961538461536 0.21634615384615385 0.056490384615384616 0.028846153846153848
1 0.5805288461538461 0.21875 0.037259615384615384 0.02403846153846154
1 0.5408653846153846 0.22115384615384615 0.04927884615384615 0.038461538461538464
1 0.6105769230769231 0.24759615384615385 0.03485576923076923 0.03365384615384615
1 0.4519230769230769 0.2512019230769231 0.028846153846153848 0.03485576923076923
1 0.6550480769230769 0.2512019230769231 0.03485576923076923 0.037259615384615384
1 0.4963942307692308 0.2536057692307692 0.04567307692307692 0.040865384615384616
1 0.2644230769230769 0.2776442307692308 0.03365384615384615 0.03125
1 0.6057692307692307 0.2848557692307692 0.037259615384615384 0.037259615384615384
1 0.5709134615384616 0.2932692307692308 0.03365384615384615 0.0625
1 0.453125 0.296875 0.038461538461538464 0.03485576923076923
1 0.5324519230769231 0.3076923076923077 0.025240384615384616 0.027644230769230768
1 0.3762019230769231 0.3245192307692308 0.04807692307692308 0.042067307692307696
1 0.609375 0.32572115384615385 0.038461538461538464 0.042067307692307696