0 0.6045673076923077 0.1201923076923077 0.02403846153846154 0.02403846153846154
0 0.6322115384615384 0.12139423076923077 0.019230769230769232 0.019230769230769232
0 0.6850961538461539 0.12379807692307693 0.03485576923076923 0.026442307692307692
0 0.7295673076923077 0.13822115384615385 0.030048076923076924 0.027644230769230768
0 0.40384615384615385 0.1466346153846154 0.08052884615384616 0.037259615384615384
0 0.7163461538461539 0.17668269230769232 0.03125 0.028846153846153848
0 0.6766826923076923 0.18629807692307693 0.03125 0.03125
0 0.8197115384615384 0.19110576923076922 0.037259615384615384 0.04807692307692308
0 0.47115384615384615 0.20552884615384615 0.03245192307692308 0.038461538461538464
0 0.6394230769230769 0.2127403846153846 0.030048076923076924 0.03365384615384615
0 0.4411057692307692 0.2668269230769231 0.030048076923076924 0.02403846153846154
0 0.5180288461538461 0.2704326923076923 0.03485576923076923 0.037259615384615384
0 0.4723557692307692 0.31490384615384615 0.03245192307692308 0.03365384615384615
0 0.7175480769230769 0.41346153846153844 0.037259615384615384 0.030048076923076924
0 0.625 0.4182692307692308 0.030048076923076924 0.03365384615384615
0 0.7163461538461539 0.4723557692307692 0.038461538461538464 0.042067307692307696
0 0.6514423076923077 0.47836538461538464 0.026442307692307692 0.027644230769230768
0 0.7475961538461539 0.4807692307692308 0.027644230769230768 0.03485576923076923
0 0.5721153846153846 0.5084134615384616 0.025240384615384616 0.026442307692307692
0 0.8076923076923077 0.5396634615384616 0.028846153846153848 0.027644230769230768
0 0.609375 0.5396634615384616 0.04807692307692308 0.051682692307692304
0 0.4098557692307692 0.5757211538461539 0.028846153846153848 0.02283653846153846
0 0.5576923076923077 0.6057692307692307 0.02283653846153846 0.019230769230769232
0 0.703125 0.6141826923076923 0.03485576923076923 0.030048076923076924
0 0.515625 0.6286057692307693 0.03125 0.030048076923076924
0 0.6430288461538461 0.6586538461538461 0.04447115384615385 0.03485576923076923
0 0.4855769230769231 0.6802884615384616 0.025240384615384616 0.02403846153846154
0 0.6021634615384616 0.7067307692307693 0.025240384615384616 0.019230769230769232
0 0.6201923076923077 0.7235576923076923 0.02403846153846154 0.02283653846153846
0 0.5805288461538461 0.7463942307692307 0.025240384615384616 0.021634615384615384
0 0.5985576923076923 0.78125 0.028846153846153848 0.02283653846153846
0 0.5180288461538461 0.8064903846153846 0.02403846153846154 0.021634615384615384
0 0.6394230769230769 0.8305288461538461 0.027644230769230768 0.026442307692307692
0 0.6081730769230769 0.8425480769230769 0.019230769230769232 0.020432692307692308
0 0.7572115384615384 0.890625 0.028846153846153848 0.03245192307692308