0 0.5420673076923077 0.16826923076923078 0.03485576923076923 0.02403846153846154
0 0.6009615384615384 0.20192307692307693 0.042067307692307696 0.02403846153846154
0 0.30528846153846156 0.27403846153846156 0.03485576923076923 0.021634615384615384
0 0.3894230769230769 0.2764423076923077 0.037259615384615384 0.03245192307692308
0 0.34134615384615385 0.27884615384615385 0.038461538461538464 0.02403846153846154
0 0.4423076923076923 0.2800480769230769 0.042067307692307696 0.027644230769230768
0 0.30408653846153844 0.29447115384615385 0.03485576923076923 0.019230769230769232
0 0.3629807692307692 0.3233173076923077 0.038461538461538464 0.021634615384615384
0 0.25961538461538464 0.3233173076923077 0.03485576923076923 0.025240384615384616
0 0.6526442307692307 0.32572115384615385 0.042067307692307696 0.030048076923076924
0 0.4230769230769231 0.33052884615384615 0.030048076923076924 0.021634615384615384
0 0.3786057692307692 0.3894230769230769 0.037259615384615384 0.02403846153846154
0 0.18028846153846154 0.3954326923076923 0.0733173076923077 0.04807692307692308
0 0.23798076923076922 0.4206730769230769 0.030048076923076924 0.025240384615384616
0 0.5637019230769231 0.42427884615384615 0.042067307692307696 0.02283653846153846
0 0.6021634615384616 0.042067307692307696 0.03485576923076923 0.020432692307692308
0 0.28365384615384615 0.4387019230769231 0.02283653846153846 0.014423076923076924
0 0.625 0.45552884615384615 0.037259615384615384 0.028846153846153848
0 0.5108173076923077 0.47836538461538464 0.03125 0.026442307692307692
0 0.13942307692307693 0.4831730769230769 0.03125 0.02403846153846154
0 0.03125 0.48677884615384615 0.03365384615384615 0.027644230769230768
0 0.24158653846153846 0.5540865384615384 0.030048076923076924 0.026442307692307692
0 0.3701923076923077 0.5540865384615384 0.03365384615384615 0.021634615384615384
0 0.41466346153846156 0.5733173076923077 0.030048076923076924 0.02283653846153846
0 0.1814903846153846 0.5865384615384616 0.037259615384615384 0.02283653846153846
0 0.2920673076923077 0.5997596153846154 0.03125 0.02283653846153846
0 0.4963942307692308 0.6117788461538461 0.042067307692307696 0.030048076923076924
0 0.028846153846153848 0.6165865384615384 0.025240384615384616 0.02403846153846154
0 0.052884615384615384 0.6177884615384616 0.020432692307692308 0.019230769230769232
0 0.08173076923076923 0.6358173076923077 0.03365384615384615 0.02283653846153846
0 0.3449519230769231 0.6370192307692307 0.030048076923076924 0.02283653846153846
0 0.6766826923076923 0.6394230769230769 0.03365384615384615 0.026442307692307692
0 0.2620192307692308 0.6514423076923077 0.037259615384615384 0.02283653846153846
0 0.12139423076923077 0.6658653846153846 0.03125 0.02403846153846154
0 0.4423076923076923 0.6754807692307693 0.04447115384615385 0.027644230769230768
0 0.22956730769230768 0.6838942307692307 0.03125 0.027644230769230768
0 0.18028846153846154 0.6935096153846154 0.025240384615384616 0.026442307692307692
0 0.40865384615384615 0.703125 0.037259615384615384 0.026442307692307692
0 0.5877403846153846 0.7055288461538461 0.037259615384615384 0.027644230769230768
0 0.14182692307692307 0.7091346153846154 0.037259615384615384 0.025240384615384616
0 0.5420673076923077 0.71875 0.037259615384615384 0.02283653846153846
0 0.2704326923076923 0.7307692307692307 0.030048076923076924 0.019230769230769232
0 0.37259615384615385 0.7463942307692307 0.038461538461538464 0.03125
0 0.24639423076923078 0.7524038461538461 0.03365384615384615 0.02283653846153846
0 0.6430288461538461 0.07932692307692307 0.03365384615384615 0.019230769230769232
0 0.13341346153846154 0.8305288461538461 0.03365384615384615 0.02283653846153846
0 0.25961538461538464 0.8341346153846154 0.039663461538461536 0.03485576923076923
0 0.17307692307692307 0.859375 0.042067307692307696 0.026442307692307692
0 0.21153846153846154 0.8605769230769231 0.037259615384615384 0.027644230769230768
0 0.15504807692307693 0.9074519230769231 0.03365384615384615 0.020432692307692308