0 0.5649038461538461 0.09975961538461539 0.06370192307692307 0.10336538461538461
0 0.6610576923076923 0.09975961538461539 0.109375 0.08052884615384616
0 0.7524038461538461 0.11778846153846154 0.028846153846153848 0.021634615384615384
0 0.5204326923076923 0.12139423076923077 0.021634615384615384 0.019230769230769232
0 0.46153846153846156 0.12860576923076922 0.0673076923076923 0.046875
0 0.8533653846153846 0.15625 0.039663461538461536 0.03125
0 0.7776442307692307 0.16105769230769232 0.03245192307692308 0.02403846153846154
0 0.6442307692307693 0.17908653846153846 0.036057692307692304 0.030048076923076924
0 0.7199519230769231 0.18028846153846154 0.03245192307692308 0.027644230769230768
0 0.5540865384615384 0.1935096153846154 0.09134615384615384 0.056490384615384616
0 0.4495192307692308 0.19951923076923078 0.08052884615384616 0.06850961538461539
0 0.7848557692307693 0.234375 0.02283653846153846 0.030048076923076924
0 0.6237980769230769 0.025240384615384616 0.028846153846153848 0.020432692307692308
0 0.5492788461538461 0.24879807692307693 0.04807692307692308 0.03125
0 0.6237980769230769 0.04567307692307692 0.03485576923076923 0.018028846153846152
0 0.33413461538461536 0.625 0.030048076923076924 0.018028846153846152
0 0.08173076923076923 0.6358173076923077 0.028846153846153848 0.02403846153846154
0 0.36538461538461536 0.6538461538461539 0.028846153846153848 0.021634615384615384
0 0.09254807692307693 0.6598557692307693 0.025240384615384616 0.018028846153846152
0 0.23918269230769232 0.6610576923076923 0.025240384615384616 0.026442307692307692
0 0.03485576923076923 0.6610576923076923 0.02283653846153846 0.03365384615384615
0 0.3858173076923077 0.6634615384615384 0.02403846153846154 0.021634615384615384
0 0.06370192307692307 0.6634615384615384 0.025240384615384616 0.015625
0 0.45072115384615385 0.6658653846153846 0.02283653846153846 0.018028846153846152
0 0.49158653846153844 0.0673076923076923 0.030048076923076924 0.019230769230769232
0 0.2692307692307692 0.6766826923076923 0.028846153846153848 0.019230769230769232
0 0.3137019230769231 0.6887019230769231 0.02283653846153846 0.015625
0 0.10096153846153846 0.6923076923076923 0.04447115384615385 0.026442307692307692
0 0.41586538461538464 0.6923076923076923 0.027644230769230768 0.018028846153846152
0 0.38461538461538464 0.6995192307692307 0.021634615384615384 0.020432692307692308
0 0.2403846153846154 0.703125 0.027644230769230768 0.020432692307692308
0 0.06129807692307692 0.7079326923076923 0.018028846153846152 0.018028846153846152
0 0.3269230769230769 0.7115384615384616 0.027644230769230768 0.016826923076923076
0 0.29447115384615385 0.7139423076923077 0.018028846153846152 0.019230769230769232
0 0.39903846153846156 0.7211538461538461 0.018028846153846152 0.016826923076923076
0 0.12860576923076922 0.7247596153846154 0.026442307692307692 0.02403846153846154
0 0.43509615384615385 0.7247596153846154 0.025240384615384616 0.016826923076923076
0 0.45072115384615385 0.7391826923076923 0.03485576923076923 0.020432692307692308
0 0.20432692307692307 0.7403846153846154 0.020432692307692308 0.025240384615384616
0 0.3293269230769231 0.7415865384615384 0.027644230769230768 0.018028846153846152
0 0.0733173076923077 0.7415865384615384 0.02403846153846154 0.018028846153846152
0 0.22956730769230768 0.7463942307692307 0.020432692307692308 0.03245192307692308
0 0.15264423076923078 0.7475961538461539 0.03125 0.020432692307692308
0 0.2608173076923077 0.7475961538461539 0.03365384615384615 0.018028846153846152
0 0.29927884615384615 0.7512019230769231 0.02283653846153846 0.021634615384615384
0 0.054086538461538464 0.7536057692307693 0.020432692307692308 0.02403846153846154
0 0.09254807692307693 0.7596153846153846 0.03245192307692308 0.02403846153846154
0 0.4182692307692308 0.7608173076923077 0.028846153846153848 0.016826923076923076
0 0.19471153846153846 0.765625 0.026442307692307692 0.018028846153846152
0 0.3557692307692308 0.7680288461538461 0.028846153846153848 0.021634615384615384
0 0.13221153846153846 0.7728365384615384 0.018028846153846152 0.019230769230769232
0 0.45072115384615385 0.7764423076923077 0.03365384615384615 0.019230769230769232
0 0.22956730769230768 0.7800480769230769 0.026442307692307692 0.020432692307692308
0 0.359375 0.7920673076923077 0.03365384615384615 0.021634615384615384
0 0.13942307692307693 0.7992788461538461 0.028846153846153848 0.025240384615384616
0 0.24278846153846154 0.8016826923076923 0.03485576923076923 0.018028846153846152
0 0.45552884615384615 0.8040865384615384 0.026442307692307692 0.018028846153846152
0 0.29447115384615385 0.8100961538461539 0.028846153846153848 0.021634615384615384
0 0.38221153846153844 0.8149038461538461 0.028846153846153848 0.028846153846153848
0 0.4266826923076923 0.8197115384615384 0.028846153846153848 0.020432692307692308
0 0.484375 0.8245192307692307 0.040865384615384616 0.02283653846153846
0 0.5336538461538461 0.8389423076923077 0.02283653846153846 0.027644230769230768
0 0.40625 0.8473557692307693 0.03245192307692308 0.028846153846153848
0 0.22115384615384615 0.8485576923076923 0.03485576923076923 0.026442307692307692
0 0.2704326923076923 0.8581730769230769 0.020432692307692308 0.021634615384615384
0 0.15384615384615385 0.859375 0.027644230769230768 0.018028846153846152
0 0.22596153846153846 0.8786057692307693 0.037259615384615384 0.020432692307692308