2 0.7572115384615384 0.2932692307692308 0.03365384615384615 0.04326923076923077
2 0.8413461538461539 0.30649038461538464 0.03365384615384615 0.040865384615384616
2 0.7139423076923077 0.33774038461538464 0.04326923076923077 0.04567307692307692
2 0.5588942307692307 0.3858173076923077 0.036057692307692304 0.040865384615384616
2 0.7788461538461539 0.390625 0.03365384615384615 0.04567307692307692
2 0.8569711538461539 0.41466346153846156 0.03125 0.040865384615384616
2 0.953125 0.41466346153846156 0.040865384615384616 0.040865384615384616
2 0.3545673076923077 0.5048076923076923 0.026442307692307692 0.04326923076923077
2 0.7572115384615384 0.5204326923076923 0.052884615384615384 0.040865384615384616
2 0.49399038461538464 0.5456730769230769 0.040865384615384616 0.057692307692307696
2 0.7860576923076923 0.6033653846153846 0.03365384615384615 0.04326923076923077
2 0.45072115384615385 0.6274038461538461 0.03125 0.038461538461538464
2 0.375 0.6850961538461539 0.038461538461538464 0.04326923076923077
2 0.8581730769230769 0.6935096153846154 0.052884615384615384 0.05048076923076923
2 0.6069711538461539 0.6947115384615384 0.055288461538461536 0.052884615384615384
2 0.3317307692307692 0.7415865384615384 0.038461538461538464 0.04567307692307692
2 0.8425480769230769 0.1045673076923077 0.055288461538461536 0.040865384615384616
2 0.6454326923076923 0.15144230769230768 0.036057692307692304 0.04326923076923077
2 0.7920673076923077 0.171875 0.03125 0.040865384615384616
2 0.5048076923076923 0.2127403846153846 0.04326923076923077 0.05048076923076923
2 0.8377403846153846 0.23677884615384615 0.036057692307692304 0.04567307692307692