0 0.5108173076923077 0.32211538461538464 0.036057692307692304 0.04326923076923077
0 0.6706730769230769 0.3858173076923077 0.038461538461538464 0.03125
0 0.24759615384615385 0.390625 0.03365384615384615 0.036057692307692304
0 0.33653846153846156 0.41225961538461536 0.03365384615384615 0.040865384615384616
0 0.40625 0.43990384615384615 0.028846153846153848 0.03365384615384615
0 0.35697115384615385 0.44591346153846156 0.04567307692307692 0.05048076923076923
0 0.09375 0.4651442307692308 0.038461538461538464 0.06009615384615385
0 0.234375 0.5132211538461539 0.021634615384615384 0.026442307692307692
0 0.2932692307692308 0.5240384615384616 0.028846153846153848 0.038461538461538464
0 0.39783653846153844 0.5889423076923077 0.04567307692307692 0.038461538461538464
0 0.8449519230769231 0.609375 0.040865384615384616 0.055288461538461536
0 0.25600961538461536 0.6346153846153846 0.036057692307692304 0.038461538461538464
0 0.3173076923076923 0.6442307692307693 0.03365384615384615 0.038461538461538464
0 0.5300480769230769 0.6634615384615384 0.036057692307692304 0.038461538461538464
0 0.3942307692307692 0.6790865384615384 0.038461538461538464 0.036057692307692304
0 0.35336538461538464 0.6875 0.04326923076923077 0.02403846153846154
0 0.7728365384615384 0.7043269230769231 0.03125 0.03365384615384615
0 0.41586538461538464 0.7548076923076923 0.052884615384615384 0.04326923076923077
0 0.16947115384615385 0.7824519230769231 0.03125 0.04567307692307692
0 0.1201923076923077 0.9579326923076923 0.04326923076923077 0.040865384615384616