0 0.363133 0.216667 0.026933 0.014889
0 0.854183 0.724167 0.035867 0.028400
0 0.489842 0.511161 0.029150 0.017944
0 0.488717 0.890833 0.026900 0.017933
0 0.347458 0.935672 0.044850 0.020922
0 0.098583 0.383356 0.035867 0.022422
0 0.215175 0.893822 0.035883 0.020933
0 0.105308 0.797406 0.026917 0.013456
0 0.087367 0.646439 0.031400 0.019433
0 0.829525 0.307872 0.022417 0.020922
0 0.301492 0.335522 0.038117 0.016444
0 0.357550 0.583656 0.029133 0.022422
0 0.153517 0.643444 0.033633 0.022422
0 0.168083 0.758544 0.031400 0.028400
0 0.719658 0.274989 0.035883 0.032889
0 0.432658 0.047039 0.040350 0.013456
0 0.141183 0.283956 0.040367 0.023911
0 0.334008 0.718933 0.044850 0.032889
0 0.161358 0.086644 0.031383 0.023911
0 0.313825 0.413256 0.026917 0.016444
