2 0.4170673076923077 0.25 0.055288461538461536 0.052884615384615384
2 0.5817307692307693 0.3401442307692308 0.04807692307692308 0.05048076923076923
2 0.20432692307692307 0.41586538461538464 0.052884615384615384 0.038461538461538464
2 0.5829326923076923 0.42788461538461536 0.055288461538461536 0.07211538461538461
2 0.4495192307692308 0.43509615384615385 0.052884615384615384 0.07211538461538461
2 0.41346153846153844 0.5408653846153846 0.057692307692307696 0.052884615384615384
2 0.11899038461538461 0.5612980769230769 0.06009615384615385 0.055288461538461536
2 0.2860576923076923 0.07091346153846154 0.03365384615384615 0.04567307692307692
2 0.37740384615384615 0.7680288461538461 0.038461538461538464 0.055288461538461536
2 0.5649038461538461 0.8100961538461539 0.052884615384615384 0.057692307692307696
2 0.2800480769230769 0.8846153846153846 0.05048076923076923 0.052884615384615384
2 0.40625 0.890625 0.04807692307692308 0.055288461538461536
2 0.22235576923076922 0.2283653846153846 0.040865384615384616 0.052884615384615384