2 0.7848557692307693 0.3004807692307692 0.027644230769230768 0.06370192307692307
2 0.18870192307692307 0.30649038461538464 0.025240384615384616 0.06009615384615385
2 0.2403846153846154 0.35697115384615385 0.025240384615384616 0.03365384615384615
2 0.2824519230769231 0.4014423076923077 0.020432692307692308 0.036057692307692304
2 0.13942307692307693 0.4110576923076923 0.03125 0.06129807692307692
2 0.1971153846153846 0.42788461538461536 0.020432692307692308 0.036057692307692304
2 0.20552884615384615 0.4807692307692308 0.019230769230769232 0.04447115384615385
2 0.515625 0.5324519230769231 0.028846153846153848 0.08173076923076923
2 0.33653846153846156 0.5949519230769231 0.027644230769230768 0.054086538461538464
2 0.5144230769230769 0.8870192307692307 0.03485576923076923 0.06490384615384616
2 0.5264423076923077 0.1310096153846154 0.038461538461538464 0.06009615384615385