2 0.2980769230769231 0.7427884615384616 0.020432692307692308 0.038461538461538464
2 0.33413461538461536 0.7451923076923077 0.04447115384615385 0.0625
2 0.2692307692307692 0.7487980769230769 0.016826923076923076 0.038461538461538464
2 0.5 0.75 0.030048076923076924 0.04927884615384615
2 0.2403846153846154 0.7524038461538461 0.025240384615384616 0.03485576923076923
2 0.7175480769230769 0.7548076923076923 0.039663461538461536 0.04927884615384615
2 0.4338942307692308 0.7692307692307693 0.030048076923076924 0.04447115384615385
2 0.29927884615384615 0.7872596153846154 0.02283653846153846 0.03245192307692308
2 0.5360576923076923 0.7884615384615384 0.020432692307692308 0.04326923076923077
2 0.26802884615384615 0.7920673076923077 0.028846153846153848 0.04326923076923077
2 0.3870192307692308 0.8028846153846154 0.030048076923076924 0.0625
2 0.5697115384615384 0.8028846153846154 0.04326923076923077 0.056490384615384616
2 0.3125 0.8269230769230769 0.03245192307692308 0.03485576923076923
2 0.4951923076923077 0.828125 0.04567307692307692 0.06009615384615385
2 0.23918269230769232 0.8293269230769231 0.019230769230769232 0.030048076923076924
2 0.265625 0.8497596153846154 0.030048076923076924 0.042067307692307696
2 0.35096153846153844 0.8581730769230769 0.030048076923076924 0.027644230769230768
2 0.6850961538461539 0.09134615384615384 0.018028846153846152 0.039663461538461536
2 0.3762019230769231 0.12740384615384615 0.026442307692307692 0.05889423076923077
2 0.6742788461538461 0.14182692307692307 0.028846153846153848 0.03245192307692308
2 0.328125 0.25841346153846156 0.036057692307692304 0.056490384615384616
2 0.39302884615384615 0.31009615384615385 0.021634615384615384 0.042067307692307696
2 0.3076923076923077 0.3137019230769231 0.027644230769230768 0.025240384615384616
2 0.49759615384615385 0.33774038461538464 0.03125 0.03245192307692308
2 0.7536057692307693 0.36538461538461536 0.02403846153846154 0.046875
2 0.6514423076923077 0.3942307692307692 0.026442307692307692 0.04326923076923077
2 0.2283653846153846 0.42908653846153844 0.036057692307692304 0.025240384615384616
2 0.3762019230769231 0.43028846153846156 0.03485576923076923 0.046875
2 0.7139423076923077 0.4483173076923077 0.028846153846153848 0.038461538461538464
2 0.3786057692307692 0.055288461538461536 0.030048076923076924 0.051682692307692304
2 0.3076923076923077 0.6574519230769231 0.027644230769230768 0.042067307692307696
2 0.6730769230769231 0.6646634615384616 0.02283653846153846 0.051682692307692304
2 0.24879807692307693 0.6802884615384616 0.021634615384615384 0.036057692307692304
2 0.1778846153846154 0.7271634615384616 0.02283653846153846 0.04326923076923077