0 0.6514423076923077 0.296875 0.04567307692307692 0.040865384615384616
0 0.5685096153846154 0.32572115384615385 0.03245192307692308 0.06129807692307692
0 0.49759615384615385 0.3269230769230769 0.04807692307692308 0.06370192307692307
0 0.7103365384615384 0.328125 0.036057692307692304 0.06610576923076923
0 0.7524038461538461 0.3473557692307692 0.03365384615384615 0.056490384615384616
0 0.6598557692307693 0.4050480769230769 0.04447115384615385 0.054086538461538464
0 0.5829326923076923 0.4074519230769231 0.042067307692307696 0.054086538461538464
0 0.5060096153846154 0.4266826923076923 0.04447115384615385 0.054086538461538464
0 0.6814903846153846 0.49399038461538464 0.04807692307692308 0.07091346153846154
0 0.6021634615384616 0.5060096153846154 0.036057692307692304 0.056490384615384616
0 0.5324519230769231 0.5240384615384616 0.03245192307692308 0.05889423076923077
0 0.4567307692307692 0.5673076923076923 0.038461538461538464 0.046875
0 0.37740384615384615 0.5709134615384616 0.03365384615384615 0.054086538461538464
0 0.6225961538461539 0.5949519230769231 0.04567307692307692 0.04927884615384615
0 0.5480769230769231 0.6225961538461539 0.04807692307692308 0.06129807692307692
0 0.4230769230769231 0.6778846153846154 0.06610576923076923 0.06370192307692307
0 0.5865384615384616 0.7415865384615384 0.039663461538461536 0.06370192307692307
0 0.5108173076923077 0.7680288461538461 0.042067307692307696 0.05889423076923077
0 0.44591346153846156 0.7800480769230769 0.03245192307692308 0.054086538461538464
0 0.3858173076923077 0.8016826923076923 0.039663461538461536 0.046875
0 0.6141826923076923 0.8257211538461539 0.03245192307692308 0.040865384615384616
0 0.47115384615384615 0.8834134615384616 0.026442307692307692 0.054086538461538464
0 0.4026442307692308 0.9026442307692307 0.054086538461538464 0.04927884615384615
0 0.5865384615384616 0.109375 0.04447115384615385 0.06370192307692307
0 0.7463942307692307 0.11538461538461539 0.03245192307692308 0.07091346153846154
0 0.6814903846153846 0.1658653846153846 0.03245192307692308 0.04447115384615385
0 0.6081730769230769 0.1971153846153846 0.039663461538461536 0.04927884615384615