0 0.321429 0.846847 0.023810 0.045045
0 0.250000 0.934685 0.023810 0.031532
0 0.222789 0.808559 0.023810 0.031532
0 0.336735 0.479730 0.027211 0.040541
0 0.292517 0.391892 0.027211 0.045045
0 0.477891 0.238739 0.037415 0.054054
0 0.547619 0.373874 0.027211 0.036036
0 0.586735 0.445946 0.037415 0.063063
0 0.724490 0.445946 0.020408 0.036036
0 0.751701 0.666667 0.020408 0.045045
0 0.549320 0.677928 0.030612 0.049550
0 0.413265 0.781532 0.030612 0.031532
0 0.442177 0.783784 0.020408 0.036036
0 0.379252 0.819820 0.030612 0.045045
0 0.743197 0.400901 0.037415 0.036036
0 0.850340 0.578829 0.034014 0.049550
0 0.585034 0.596847 0.034014 0.040541
0 0.557823 0.783784 0.034014 0.045045
0 0.591837 0.837838 0.020408 0.036036
0 0.319728 0.909910 0.020408 0.036036
0 0.149660 0.853604 0.020408 0.031532
0 0.183673 0.765766 0.027211 0.036036
0 0.705782 0.632883 0.030612 0.022523
