0 0.359375 0.2644230769230769 0.04807692307692308 0.05048076923076923
0 0.7872596153846154 0.26802884615384615 0.04567307692307692 0.0889423076923077
0 0.31009615384615385 0.30408653846153844 0.038461538461538464 0.05889423076923077
0 0.6923076923076923 0.3329326923076923 0.04326923076923077 0.06610576923076923
0 0.13942307692307693 0.33774038461538464 0.036057692307692304 0.0733173076923077
0 0.5853365384615384 0.3798076923076923 0.026442307692307692 0.06129807692307692
0 0.3581730769230769 0.3798076923076923 0.06370192307692307 0.08413461538461539
0 0.6382211538461539 0.39663461538461536 0.03125 0.056490384615384616
0 0.13942307692307693 0.4483173076923077 0.03485576923076923 0.06610576923076923
0 0.6923076923076923 0.4855769230769231 0.027644230769230768 0.05048076923076923
0 0.21995192307692307 0.49399038461538464 0.03485576923076923 0.07091346153846154
0 0.5024038461538461 0.5144230769230769 0.052884615384615384 0.09134615384615384
0 0.2824519230769231 0.5841346153846154 0.03485576923076923 0.06129807692307692
0 0.38822115384615385 0.6057692307692307 0.026442307692307692 0.06129807692307692
0 0.5805288461538461 0.609375 0.04567307692307692 0.06850961538461539
0 0.45072115384615385 0.7043269230769231 0.027644230769230768 0.07692307692307693
0 0.625 0.7043269230769231 0.0625 0.10216346153846154
0 0.8004807692307693 0.7103365384615384 0.056490384615384616 0.07091346153846154
0 0.34975961538461536 0.7824519230769231 0.025240384615384616 0.052884615384615384
0 0.5300480769230769 0.8413461538461539 0.046875 0.052884615384615384
0 0.8990384615384616 0.13581730769230768 0.04807692307692308 0.06850961538461539
0 0.7319711538461539 0.17548076923076922 0.03125 0.05048076923076923
0 0.8473557692307693 0.17908653846153846 0.042067307692307696 0.08413461538461539
0 0.12860576923076922 0.23918269230769232 0.04567307692307692 0.056490384615384616