0 0.826531 0.614865 0.020408 0.031532
0 0.850340 0.612613 0.013605 0.018018
0 0.863946 0.632883 0.020408 0.013514
0 0.236395 0.666667 0.023810 0.027027
0 0.659864 0.051802 0.034014 0.031532
0 0.207483 0.175676 0.040816 0.036036
0 0.151361 0.265766 0.017007 0.027027
0 0.085034 0.522523 0.027211 0.027027
0 0.044218 0.497748 0.027211 0.031532
0 0.079932 0.587838 0.037415 0.031532
0 0.173469 0.972973 0.027211 0.027027
0 0.204082 0.945946 0.040816 0.027027
0 0.421769 0.585586 0.027211 0.045045
0 0.950680 0.168919 0.030612 0.031532
0 0.896259 0.445946 0.037415 0.045045
0 0.372449 0.240991 0.017007 0.022523
0 0.159864 0.310811 0.027211 0.027027
0 0.188776 0.283784 0.037415 0.027027
0 0.219388 0.272523 0.023810 0.040541
0 0.426871 0.247748 0.017007 0.027027
0 0.447279 0.195946 0.030612 0.031532
0 0.474490 0.042793 0.030612 0.040541
0 0.292517 0.659910 0.020408 0.031532
0 0.197279 0.675676 0.020408 0.027027
0 0.877551 0.792793 0.027211 0.036036
0 0.409864 0.855856 0.010204 0.027027
0 0.668367 0.382883 0.030612 0.063063
0 0.630952 0.364865 0.017007 0.045045
0 0.596939 0.391892 0.030612 0.027027
0 0.585034 0.337838 0.034014 0.054054
0 0.823129 0.337838 0.027211 0.045045
0 0.620748 0.481982 0.017007 0.027027
0 0.612245 0.522523 0.027211 0.027027
0 0.950680 0.454955 0.030612 0.036036
0 0.346939 0.533784 0.020408 0.022523
