0 0.759848 0.383574 0.035578 0.034296
0 0.497459 0.838448 0.029225 0.027076
0 0.264295 0.121841 0.022872 0.034296
0 0.160102 0.033394 0.027954 0.027076
0 0.197586 0.667870 0.041931 0.028881
0 0.242694 0.533394 0.017789 0.019856
0 0.222999 0.519856 0.016518 0.018051
0 0.387548 0.543321 0.022872 0.025271
0 0.714740 0.981949 0.026684 0.028881
0 0.439009 0.942238 0.021601 0.028881
0 0.015248 0.840253 0.027954 0.030686
0 0.134689 0.617329 0.020330 0.028881
0 0.289708 0.663357 0.022872 0.041516
0 0.266201 0.441336 0.034307 0.037906
0 0.605464 0.781588 0.031766 0.036101