0 0.361000 0.355667 0.017000 0.015333
0 0.328250 0.403667 0.015500 0.011333
0 0.581750 0.572333 0.005500 0.014000
0 0.567000 0.630667 0.009000 0.012000
0 0.464500 0.502000 0.007000 0.008000
0 0.484000 0.494333 0.010000 0.015333
0 0.333250 0.351667 0.008500 0.011333
0 0.359250 0.313333 0.008500 0.010667
0 0.579750 0.610000 0.006500 0.009333
0 0.374000 0.562000 0.010000 0.013333
0 0.402250 0.531667 0.011500 0.011333
0 0.517250 0.574000 0.009500 0.014667
0 0.561500 0.537333 0.009000 0.010667
0 0.564250 0.590000 0.007500 0.016000
0 0.933750 0.651000 0.015500 0.020667
0 0.930500 0.755333 0.011000 0.018667
0 0.922250 0.792667 0.016500 0.014667
0 0.938500 0.832333 0.009000 0.016667
0 0.427500 0.429000 0.008000 0.012667
0 0.227500 0.407667 0.011000 0.007333
0 0.249000 0.375000 0.009000 0.012667
0 0.325250 0.315000 0.012500 0.014000
0 0.367250 0.211000 0.012500 0.015333
0 0.217000 0.452667 0.009000 0.016000
0 0.252500 0.452333 0.006000 0.011333
0 0.269500 0.472667 0.011000 0.009333
0 0.290000 0.432000 0.009000 0.014667
0 0.326250 0.481333 0.011500 0.010667
0 0.327500 0.593667 0.014000 0.008667
0 0.305000 0.592667 0.008000 0.012000
0 0.410250 0.567667 0.007500 0.016667
0 0.387250 0.554667 0.010500 0.012000
0 0.494750 0.586333 0.007500 0.012667
0 0.584250 0.669667 0.011500 0.016667
0 0.538750 0.547000 0.008500 0.012667
0 0.447500 0.464000 0.010000 0.016000
0 0.429250 0.467333 0.009500 0.013333
0 0.408750 0.507333 0.010500 0.012000
0 0.913000 0.710667 0.012000 0.018667
0 0.942000 0.698333 0.012000 0.014000
0 0.958500 0.659333 0.015000 0.022667
0 0.922750 0.619333 0.009500 0.020000
0 0.894250 0.626333 0.010500 0.016667
0 0.893750 0.679000 0.012500 0.012667
0 0.962500 0.738000 0.011000 0.016000
0 0.630500 0.632333 0.008000 0.012667
0 0.470500 0.524333 0.009000 0.018000
0 0.376750 0.588000 0.012500 0.017333
0 0.408750 0.596333 0.012500 0.015333
0 0.374750 0.483000 0.014500 0.016667
0 0.337750 0.542333 0.012500 0.011333
0 0.347500 0.564333 0.010000 0.012667
0 0.316750 0.458000 0.009500 0.013333
0 0.340000 0.448000 0.011000 0.014667
0 0.367750 0.437000 0.011500 0.018000
0 0.403750 0.408333 0.010500 0.016667
0 0.459000 0.417333 0.010000 0.013333
0 0.594000 0.625000 0.008000 0.012667
0 0.915250 0.825667 0.008500 0.011333
0 0.945000 0.548333 0.010000 0.018000
0 0.976500 0.796000 0.010000 0.014667
0 0.984500 0.839333 0.016000 0.018667
0 0.979500 0.878667 0.010000 0.016000
0 0.958750 0.932667 0.015500 0.016000
0 0.447500 0.518667 0.013000 0.014667
0 0.422750 0.521667 0.007500 0.012667
0 0.267000 0.529667 0.012000 0.015333
0 0.250250 0.505667 0.012500 0.015333
0 0.395500 0.621333 0.014000 0.013333
0 0.442750 0.592667 0.011500 0.012000
0 0.610250 0.569333 0.009500 0.013333
0 0.291000 0.395000 0.011000 0.016667
0 0.379750 0.375667 0.012500 0.018000
0 0.338500 0.381000 0.014000 0.012667
0 0.441250 0.383667 0.010500 0.015333
0 0.218250 0.429667 0.009500 0.011333
0 0.272250 0.336000 0.008500 0.013333
0 0.580500 0.593333 0.008000 0.009333
0 0.612250 0.622333 0.005500 0.011333
0 0.947750 0.467000 0.009500 0.015333
0 0.963750 0.574333 0.008500 0.015333
0 0.960250 0.813333 0.009500 0.014667
0 0.343750 0.681667 0.009500 0.018000
0 0.341250 0.647333 0.011500 0.016000
0 0.467500 0.467667 0.008000 0.014000
0 0.529250 0.521333 0.012500 0.012000
0 0.568750 0.568333 0.005500 0.011333
0 0.910000 0.874000 0.013000 0.018667
0 0.903750 0.741000 0.016500 0.015333
0 0.322500 0.514333 0.015000 0.012667
0 0.289750 0.499333 0.008500 0.017333
0 0.301500 0.530667 0.018000 0.016000
0 0.308750 0.555667 0.015500 0.022000
0 0.356250 0.529333 0.012500 0.018667
0 0.378750 0.510000 0.013500 0.017333
0 0.399750 0.479000 0.013500 0.016667
0 0.456000 0.556000 0.013000 0.014667
0 0.490750 0.530333 0.012500 0.012667
0 0.504500 0.505000 0.009000 0.012667
0 0.563000 0.507333 0.015000 0.018667
0 0.549500 0.566667 0.011000 0.014667
0 0.489500 0.468667 0.010000 0.014667
0 0.415000 0.424000 0.006000 0.010667
0 0.235750 0.464000 0.010500 0.013333
0 0.277250 0.592333 0.013500 0.015333
0 0.315500 0.637000 0.010000 0.015333
0 0.375500 0.633333 0.013000 0.018667
0 0.391000 0.654667 0.011000 0.012000
0 0.219500 0.522333 0.011000 0.014000
