15 0.486111 0.687500 0.044118 0.046569
15 0.143791 0.763480 0.029412 0.041667
15 0.156863 0.937500 0.019608 0.026961
15 0.284314 0.811275 0.022876 0.029412
15 0.407680 0.812500 0.034314 0.041667
15 0.189542 0.355392 0.022876 0.019608
15 0.293301 0.415441 0.021242 0.031863
15 0.371732 0.520833 0.024510 0.031863
15 0.352941 0.544118 0.029412 0.034314
15 0.364379 0.584559 0.019608 0.036765
15 0.779412 0.120098 0.022876 0.034314
15 0.252451 0.111520 0.031046 0.022059
15 0.832516 0.560049 0.027778 0.031863
