0 0.306154 0.532500 0.024615 0.035000
0 0.576923 0.293750 0.009231 0.017500
0 0.796923 0.921250 0.018462 0.032500
0 0.332308 0.677500 0.015385 0.030000
0 0.538462 0.478750 0.015385 0.022500
0 0.508462 0.263750 0.013846 0.017500
0 0.540000 0.268750 0.009231 0.022500
0 0.277692 0.407500 0.016923 0.035000
0 0.309231 0.378750 0.012308 0.022500
0 0.475385 0.346250 0.015385 0.012500
0 0.499231 0.240000 0.013846 0.015000
0 0.467692 0.225000 0.009231 0.020000
0 0.628462 0.225000 0.016923 0.020000
0 0.353077 0.260000 0.023077 0.030000
0 0.411538 0.420000 0.013846 0.030000
0 0.445385 0.886250 0.016923 0.027500
0 0.346154 0.792500 0.021538 0.020000
0 0.332308 0.756250 0.018462 0.022500
0 0.378462 0.918750 0.021538 0.032500
0 0.222308 0.230000 0.016923 0.025000
0 0.273077 0.537500 0.013846 0.025000
0 0.513077 0.485000 0.013846 0.035000
0 0.553077 0.136250 0.016923 0.022500
0 0.498462 0.196250 0.009231 0.017500
