4 0.8389423076923077 0.27163461538461536 0.04567307692307692 0.036057692307692304
4 0.6550480769230769 0.30408653846153844 0.026442307692307692 0.036057692307692304
4 0.8846153846153846 0.31850961538461536 0.0625 0.040865384615384616
4 0.47115384615384615 0.5865384615384616 0.052884615384615384 0.057692307692307696
4 0.2800480769230769 0.7307692307692307 0.06490384615384616 0.057692307692307696
4 0.8545673076923077 0.7596153846153846 0.22355769230769232 0.2692307692307692
4 0.22115384615384615 0.07932692307692307 0.0673076923076923 0.0625
4 0.4387019230769231 0.9098557692307693 0.040865384615384616 0.05048076923076923
4 0.08653846153846154 0.9182692307692307 0.057692307692307696 0.04326923076923077
4 0.02283653846153846 0.9254807692307693 0.04567307692307692 0.04807692307692308
4 0.15865384615384615 0.9350961538461539 0.040865384615384616 0.04567307692307692
4 0.3161057692307692 0.9447115384615384 0.04567307692307692 0.04326923076923077
4 0.3858173076923077 0.9447115384615384 0.06009615384615385 0.052884615384615384
4 0.3293269230769231 0.0985576923076923 0.07692307692307693 0.0625
4 0.4675480769230769 0.13221153846153846 0.06009615384615385 0.0625
4 0.14423076923076922 0.1466346153846154 0.057692307692307696 0.04807692307692308
4 0.23677884615384615 0.19951923076923078 0.04567307692307692 0.0673076923076923
4 0.18028846153846154 0.20552884615384615 0.07211538461538461 0.08173076923076923
4 0.4567307692307692 0.23317307692307693 0.0673076923076923 0.08653846153846154