0 0.423875 0.114943 0.024221 0.045977
0 0.645329 0.327586 0.017301 0.022989
0 0.643599 0.721264 0.020761 0.017241
0 0.610727 0.632184 0.010381 0.022989
0 0.283737 0.543103 0.027682 0.040230
0 0.326990 0.502874 0.024221 0.028736
0 0.520761 0.836207 0.017301 0.028736
0 0.429066 0.658046 0.020761 0.028736
0 0.506920 0.626437 0.017301 0.022989
0 0.510381 0.905172 0.017301 0.028736
0 0.257785 0.448276 0.017301 0.022989
0 0.565744 0.474138 0.017301 0.017241
0 0.543253 0.724138 0.013841 0.022989
0 0.422145 0.850575 0.013841 0.022989
0 0.479239 0.870690 0.017301 0.028736
0 0.522491 0.129310 0.013841 0.028736
