4 0.44711538461538464 0.28846153846153844 0.16826923076923078 0.16826923076923078
4 0.3161057692307692 0.44471153846153844 0.11298076923076923 0.0625
4 0.5456730769230769 0.44711538461538464 0.17307692307692307 0.1346153846153846
4 0.3870192307692308 0.5817307692307693 0.10096153846153846 0.21153846153846154
4 0.8112980769230769 0.6009615384615384 0.15144230769230768 0.18028846153846154
4 0.2620192307692308 0.6045673076923077 0.13942307692307693 0.21394230769230768
4 0.5456730769230769 0.6394230769230769 0.15865384615384615 0.16826923076923078
4 0.3786057692307692 0.7439903846153846 0.20432692307692307 0.06971153846153846
4 0.4723557692307692 0.8365384615384616 0.0985576923076923 0.10096153846153846
4 0.36177884615384615 0.8377403846153846 0.11298076923076923 0.08413461538461539
4 0.5913461538461539 0.20432692307692307 0.07211538461538461 0.08173076923076923