0 0.413408 0.742898 0.022346 0.031250
0 0.395378 0.363636 0.028949 0.038352
0 0.710513 0.359375 0.024378 0.038352
0 0.594718 0.523082 0.021331 0.031960
0 0.670645 0.537642 0.025901 0.029830
0 0.267395 0.357244 0.022854 0.035511
0 0.333672 0.133878 0.024378 0.033381
0 0.394363 0.623224 0.017776 0.024858
0 0.395886 0.560369 0.014728 0.018466
0 0.486541 0.561080 0.017268 0.021307
0 0.491620 0.740412 0.015236 0.020597
0 0.488319 0.715554 0.014728 0.013494
0 0.445404 0.740767 0.018283 0.031250
0 0.352717 0.686790 0.012697 0.019886
0 0.355510 0.729759 0.012189 0.017756
0 0.771458 0.346946 0.017268 0.027699
0 0.692991 0.401278 0.021838 0.026989
0 0.391569 0.430043 0.012189 0.030540
0 0.290503 0.593040 0.016252 0.019886
0 0.240731 0.594460 0.009142 0.018466
0 0.589385 0.736151 0.017776 0.022017
0 0.563484 0.583452 0.018791 0.016335
0 0.539360 0.544744 0.026409 0.025568
0 0.497461 0.667969 0.022854 0.020597
0 0.426612 0.651989 0.017268 0.014205
0 0.402489 0.703835 0.019807 0.018466
0 0.299137 0.407670 0.019299 0.024148
0 0.072626 0.352628 0.016252 0.030540
0 0.279330 0.529474 0.016252 0.027699
0 0.316658 0.313565 0.019807 0.026278
