0 0.6658653846153846 0.6550480769230769 0.03365384615384615 0.06971153846153846
0 0.2512019230769231 0.6550480769230769 0.036057692307692304 0.06971153846153846
0 0.8040865384615384 0.6706730769230769 0.036057692307692304 0.11538461538461539
0 0.36658653846153844 0.7295673076923077 0.04567307692307692 0.0889423076923077
0 0.5661057692307693 0.7704326923076923 0.04567307692307692 0.06971153846153846
0 0.9026442307692307 0.8257211538461539 0.04567307692307692 0.09375
0 0.8257211538461539 0.8401442307692307 0.03125 0.10817307692307693
0 0.6502403846153846 0.8413461538461539 0.040865384615384616 0.07692307692307693
0 0.23197115384615385 0.25961538461538464 0.04567307692307692 0.10096153846153846
0 0.546875 0.3233173076923077 0.036057692307692304 0.06490384615384616
0 0.30408653846153844 0.3317307692307692 0.03125 0.08173076923076923
0 0.2536057692307692 0.33533653846153844 0.03125 0.07451923076923077
0 0.5877403846153846 0.40865384615384615 0.04567307692307692 0.08173076923076923
0 0.2439903846153846 0.4338942307692308 0.04567307692307692 0.09375
0 0.5372596153846154 0.5324519230769231 0.026442307692307692 0.05048076923076923
0 0.7596153846153846 0.546875 0.04807692307692308 0.13221153846153846
0 0.7944711538461539 0.5516826923076923 0.016826923076923076 0.05048076923076923
0 0.41586538461538464 0.5889423076923077 0.03365384615384615 0.07692307692307693
0 0.5132211538461539 0.6141826923076923 0.06009615384615385 0.11298076923076923