0 0.4411057692307692 0.38822115384615385 0.03125 0.036057692307692304
0 0.39903846153846156 0.39302884615384615 0.02403846153846154 0.040865384615384616
0 0.42788461538461536 0.42788461538461536 0.028846153846153848 0.028846153846153848
0 0.3786057692307692 0.44591346153846156 0.026442307692307692 0.06971153846153846
0 0.4567307692307692 0.46634615384615385 0.028846153846153848 0.04326923076923077
0 0.49038461538461536 0.4699519230769231 0.057692307692307696 0.05048076923076923
0 0.8341346153846154 0.4795673076923077 0.12980769230769232 0.13221153846153846
0 0.5817307692307693 0.5180288461538461 0.052884615384615384 0.026442307692307692
0 0.34615384615384615 0.5336538461538461 0.03365384615384615 0.028846153846153848
0 0.46033653846153844 0.5408653846153846 0.04567307692307692 0.057692307692307696
0 0.5204326923076923 0.5432692307692307 0.06009615384615385 0.03365384615384615
0 0.41947115384615385 0.5456730769230769 0.06971153846153846 0.07211538461538461
0 0.5264423076923077 0.7956730769230769 0.0625 0.04326923076923077
0 0.40024038461538464 0.8040865384615384 0.06009615384615385 0.03125
0 0.5540865384615384 0.8293269230769231 0.03125 0.04326923076923077
0 0.9074519230769231 0.8365384615384616 0.09375 0.10096153846153846
0 0.390625 0.8569711538461539 0.08413461538461539 0.07451923076923077
0 0.49158653846153844 0.8725961538461539 0.040865384615384616 0.0625
0 0.7704326923076923 0.1201923076923077 0.10336538461538461 0.1346153846153846
0 0.4651442307692308 0.14182692307692307 0.12740384615384615 0.13942307692307693