4 0.5180288461538461 0.421875 0.11778846153846154 0.0985576923076923
4 0.3137019230769231 0.5925480769230769 0.14182692307692307 0.15625
4 0.7548076923076923 0.6177884615384616 0.125 0.18269230769230768
4 0.8473557692307693 0.625 0.055288461538461536 0.1778846153846154
4 0.19951923076923078 0.6586538461538461 0.0673076923076923 0.10096153846153846
4 0.46634615384615385 0.7259615384615384 0.2932692307692308 0.0625
4 0.6742788461538461 0.7524038461538461 0.15625 0.07692307692307693
4 0.7932692307692307 0.7644230769230769 0.09134615384615384 0.10096153846153846
4 0.34134615384615385 0.7704326923076923 0.11538461538461539 0.05048076923076923
4 0.7367788461538461 0.8233173076923077 0.040865384615384616 0.040865384615384616
4 0.3485576923076923 0.859375 0.07211538461538461 0.13221153846153846
4 0.3942307692307692 0.8954326923076923 0.09134615384615384 0.09375
4 0.7007211538461539 0.8978365384615384 0.04567307692307692 0.09375
4 0.4951923076923077 0.9122596153846154 0.10096153846153846 0.08413461538461539
4 0.6502403846153846 0.9266826923076923 0.055288461538461536 0.09375
4 0.578125 0.9338942307692307 0.06490384615384616 0.10336538461538461
4 0.5709134615384616 0.14543269230769232 0.12259615384615384 0.10817307692307693
4 0.2932692307692308 0.21153846153846154 0.11057692307692307 0.10096153846153846
4 0.5637019230769231 0.2668269230769231 0.43028846153846156 0.15865384615384615
4 0.2091346153846154 0.3173076923076923 0.10576923076923077 0.125
4 0.328125 0.3293269230769231 0.06971153846153846 0.11057692307692307