0 0.593954 0.536765 0.037582 0.058824
0 0.575163 0.325980 0.042484 0.058824
0 0.857843 0.438725 0.022876 0.044118
0 0.437092 0.470588 0.024510 0.024510
0 0.350490 0.381127 0.027778 0.041667
0 0.057190 0.397059 0.029412 0.039216
0 0.544935 0.691176 0.031046 0.039216
0 0.426471 0.759804 0.029412 0.039216
0 0.422386 0.979167 0.024510 0.026961
0 0.333333 0.947304 0.029412 0.031863
0 0.924020 0.632353 0.024510 0.029412
0 0.965686 0.517157 0.016340 0.034314
0 0.476307 0.476716 0.017974 0.012255
0 0.454248 0.503676 0.009804 0.017157
0 0.450980 0.118873 0.016340 0.022059
0 0.675654 0.095588 0.017974 0.024510
0 0.973856 0.246324 0.016340 0.026961
