0 0.635000 0.768750 0.010000 0.017500
0 0.641667 0.695000 0.006667 0.015000
0 0.625000 0.692500 0.006667 0.010000
0 0.358333 0.738750 0.010000 0.017500
0 0.768333 0.825000 0.010000 0.020000
0 0.800833 0.812500 0.008333 0.020000
0 0.727500 0.881250 0.011667 0.012500
0 0.554167 0.720000 0.011667 0.015000
0 0.520833 0.626250 0.008333 0.012500
0 0.525833 0.650000 0.011667 0.015000
0 0.503333 0.645000 0.010000 0.015000
0 0.442500 0.645000 0.011667 0.015000
0 0.673333 0.692500 0.006667 0.015000
0 0.595000 0.670000 0.006667 0.015000
0 0.547500 0.661250 0.005000 0.012500
0 0.427500 0.726250 0.011667 0.017500
0 0.439167 0.690000 0.011667 0.020000
0 0.505833 0.450000 0.015000 0.015000
0 0.455833 0.513750 0.011667 0.017500
0 0.365000 0.646250 0.013333 0.017500
0 0.387500 0.570000 0.011667 0.015000
0 0.375833 0.513750 0.015000 0.017500
0 0.794167 0.741250 0.008333 0.017500
0 0.337500 0.626250 0.015000 0.017500
0 0.415833 0.553750 0.015000 0.017500
0 0.606667 0.692500 0.010000 0.010000
0 0.576667 0.707500 0.010000 0.015000
0 0.469167 0.733750 0.011667 0.017500
0 0.459167 0.765000 0.011667 0.010000
0 0.462500 0.700000 0.008333 0.015000
0 0.568333 0.651250 0.010000 0.017500
0 0.538333 0.611250 0.013333 0.012500
0 0.497500 0.361250 0.015000 0.017500
0 0.460833 0.467500 0.011667 0.015000
0 0.465000 0.445000 0.010000 0.015000
0 0.481667 0.538750 0.006667 0.017500
0 0.505000 0.483750 0.010000 0.017500
0 0.556667 0.675000 0.010000 0.010000
0 0.654167 0.582500 0.008333 0.015000
0 0.337500 0.546250 0.011667 0.017500
0 0.371667 0.610000 0.013333 0.020000
0 0.397500 0.701250 0.008333 0.017500
0 0.488333 0.705000 0.006667 0.015000
0 0.474167 0.645000 0.015000 0.020000
0 0.643333 0.725000 0.010000 0.015000
0 0.641667 0.743750 0.010000 0.012500
0 0.675833 0.755000 0.011667 0.015000
0 0.697500 0.771250 0.011667 0.012500
0 0.759167 0.677500 0.011667 0.015000
0 0.606667 0.615000 0.006667 0.020000
0 0.616667 0.526250 0.010000 0.017500
0 0.385833 0.447500 0.008333 0.015000
0 0.415833 0.401250 0.011667 0.017500
0 0.658333 0.812500 0.010000 0.015000
0 0.690833 0.857500 0.008333 0.015000
0 0.675833 0.803750 0.011667 0.017500
0 0.665000 0.778750 0.010000 0.017500
0 0.705000 0.816250 0.010000 0.017500
0 0.785000 0.858750 0.010000 0.017500
0 0.778333 0.887500 0.013333 0.015000
0 0.502500 0.416250 0.015000 0.022500
0 0.540000 0.390000 0.013333 0.015000
0 0.520833 0.398750 0.008333 0.017500
0 0.527500 0.446250 0.011667 0.027500
0 0.433333 0.473750 0.013333 0.022500
0 0.406667 0.518750 0.013333 0.017500
0 0.390833 0.483750 0.011667 0.017500
0 0.315000 0.665000 0.010000 0.020000
0 0.400000 0.660000 0.016667 0.025000
0 0.425833 0.636250 0.011667 0.012500
0 0.476667 0.620000 0.013333 0.015000
0 0.517500 0.553750 0.015000 0.017500
0 0.507500 0.716250 0.011667 0.017500
0 0.620000 0.656250 0.013333 0.017500
0 0.441667 0.561250 0.013333 0.022500
0 0.484167 0.231250 0.018333 0.017500
0 0.433333 0.241250 0.013333 0.032500
0 0.455000 0.383750 0.010000 0.027500
0 0.576667 0.390000 0.013333 0.025000
0 0.345000 0.501250 0.016667 0.017500
