4 0.5444711538461539 0.5300480769230769 0.08413461538461539 0.10817307692307693
4 0.296875 0.5492788461538461 0.026442307692307692 0.026442307692307692
4 0.35336538461538464 0.6033653846153846 0.07211538461538461 0.08173076923076923
4 0.5384615384615384 0.6189903846153846 0.14903846153846154 0.08413461538461539
4 0.2956730769230769 0.6622596153846154 0.0673076923076923 0.18028846153846154
4 0.28365384615384615 0.7391826923076923 0.07211538461538461 0.10817307692307693
4 0.3942307692307692 0.28365384615384615 0.038461538461538464 0.08173076923076923
4 0.31850961538461536 0.3161057692307692 0.05048076923076923 0.10336538461538461
4 0.4831730769230769 0.3293269230769231 0.10096153846153846 0.08173076923076923
4 0.39783653846153844 0.36538461538461536 0.04567307692307692 0.052884615384615384
4 0.6790865384615384 0.3713942307692308 0.05048076923076923 0.06009615384615385
4 0.34134615384615385 0.44591346153846156 0.057692307692307696 0.055288461538461536
4 0.47475961538461536 0.47836538461538464 0.03125 0.07692307692307693
4 0.2644230769230769 0.47716346153846156 0.04326923076923077 0.055288461538461536