0 0.937500 0.608333 0.037500 0.050000
0 0.833333 0.552778 0.041667 0.044444
0 0.780208 0.448611 0.047917 0.047222
0 0.710417 0.591667 0.054167 0.044444
0 0.650000 0.583333 0.033333 0.044444
0 0.615625 0.626389 0.039583 0.041667
0 0.467708 0.701389 0.039583 0.036111
0 0.393750 0.715278 0.041667 0.041667
0 0.297917 0.641667 0.025000 0.027778
0 0.380208 0.486111 0.035417 0.044444
0 0.365625 0.380556 0.043750 0.050000
0 0.489583 0.316667 0.050000 0.044444
0 0.607292 0.319444 0.043750 0.044444
0 0.755208 0.630556 0.014583 0.016667
