0 0.659331 0.732981 0.010563 0.017606
0 0.677817 0.534624 0.008803 0.008216
0 0.648768 0.537559 0.012324 0.016432
0 0.637324 0.629108 0.015845 0.014085
0 0.634683 0.552817 0.008803 0.011737
0 0.720951 0.540493 0.007042 0.012911
0 0.636884 0.715962 0.007923 0.016432
0 0.591549 0.728873 0.010563 0.011737
0 0.602993 0.678404 0.010563 0.011737
0 0.582746 0.552230 0.007042 0.012911
0 0.599472 0.504108 0.008803 0.012911
0 0.490757 0.536385 0.009683 0.011737
0 0.407570 0.569249 0.012324 0.014085
0 0.530370 0.372066 0.011444 0.018779
0 0.491637 0.390845 0.011444 0.011737
0 0.441901 0.497653 0.007042 0.014085
0 0.450264 0.676056 0.009683 0.011737
0 0.484595 0.640845 0.009683 0.011737
0 0.528169 0.700117 0.008803 0.017606
0 0.606514 0.599178 0.008803 0.012911
0 0.574824 0.677817 0.008803 0.012911
0 0.507923 0.755282 0.008803 0.015258
0 0.557658 0.562793 0.011444 0.015258
0 0.473151 0.545188 0.011444 0.015258
0 0.507923 0.519953 0.014085 0.021127
0 0.449384 0.463028 0.009683 0.017606
0 0.680898 0.481221 0.011444 0.016432
0 0.495158 0.593897 0.014965 0.018779
0 0.435299 0.579812 0.011444 0.016432
0 0.507923 0.646714 0.007042 0.016432
0 0.423415 0.632042 0.010563 0.017606
0 0.577025 0.637911 0.011444 0.017606
0 0.531690 0.559272 0.012324 0.010563
0 0.535651 0.530516 0.007923 0.018779
0 0.421215 0.686033 0.013204 0.015258
0 0.549736 0.696596 0.011444 0.017606
0 0.541373 0.601526 0.012324 0.017606
0 0.511444 0.557512 0.008803 0.009390
0 0.477553 0.503521 0.016725 0.014085
0 0.426937 0.469484 0.012324 0.016432
0 0.593310 0.783451 0.012324 0.015258
0 0.524648 0.654930 0.015845 0.018779
0 0.531250 0.748826 0.013204 0.016432
