0 0.419023 0.517787 0.015424 0.015810
0 0.416452 0.413043 0.010283 0.019763
0 0.474293 0.476285 0.012853 0.019763
0 0.528278 0.448617 0.017995 0.019763
0 0.335476 0.478261 0.012853 0.015810
0 0.350900 0.367589 0.017995 0.015810
0 0.375321 0.575099 0.015424 0.011858
0 0.521851 0.541502 0.015424 0.023715
0 0.386889 0.391304 0.012853 0.015810
0 0.443445 0.399209 0.012853 0.023715
0 0.417738 0.361660 0.012853 0.019763
0 0.489717 0.515810 0.012853 0.019763
0 0.575835 0.531621 0.015424 0.027668
0 0.305913 0.523715 0.015424 0.019763
0 0.374036 0.428854 0.012853 0.019763
0 0.332905 0.432806 0.012853 0.019763
0 0.336761 0.393281 0.020566 0.019763
0 0.475578 0.430830 0.010283 0.023715
0 0.422879 0.438735 0.017995 0.015810
0 0.375321 0.535573 0.015424 0.019763
0 0.296915 0.415020 0.012853 0.031621
0 0.275064 0.478261 0.015424 0.023715
0 0.267352 0.515810 0.015424 0.019763
0 0.296915 0.466403 0.012853 0.015810
0 0.298201 0.496047 0.015424 0.019763
0 0.404884 0.450593 0.017995 0.015810
0 0.467866 0.365613 0.020566 0.019763
