0 0.6322115384615384 0.47716346153846156 0.03365384615384615 0.06490384615384616
0 0.7463942307692307 0.5180288461538461 0.026442307692307692 0.06971153846153846
0 0.3737980769230769 0.5204326923076923 0.026442307692307692 0.20432692307692307
0 0.7235576923076923 0.5288461538461539 0.03365384615384615 0.07692307692307693
0 0.6021634615384616 0.5384615384615384 0.026442307692307692 0.04807692307692308
0 0.6634615384615384 0.5588942307692307 0.08653846153846154 0.055288461538461536
0 0.4170673076923077 0.5721153846153846 0.026442307692307692 0.038461538461538464
0 0.7427884615384616 0.5841346153846154 0.03365384615384615 0.038461538461538464
0 0.5805288461538461 0.5853365384615384 0.021634615384615384 0.0985576923076923
0 0.4675480769230769 0.6346153846153846 0.04567307692307692 0.14903846153846154
0 0.515625 0.6442307692307693 0.040865384615384616 0.10096153846153846
0 0.6838942307692307 0.65625 0.05048076923076923 0.0625
0 0.3329326923076923 0.6923076923076923 0.08413461538461539 0.07211538461538461
0 0.4483173076923077 0.7211538461538461 0.026442307692307692 0.04807692307692308
0 0.5048076923076923 0.7439903846153846 0.038461538461538464 0.040865384615384616
0 0.6213942307692307 0.7644230769230769 0.08413461538461539 0.14423076923076922
0 0.5108173076923077 0.8293269230769231 0.06971153846153846 0.1201923076923077