0 0.513542 0.479167 0.014583 0.013889
0 0.459375 0.480556 0.018750 0.022222
0 0.660417 0.241667 0.016667 0.016667
0 0.659375 0.387500 0.014583 0.019444
0 0.630208 0.434722 0.014583 0.019444
0 0.593750 0.450000 0.016667 0.022222
0 0.621875 0.491667 0.014583 0.022222
0 0.657292 0.480556 0.018750 0.022222
0 0.708333 0.469444 0.016667 0.022222
0 0.580208 0.366667 0.010417 0.022222
0 0.578125 0.415278 0.014583 0.019444
0 0.725000 0.286111 0.012500 0.016667
0 0.435417 0.426389 0.008333 0.019444
0 0.388542 0.475000 0.014583 0.022222
0 0.603125 0.601389 0.018750 0.019444
0 0.561458 0.450000 0.014583 0.022222
0 0.612500 0.400000 0.016667 0.022222
0 0.616667 0.269444 0.012500 0.016667
0 0.579167 0.283333 0.012500 0.016667
0 0.548958 0.275000 0.014583 0.022222
0 0.566667 0.308333 0.016667 0.016667
0 0.520833 0.319444 0.012500 0.022222
0 0.260417 0.598611 0.016667 0.025000
