0 0.650000 0.727778 0.041667 0.061111
0 0.556250 0.687500 0.025000 0.041667
0 0.327083 0.670833 0.029167 0.047222
0 0.395833 0.570833 0.037500 0.052778
0 0.466667 0.306944 0.029167 0.036111
0 0.370833 0.350000 0.029167 0.055556
0 0.279167 0.312500 0.062500 0.069444
0 0.054167 0.173611 0.025000 0.036111
0 0.215625 0.586111 0.022917 0.027778
0 0.636458 0.358333 0.018750 0.022222
0 0.789583 0.338889 0.016667 0.033333
0 0.807292 0.376389 0.022917 0.019444
0 0.616667 0.463889 0.016667 0.022222
0 0.582292 0.688889 0.014583 0.027778
0 0.726042 0.455556 0.097917 0.122222
