0 0.367500 0.527516 0.011000 0.017296
0 0.261500 0.480346 0.019000 0.023585
0 0.518500 0.399371 0.013000 0.018868
0 0.687500 0.368711 0.013000 0.029874
0 0.627500 0.507862 0.013000 0.025157
0 0.531000 0.569182 0.016000 0.018868
0 0.636000 0.399371 0.006000 0.018868
0 0.471000 0.377358 0.016000 0.015723
0 0.515500 0.466981 0.015000 0.015723
0 0.448000 0.462264 0.018000 0.028302
0 0.380500 0.583333 0.007000 0.012579
0 0.592000 0.544025 0.008000 0.018868
0 0.613000 0.541667 0.008000 0.020440
0 0.704000 0.568396 0.010000 0.029874
0 0.588000 0.495283 0.012000 0.022013
0 0.610500 0.400943 0.011000 0.015723
0 0.577000 0.276730 0.008000 0.022013
0 0.381000 0.435535 0.010000 0.025157
0 0.361500 0.462264 0.009000 0.018868
0 0.354000 0.488208 0.014000 0.017296
0 0.560500 0.541667 0.009000 0.023585
0 0.573000 0.446541 0.012000 0.022013
0 0.633500 0.448899 0.011000 0.020440
0 0.555500 0.305031 0.013000 0.015723
0 0.416000 0.546384 0.010000 0.017296
0 0.428000 0.360849 0.010000 0.020440
0 0.416500 0.301887 0.015000 0.015723
0 0.418000 0.330975 0.012000 0.020440
0 0.525500 0.341981 0.013000 0.020440
0 0.593000 0.343553 0.016000 0.023585
0 0.563500 0.499214 0.011000 0.020440
0 0.457000 0.416667 0.014000 0.022013
0 0.468000 0.530660 0.016000 0.014151
0 0.416500 0.499214 0.015000 0.017296
0 0.744500 0.625000 0.017000 0.026730
