0 0.7752403846153846 0.5432692307692307 0.042067307692307696 0.04326923076923077
0 0.8209134615384616 0.6658653846153846 0.03485576923076923 0.039663461538461536
0 0.7271634615384616 0.6850961538461539 0.030048076923076924 0.0829326923076923
0 0.6442307692307693 0.7223557692307693 0.10216346153846154 0.10576923076923077
0 0.39302884615384615 0.7620192307692307 0.10096153846153846 0.0625
0 0.5300480769230769 0.7704326923076923 0.05889423076923077 0.06370192307692307
0 0.18028846153846154 0.7776442307692307 0.13822115384615385 0.1141826923076923
0 0.40024038461538464 0.8473557692307693 0.09134615384615384 0.0733173076923077
0 0.5252403846153846 0.9134615384615384 0.055288461538461536 0.054086538461538464
0 0.3425480769230769 0.9290865384615384 0.037259615384615384 0.042067307692307696
0 0.39302884615384615 0.9338942307692307 0.05048076923076923 0.052884615384615384
0 0.6442307692307693 0.9771634615384616 0.057692307692307696 0.042067307692307696