0 0.484375 0.5661057692307693 0.055288461538461536 0.06129807692307692
0 0.07091346153846154 0.8533653846153846 0.04447115384615385 0.06850961538461539
0 0.0829326923076923 0.7019230769230769 0.055288461538461536 0.0733173076923077
0 0.49399038461538464 0.6850961538461539 0.09254807692307693 0.13701923076923078
0 0.5889423076923077 0.45913461538461536 0.08774038461538461 0.09254807692307693
0 0.6694711538461539 0.828125 0.056490384615384616 0.125
0 0.6021634615384616 0.7223557692307693 0.04447115384615385 0.08052884615384616
0 0.6466346153846154 0.5276442307692307 0.05889423076923077 0.0829326923076923
0 0.7319711538461539 0.6586538461538461 0.027644230769230768 0.051682692307692304
0 0.5865384615384616 0.6057692307692307 0.03365384615384615 0.04927884615384615
0 0.5829326923076923 0.5492788461538461 0.037259615384615384 0.051682692307692304
0 0.5769230769230769 0.8233173076923077 0.036057692307692304 0.07091346153846154
0 0.7451923076923077 0.16105769230769232 0.03245192307692308 0.05889423076923077
0 0.7475961538461539 0.28846153846153844 0.03245192307692308 0.06370192307692307
0 0.7524038461538461 0.5576923076923077 0.026442307692307692 0.04447115384615385
0 0.6911057692307693 0.5661057692307693 0.038461538461538464 0.056490384615384616
0 0.6971153846153846 0.6995192307692307 0.02403846153846154 0.054086538461538464