0 0.11658653846153846 0.4375 0.09495192307692307 0.12139423076923077
0 0.22716346153846154 0.546875 0.1045673076923077 0.08653846153846154
0 0.35697115384615385 0.5889423076923077 0.0733173076923077 0.0625
0 0.41225961538461536 0.7055288461538461 0.07572115384615384 0.0889423076923077
0 0.46153846153846156 0.8509615384615384 0.0733173076923077 0.07572115384615384
0 0.5997596153846154 0.5637019230769231 0.1346153846153846 0.1466346153846154
0 0.7391826923076923 0.4254807692307692 0.054086538461538464 0.07091346153846154
0 0.7764423076923077 0.5012019230769231 0.02283653846153846 0.038461538461538464
0 0.7704326923076923 0.6586538461538461 0.08413461538461539 0.08173076923076923
0 0.7055288461538461 0.7560096153846154 0.05048076923076923 0.07572115384615384
0 0.7091346153846154 0.22716346153846154 0.11538461538461539 0.15144230769230768
0 0.4375 0.18870192307692307 0.06610576923076923 0.08413461538461539
0 0.5588942307692307 0.26802884615384615 0.040865384615384616 0.06009615384615385