0 0.5889423076923077 0.5733173076923077 0.04567307692307692 0.0733173076923077
0 0.6514423076923077 0.7872596153846154 0.07451923076923077 0.09495192307692307
0 0.30528846153846156 0.43990384615384615 0.057692307692307696 0.0733173076923077
0 0.4230769230769231 0.25240384615384615 0.0829326923076923 0.09134615384615384
0 0.4723557692307692 0.5997596153846154 0.0733173076923077 0.15504807692307693
0 0.42427884615384615 0.8786057692307693 0.11899038461538461 0.15264423076923078
0 0.15384615384615385 0.5588942307692307 0.054086538461538464 0.0673076923076923
0 0.13221153846153846 0.6225961538461539 0.042067307692307696 0.05048076923076923
0 0.25600961538461536 0.13942307692307693 0.04807692307692308 0.1310096153846154
0 0.203125 0.03245192307692308 0.03125 0.04567307692307692
0 0.3173076923076923 0.04807692307692308 0.056490384615384616 0.07091346153846154
0 0.31850961538461536 0.28365384615384615 0.06850961538461539 0.09975961538461539