5 0.24278846153846154 0.34375 0.02283653846153846 0.038461538461538464
5 0.48677884615384615 0.32091346153846156 0.03485576923076923 0.042067307692307696
5 0.46033653846153844 0.7067307692307693 0.025240384615384616 0.03125
5 0.48677884615384615 0.5600961538461539 0.026442307692307692 0.038461538461538464
5 0.5084134615384616 0.6165865384615384 0.02283653846153846 0.04807692307692308
5 0.45552884615384615 0.6201923076923077 0.02283653846153846 0.03245192307692308
5 0.3701923076923077 0.6298076923076923 0.019230769230769232 0.03485576923076923
5 0.4110576923076923 0.6382211538461539 0.019230769230769232 0.030048076923076924
5 0.31490384615384615 0.5612980769230769 0.05889423076923077 0.07211538461538461
5 0.3016826923076923 0.625 0.015625 0.03125
5 0.4014423076923077 0.31009615384615385 0.014423076923076924 0.02403846153846154
5 0.28846153846153844 0.23798076923076922 0.02403846153846154 0.055288461538461536
5 0.21394230769230768 0.44711538461538464 0.019230769230769232 0.04447115384615385
5 0.1814903846153846 0.4423076923076923 0.02283653846153846 0.042067307692307696
5 0.2920673076923077 0.15745192307692307 0.019230769230769232 0.03125
5 0.5576923076923077 0.23557692307692307 0.019230769230769232 0.038461538461538464
5 0.16346153846153846 0.39302884615384615 0.026442307692307692 0.03125