5 0.33653846153846156 0.5204326923076923 0.04927884615384615 0.08533653846153846
5 0.59375 0.47596153846153844 0.036057692307692304 0.05889423076923077
5 0.6358173076923077 0.4639423076923077 0.027644230769230768 0.055288461538461536
5 0.7764423076923077 0.5036057692307693 0.038461538461538464 0.11298076923076923
5 0.5576923076923077 0.8269230769230769 0.039663461538461536 0.07211538461538461
5 0.46033653846153844 0.8882211538461539 0.038461538461538464 0.05889423076923077
5 0.5060096153846154 0.7331730769230769 0.03245192307692308 0.051682692307692304
5 0.5420673076923077 0.6346153846153846 0.038461538461538464 0.06490384615384616
5 0.41947115384615385 0.7355769230769231 0.028846153846153848 0.055288461538461536
5 0.38341346153846156 0.7668269230769231 0.02403846153846154 0.04807692307692308
5 0.29447115384615385 0.8641826923076923 0.038461538461538464 0.08533653846153846
5 0.43509615384615385 0.4050480769230769 0.04326923076923077 0.07572115384615384
5 0.49399038461538464 0.24278846153846154 0.054086538461538464 0.10697115384615384
5 0.5408653846153846 0.4110576923076923 0.046875 0.09975961538461539
5 0.38341346153846156 0.19951923076923078 0.04567307692307692 0.07572115384615384
5 0.12379807692307693 0.5973557692307693 0.0673076923076923 0.09615384615384616
5 0.7007211538461539 0.16105769230769232 0.028846153846153848 0.040865384615384616
5 0.8161057692307693 0.4206730769230769 0.03245192307692308 0.07932692307692307
5 0.06610576923076923 0.359375 0.038461538461538464 0.05889423076923077
5 0.1658653846153846 0.5012019230769231 0.027644230769230768 0.055288461538461536