0 0.4735576923076923 0.4963942307692308 0.18028846153846154 0.23798076923076922
0 0.18269230769230768 0.8545673076923077 0.06971153846153846 0.08774038461538461
0 0.20072115384615385 0.9603365384615384 0.06850961538461539 0.07451923076923077
0 0.5973557692307693 0.8353365384615384 0.03485576923076923 0.06971153846153846
0 0.6622596153846154 0.4254807692307692 0.030048076923076924 0.046875
0 0.6850961538461539 0.5961538461538461 0.15504807692307693 0.19831730769230768
0 0.6754807692307693 0.8629807692307693 0.10817307692307693 0.18028846153846154
0 0.7800480769230769 0.8353365384615384 0.06490384615384616 0.09735576923076923
0 0.44471153846153844 0.23317307692307693 0.04567307692307692 0.052884615384615384
0 0.5817307692307693 0.25240384615384615 0.0829326923076923 0.15144230769230768
0 0.47115384615384615 0.3485576923076923 0.08533653846153846 0.054086538461538464
0 0.5721153846153846 0.6899038461538461 0.038461538461538464 0.056490384615384616
0 0.6225961538461539 0.43509615384615385 0.027644230769230768 0.04447115384615385
0 0.8413461538461539 0.7067307692307693 0.019230769230769232 0.026442307692307692
0 0.8365384615384616 0.7560096153846154 0.019230769230769232 0.026442307692307692