0 0.427500 0.661157 0.025000 0.033058
0 0.612500 0.626033 0.020000 0.028926
0 0.642500 0.719008 0.025000 0.033058
0 0.533750 0.719008 0.022500 0.033058
0 0.452500 0.871901 0.015000 0.024793
0 0.421250 0.845041 0.012500 0.028926
0 0.521250 0.838843 0.012500 0.024793
0 0.477500 0.863636 0.010000 0.024793
0 0.512500 0.909091 0.020000 0.016529
0 0.501250 0.619835 0.017500 0.024793
0 0.567500 0.469008 0.010000 0.028926
0 0.478750 0.456612 0.012500 0.020661
0 0.283750 0.551653 0.037500 0.045455
0 0.323750 0.500000 0.022500 0.024793
0 0.258750 0.448347 0.017500 0.028926
0 0.421250 0.115702 0.017500 0.033058
0 0.526250 0.130165 0.017500 0.028926
0 0.947500 0.175620 0.025000 0.037190
0 0.645000 0.326446 0.015000 0.033058
0 0.912500 0.293388 0.015000 0.024793
0 0.053750 0.376033 0.012500 0.024793
