0 0.7740384615384616 0.17307692307692307 0.046875 0.078125
0 0.7019230769230769 0.9122596153846154 0.13701923076923078 0.078125
0 0.8209134615384616 0.8389423076923077 0.09254807692307693 0.07932692307692307
0 0.13581730769230768 0.8954326923076923 0.038461538461538464 0.040865384615384616
0 0.234375 0.17067307692307693 0.11298076923076923 0.21995192307692307
0 0.4110576923076923 0.33774038461538464 0.06971153846153846 0.06850961538461539
0 0.4831730769230769 0.40384615384615385 0.038461538461538464 0.054086538461538464
0 0.6862980769230769 0.29086538461538464 0.038461538461538464 0.08533653846153846
0 0.6177884615384616 0.1778846153846154 0.05048076923076923 0.05889423076923077
0 0.609375 0.29086538461538464 0.052884615384615384 0.052884615384615384
0 0.7367788461538461 0.35697115384615385 0.042067307692307696 0.07451923076923077
0 0.7908653846153846 0.4423076923076923 0.02403846153846154 0.04326923076923077
0 0.6574519230769231 0.546875 0.038461538461538464 0.052884615384615384
0 0.5264423076923077 0.3737980769230769 0.042067307692307696 0.040865384615384616
0 0.5432692307692307 0.4735576923076923 0.04326923076923077 0.038461538461538464
0 0.30649038461538464 0.4206730769230769 0.056490384615384616 0.05889423076923077
0 0.39302884615384615 0.453125 0.051682692307692304 0.056490384615384616
0 0.3317307692307692 0.7127403846153846 0.038461538461538464 0.052884615384615384
0 0.4423076923076923 0.6514423076923077 0.06009615384615385 0.05048076923076923
0 0.49759615384615385 0.5432692307692307 0.06490384615384616 0.056490384615384616
0 0.5564903846153846 0.6370192307692307 0.037259615384615384 0.03485576923076923
0 0.31850961538461536 0.8221153846153846 0.08052884615384616 0.08774038461538461
0 0.25240384615384615 0.3329326923076923 0.0625 0.09014423076923077
0 0.057692307692307696 0.5 0.028846153846153848 0.040865384615384616
0 0.11177884615384616 0.5649038461538461 0.019230769230769232 0.046875
0 0.18870192307692307 0.6286057692307693 0.04567307692307692 0.052884615384615384
0 0.1935096153846154 0.49278846153846156 0.038461538461538464 0.05048076923076923
0 0.5264423076923077 0.1778846153846154 0.04567307692307692 0.08173076923076923
0 0.09615384615384616 0.6370192307692307 0.037259615384615384 0.054086538461538464
0 0.16346153846153846 0.2764423076923077 0.036057692307692304 0.038461538461538464
0 0.18028846153846154 0.33533653846153844 0.03125 0.04326923076923077
0 0.36177884615384615 0.5096153846153846 0.04567307692307692 0.056490384615384616
0 0.30649038461538464 0.5649038461538461 0.038461538461538464 0.038461538461538464
0 0.2764423076923077 0.71875 0.036057692307692304 0.04326923076923077