0 0.41466346153846156 0.25 0.04927884615384615 0.06971153846153846
0 0.4735576923076923 0.10576923076923077 0.036057692307692304 0.09134615384615384
0 0.5949519230769231 0.27884615384615385 0.046875 0.057692307692307696
0 0.46033653846153844 0.26802884615384615 0.038461538461538464 0.056490384615384616
0 0.43509615384615385 0.5360576923076923 0.06370192307692307 0.06971153846153846
0 0.5973557692307693 0.6550480769230769 0.07932692307692307 0.13942307692307693
0 0.4387019230769231 0.6262019230769231 0.039663461538461536 0.04927884615384615
0 0.49038461538461536 0.6081730769230769 0.046875 0.042067307692307696
0 0.53125 0.6694711538461539 0.03485576923076923 0.03245192307692308
0 0.7223557692307693 0.7512019230769231 0.057692307692307696 0.057692307692307696
0 0.8269230769230769 0.7151442307692307 0.08173076923076923 0.056490384615384616
0 0.8125 0.7788461538461539 0.057692307692307696 0.06009615384615385
0 0.49038461538461536 0.40384615384615385 0.10336538461538461 0.11177884615384616
0 0.609375 0.5264423076923077 0.06129807692307692 0.09375
0 0.5276442307692307 0.1310096153846154 0.05048076923076923 0.056490384615384616