0 0.3894230769230769 0.10576923076923077 0.026442307692307692 0.04807692307692308
0 0.2247596153846154 0.09375 0.037259615384615384 0.0625
0 0.12379807692307693 0.06009615384615385 0.052884615384615384 0.052884615384615384
0 0.2536057692307692 0.32572115384615385 0.052884615384615384 0.0673076923076923
0 0.18870192307692307 0.4014423076923077 0.07692307692307693 0.11538461538461539
0 0.18028846153846154 0.18870192307692307 0.08052884615384616 0.0625
0 0.2800480769230769 0.21754807692307693 0.052884615384615384 0.10096153846153846
0 0.11057692307692307 0.2512019230769231 0.052884615384615384 0.10096153846153846
0 0.7103365384615384 0.26802884615384615 0.06009615384615385 0.11538461538461539
0 0.7920673076923077 0.24639423076923078 0.06370192307692307 0.10096153846153846
0 0.7367788461538461 0.40625 0.06610576923076923 0.10576923076923077
0 0.8052884615384616 0.36177884615384615 0.05048076923076923 0.08173076923076923