0 0.018028846153846152 0.35697115384615385 0.030048076923076924 0.03485576923076923
0 0.038461538461538464 0.5252403846153846 0.06971153846153846 0.09975961538461539
0 0.030048076923076924 0.6622596153846154 0.052884615384615384 0.1346153846153846
0 0.18990384615384615 0.6069711538461539 0.052884615384615384 0.06490384615384616
0 0.09615384615384616 0.6826923076923077 0.046875 0.17548076923076922
0 0.22355769230769232 0.7379807692307693 0.046875 0.04447115384615385
0 0.21995192307692307 0.8269230769230769 0.03365384615384615 0.03485576923076923
0 0.15985576923076922 0.7271634615384616 0.052884615384615384 0.15504807692307693
0 0.4651442307692308 0.4026442307692308 0.06971153846153846 0.09495192307692307
0 0.3894230769230769 0.36538461538461536 0.046875 0.06971153846153846
0 0.35697115384615385 0.44711538461538464 0.052884615384615384 0.06490384615384616
0 0.2980769230769231 0.7271634615384616 0.030048076923076924 0.04447115384615385
0 0.34134615384615385 0.6995192307692307 0.037259615384615384 0.05048076923076923
0 0.34134615384615385 0.7800480769230769 0.05048076923076923 0.05048076923076923
0 0.39783653846153844 0.6947115384615384 0.037259615384615384 0.06009615384615385
0 0.453125 0.7427884615384616 0.026442307692307692 0.03485576923076923
0 0.47716346153846156 0.5 0.039663461538461536 0.039663461538461536
0 0.47475961538461536 0.5745192307692307 0.037259615384615384 0.039663461538461536
0 0.5204326923076923 0.5973557692307693 0.046875 0.07451923076923077
0 0.5216346153846154 0.7127403846153846 0.037259615384615384 0.06490384615384616
0 0.5132211538461539 0.8930288461538461 0.026442307692307692 0.04447115384615385
0 0.6117788461538461 0.7199519230769231 0.037259615384615384 0.05048076923076923
0 0.6550480769230769 0.7127403846153846 0.037259615384615384 0.06490384615384616
0 0.625 0.8269230769230769 0.04326923076923077 0.06490384615384616
0 0.6550480769230769 0.8894230769230769 0.02283653846153846 0.039663461538461536
0 0.5997596153846154 0.7704326923076923 0.039663461538461536 0.05048076923076923
0 0.5588942307692307 0.4026442307692308 0.05048076923076923 0.07451923076923077
0 0.6117788461538461 0.5829326923076923 0.056490384615384616 0.09495192307692307
0 0.7848557692307693 0.7427884615384616 0.06971153846153846 0.125
0 0.703125 0.3870192307692308 0.026442307692307692 0.04447115384615385
0 0.5144230769230769 0.3173076923076923 0.037259615384615384 0.04447115384615385