5 0.7391826923076923 0.13822115384615385 0.0733173076923077 0.08533653846153846
5 0.6466346153846154 0.19230769230769232 0.03125 0.040865384615384616
5 0.6310096153846154 0.2704326923076923 0.04807692307692308 0.10216346153846154
5 0.6033653846153846 0.35697115384615385 0.08052884615384616 0.06850961538461539
5 0.5985576923076923 0.5300480769230769 0.05048076923076923 0.09975961538461539
5 0.6730769230769231 0.5925480769230769 0.054086538461538464 0.10216346153846154
5 0.5757211538461539 0.6334134615384616 0.0733173076923077 0.12259615384615384
5 0.7415865384615384 0.6502403846153846 0.06971153846153846 0.11538461538461539
5 0.6682692307692307 0.6850961538461539 0.057692307692307696 0.09134615384615384
5 0.7367788461538461 0.7379807692307693 0.09254807692307693 0.11658653846153846
5 0.5540865384615384 0.7560096153846154 0.06610576923076923 0.10697115384615384
5 0.6165865384615384 0.7680288461538461 0.04447115384615385 0.11298076923076923
5 0.6971153846153846 0.8100961538461539 0.078125 0.07572115384615384
5 0.8137019230769231 0.703125 0.0673076923076923 0.13942307692307693
5 0.7920673076923077 0.8389423076923077 0.07932692307692307 0.08173076923076923
5 0.7295673076923077 0.8774038461538461 0.07572115384615384 0.09134615384615384
5 0.6550480769230769 0.8882211538461539 0.046875 0.07211538461538461
5 0.8064903846153846 0.921875 0.04326923076923077 0.057692307692307696
5 0.9350961538461539 0.9555288461538461 0.0889423076923077 0.0673076923076923
5 0.8329326923076923 0.9663461538461539 0.03485576923076923 0.04807692307692308