0 0.24519230769230768 0.5901442307692307 0.11658653846153846 0.13942307692307693
0 0.2536057692307692 0.7524038461538461 0.12259615384615384 0.11057692307692307
0 0.11899038461538461 0.8064903846153846 0.039663461538461536 0.039663461538461536
0 0.6899038461538461 0.22115384615384615 0.04447115384615385 0.06490384615384616
0 0.7319711538461539 0.2704326923076923 0.025240384615384616 0.036057692307692304
0 0.7944711538461539 0.21754807692307693 0.03245192307692308 0.07932692307692307
0 0.7644230769230769 0.32572115384615385 0.02283653846153846 0.02403846153846154
0 0.5204326923076923 0.10096153846153846 0.02283653846153846 0.05048076923076923
0 0.3449519230769231 0.6598557692307693 0.06009615384615385 0.07091346153846154
0 0.3605769230769231 0.7596153846153846 0.10576923076923077 0.09975961538461539
0 0.4543269230769231 0.6586538461538461 0.10216346153846154 0.13221153846153846
0 0.5889423076923077 0.59375 0.07091346153846154 0.11057692307692307
0 0.5372596153846154 0.7019230769230769 0.08052884615384616 0.12139423076923077
0 0.49158653846153844 0.8040865384615384 0.09375 0.12740384615384615
0 0.5721153846153846 0.8209134615384616 0.0625 0.09735576923076923
0 0.6021634615384616 0.7043269230769231 0.07211538461538461 0.08653846153846154
0 0.6442307692307693 0.5829326923076923 0.07572115384615384 0.09735576923076923
0 0.5420673076923077 0.41225961538461536 0.09014423076923077 0.0889423076923077
0 0.37259615384615385 0.5420673076923077 0.10216346153846154 0.09615384615384616
0 0.4795673076923077 0.5252403846153846 0.07572115384615384 0.1045673076923077
0 0.6454326923076923 0.453125 0.09975961538461539 0.1310096153846154
0 0.14543269230769232 0.5853365384615384 0.07692307692307693 0.13822115384615385
0 0.2512019230769231 0.0625 0.02403846153846154 0.027644230769230768
0 0.27283653846153844 0.15264423076923078 0.025240384615384616 0.04326923076923077