0 0.10096153846153846 0.30288461538461536 0.09495192307692307 0.1045673076923077
0 0.28966346153846156 0.35216346153846156 0.0889423076923077 0.125
0 0.6057692307692307 0.3161057692307692 0.05048076923076923 0.09495192307692307
0 0.5036057692307693 0.36658653846153844 0.0889423076923077 0.10697115384615384
0 0.39663461538461536 0.3581730769230769 0.07451923076923077 0.13701923076923078
0 0.47115384615384615 0.48677884615384615 0.05889423076923077 0.07211538461538461
0 0.4266826923076923 0.5817307692307693 0.03485576923076923 0.04807692307692308
0 0.6141826923076923 0.7728365384615384 0.07932692307692307 0.11899038461538461
0 0.7319711538461539 0.33533653846153844 0.036057692307692304 0.056490384615384616
0 0.7319711538461539 0.4254807692307692 0.036057692307692304 0.05048076923076923
0 0.6887019230769231 0.42788461538461536 0.030048076923076924 0.04447115384615385
0 0.6598557692307693 0.49278846153846156 0.03485576923076923 0.04807692307692308
0 0.5901442307692307 0.5204326923076923 0.056490384615384616 0.09254807692307693
0 0.5180288461538461 0.6129807692307693 0.05048076923076923 0.0625
0 0.45072115384615385 0.7283653846153846 0.06850961538461539 0.09495192307692307
0 0.4651442307692308 0.8341346153846154 0.0625 0.056490384615384616
0 0.4423076923076923 0.8930288461538461 0.09375 0.07211538461538461
0 0.38341346153846156 0.7055288461538461 0.040865384615384616 0.056490384615384616
0 0.3557692307692308 0.7800480769230769 0.03485576923076923 0.04447115384615385
0 0.4014423076923077 0.9651442307692307 0.036057692307692304 0.04447115384615385
0 0.34975961538461536 0.44591346153846156 0.02283653846153846 0.026442307692307692
0 0.3786057692307692 0.49399038461538464 0.05889423076923077 0.07451923076923077
0 0.3245192307692308 0.4831730769230769 0.02403846153846154 0.04807692307692308
0 0.25961538461538464 0.5817307692307693 0.10576923076923077 0.125
0 0.2512019230769231 0.7091346153846154 0.04447115384615385 0.12259615384615384
0 0.18509615384615385 0.7475961538461539 0.06129807692307692 0.08052884615384616
0 0.23557692307692307 0.09375 0.056490384615384616 0.08653846153846154
0 0.16706730769230768 0.13341346153846154 0.038461538461538464 0.0625
0 0.19230769230769232 0.22956730769230768 0.052884615384615384 0.042067307692307696
0 0.042067307692307696 0.16105769230769232 0.07451923076923077 0.09495192307692307
0 0.018028846153846152 0.45552884615384615 0.03245192307692308 0.08653846153846154
0 0.03245192307692308 0.5757211538461539 0.02403846153846154 0.042067307692307696
0 0.06370192307692307 0.6418269230769231 0.042067307692307696 0.06610576923076923
0 0.08052884615384616 0.44471153846153844 0.05889423076923077 0.10096153846153846
0 0.17067307692307693 0.4735576923076923 0.0733173076923077 0.11658653846153846