0 0.5132211538461539 0.22596153846153846 0.04326923076923077 0.0625
0 0.46153846153846156 0.21995192307692307 0.025240384615384616 0.04807692307692308
0 0.22596153846153846 0.07572115384615384 0.036057692307692304 0.06610576923076923
0 0.2692307692307692 0.042067307692307696 0.040865384615384616 0.04927884615384615
0 0.26322115384615385 0.14182692307692307 0.026442307692307692 0.08533653846153846
0 0.4074519230769231 0.22596153846153846 0.030048076923076924 0.056490384615384616
0 0.20673076923076922 0.2692307692307692 0.030048076923076924 0.039663461538461536
0 0.5180288461538461 0.5288461538461539 0.026442307692307692 0.04447115384615385
0 0.5384615384615384 0.5901442307692307 0.019230769230769232 0.03485576923076923
0 0.47475961538461536 0.59375 0.030048076923076924 0.04326923076923077
0 0.4807692307692308 0.7007211538461539 0.027644230769230768 0.05048076923076923
0 0.36658653846153844 0.609375 0.03365384615384615 0.04447115384615385
0 0.4483173076923077 0.6310096153846154 0.03245192307692308 0.06009615384615385
0 0.41346153846153844 0.5240384615384616 0.03245192307692308 0.04326923076923077
0 0.30408653846153844 0.5216346153846154 0.06370192307692307 0.06850961538461539
0 0.16466346153846154 0.38221153846153844 0.027644230769230768 0.039663461538461536
0 0.6009615384615384 0.13701923076923078 0.037259615384615384 0.05889423076923077
0 0.3293269230769231 0.12980769230769232 0.03485576923076923 0.027644230769230768
0 0.30528846153846156 0.20552884615384615 0.020432692307692308 0.036057692307692304
0 0.12980769230769232 0.3629807692307692 0.06850961538461539 0.09735576923076923