0 0.33052884615384615 0.19471153846153846 0.11057692307692307 0.08173076923076923
0 0.4411057692307692 0.11177884615384616 0.03485576923076923 0.036057692307692304
0 0.7944711538461539 0.5961538461538461 0.06610576923076923 0.051682692307692304
0 0.5961538461538461 0.4639423076923077 0.0625 0.04567307692307692
0 0.33653846153846156 0.3317307692307692 0.07932692307692307 0.078125
0 0.42788461538461536 0.484375 0.1310096153846154 0.10576923076923077
0 0.18990384615384615 0.5192307692307693 0.0625 0.04807692307692308
0 0.2932692307692308 0.6021634615384616 0.07572115384615384 0.06370192307692307
0 0.28966346153846156 0.7139423076923077 0.0829326923076923 0.08774038461538461
0 0.5925480769230769 0.5432692307692307 0.1310096153846154 0.11538461538461539
0 0.7295673076923077 0.40384615384615385 0.1141826923076923 0.06370192307692307
0 0.46153846153846156 0.6694711538461539 0.10336538461538461 0.08173076923076923
0 0.7367788461538461 0.7704326923076923 0.09254807692307693 0.09014423076923077
0 0.6875 0.8653846153846154 0.14783653846153846 0.07572115384615384