0 0.1201923076923077 0.21754807692307693 0.04326923076923077 0.04447115384615385
0 0.27283653846153844 0.3004807692307692 0.07572115384615384 0.11057692307692307
0 0.2764423076923077 0.39302884615384615 0.028846153846153848 0.039663461538461536
0 0.3125 0.3870192307692308 0.03365384615384615 0.05048076923076923
0 0.30288461538461536 0.5240384615384616 0.03125 0.07211538461538461
0 0.4026442307692308 0.45552884615384615 0.03485576923076923 0.06009615384615385
0 0.5432692307692307 0.4230769230769231 0.03125 0.04447115384615385
0 0.4639423076923077 0.5276442307692307 0.03365384615384615 0.039663461538461536
0 0.6346153846153846 0.43149038461538464 0.037259615384615384 0.052884615384615384
0 0.6370192307692307 0.5048076923076923 0.021634615384615384 0.04447115384615385
0 0.5805288461538461 0.5048076923076923 0.03485576923076923 0.06971153846153846
0 0.8221153846153846 0.051682692307692304 0.03125 0.04807692307692308
0 0.4495192307692308 0.5889423076923077 0.028846153846153848 0.037259615384615384