0 0.4387019230769231 0.054086538461538464 0.036057692307692304 0.030048076923076924
0 0.328125 0.06610576923076923 0.03485576923076923 0.027644230769230768
0 0.5060096153846154 0.3389423076923077 0.03485576923076923 0.03245192307692308
0 0.44591346153846156 0.390625 0.05889423076923077 0.03485576923076923
0 0.35216346153846156 0.39302884615384615 0.046875 0.03125
0 0.5192307692307693 0.41466346153846156 0.07692307692307693 0.057692307692307696
0 0.44591346153846156 0.4266826923076923 0.06129807692307692 0.03365384615384615
0 0.41225961538461536 0.45913461538461536 0.06610576923076923 0.036057692307692304
0 0.5240384615384616 0.4567307692307692 0.056490384615384616 0.042067307692307696
0 0.46634615384615385 0.4735576923076923 0.04447115384615385 0.03365384615384615
0 0.5733173076923077 0.5072115384615384 0.042067307692307696 0.040865384615384616
0 0.625 0.5420673076923077 0.020432692307692308 0.036057692307692304
0 0.39302884615384615 0.5180288461538461 0.040865384615384616 0.036057692307692304
0 0.3173076923076923 0.53125 0.0625 0.036057692307692304
0 0.4026442307692308 0.5528846153846154 0.021634615384615384 0.03365384615384615
0 0.4387019230769231 0.5492788461538461 0.04567307692307692 0.04447115384615385
0 0.5216346153846154 0.59375 0.03485576923076923 0.0673076923076923
0 0.5841346153846154 0.6971153846153846 0.039663461538461536 0.020432692307692308
0 0.3317307692307692 0.6045673076923077 0.055288461538461536 0.052884615384615384
0 0.4182692307692308 0.6177884615384616 0.07932692307692307 0.057692307692307696
0 0.2764423076923077 0.6598557692307693 0.08052884615384616 0.06009615384615385