5 0.8257211538461539 0.6634615384615384 0.028846153846153848 0.055288461538461536
5 0.20552884615384615 0.6538461538461539 0.046875 0.06490384615384616
5 0.41225961538461536 0.47596153846153844 0.039663461538461536 0.056490384615384616
5 0.3233173076923077 0.4206730769230769 0.04447115384615385 0.07932692307692307
5 0.18509615384615385 0.8605769230769231 0.06971153846153846 0.07932692307692307
5 0.33533653846153844 0.6382211538461539 0.054086538461538464 0.1201923076923077
5 0.36899038461538464 0.5252403846153846 0.07211538461538461 0.09975961538461539
5 0.1502403846153846 0.9194711538461539 0.06971153846153846 0.07932692307692307
5 0.2956730769230769 0.8894230769230769 0.078125 0.1201923076923077
5 0.21033653846153846 0.7524038461538461 0.06129807692307692 0.08653846153846154
5 0.2536057692307692 0.37259615384615385 0.04447115384615385 0.07572115384615384
5 0.19831730769230768 0.4050480769230769 0.027644230769230768 0.039663461538461536
5 0.31490384615384615 0.7584134615384616 0.04326923076923077 0.08173076923076923