0 0.677083 0.348611 0.037500 0.063889
0 0.764583 0.497222 0.041667 0.055556
0 0.771875 0.598611 0.022917 0.025000
0 0.792708 0.638889 0.031250 0.027778
0 0.498958 0.681944 0.027083 0.052778
0 0.445833 0.780556 0.029167 0.038889
0 0.327083 0.256944 0.050000 0.052778
0 0.518750 0.313889 0.020833 0.027778
0 0.291667 0.383333 0.025000 0.027778
0 0.276042 0.350000 0.031250 0.022222
0 0.631250 0.448611 0.029167 0.047222
0 0.369792 0.480556 0.035417 0.038889
0 0.338542 0.652778 0.027083 0.033333
0 0.106250 0.287500 0.020833 0.025000
0 0.592708 0.601389 0.027083 0.036111
0 0.469792 0.481944 0.022917 0.025000
0 0.443750 0.397222 0.033333 0.038889
0 0.740625 0.619444 0.018750 0.022222
