5 0.47115384615384615 0.21394230769230768 0.05889423076923077 0.0889423076923077
5 0.3942307692307692 0.25 0.014423076923076924 0.030048076923076924
5 0.421875 0.2860576923076923 0.020432692307692308 0.06370192307692307
5 0.4110576923076923 0.33533653846153844 0.039663461538461536 0.07692307692307693
5 0.4735576923076923 0.2956730769230769 0.019230769230769232 0.036057692307692304
5 0.45072115384615385 0.33533653846153844 0.046875 0.040865384615384616
5 0.49759615384615385 0.14182692307692307 0.016826923076923076 0.030048076923076924
5 0.5480769230769231 0.24639423076923078 0.03485576923076923 0.03245192307692308
5 0.5228365384615384 0.2932692307692308 0.039663461538461536 0.042067307692307696
5 0.5649038461538461 0.30288461538461536 0.018028846153846152 0.06129807692307692
5 0.5444711538461539 0.34975961538461536 0.016826923076923076 0.07692307692307693
5 0.5048076923076923 0.4338942307692308 0.009615384615384616 0.020432692307692308
5 0.5396634615384616 0.4230769230769231 0.02283653846153846 0.030048076923076924
5 0.4951923076923077 0.3786057692307692 0.013221153846153846 0.056490384615384616
5 0.5180288461538461 0.3449519230769231 0.014423076923076924 0.03245192307692308
5 0.43149038461538464 0.3942307692307692 0.009615384615384616 0.021634615384615384
5 0.4182692307692308 0.4182692307692308 0.013221153846153846 0.026442307692307692
5 0.3762019230769231 0.3762019230769231 0.015625 0.02403846153846154
5 0.4831730769230769 0.6442307692307693 0.03245192307692308 0.09615384615384616
5 0.43509615384615385 0.5793269230769231 0.028846153846153848 0.04447115384615385
5 0.4266826923076923 0.6298076923076923 0.018028846153846152 0.037259615384615384
5 0.5240384615384616 0.6081730769230769 0.016826923076923076 0.020432692307692308
5 0.5240384615384616 0.7932692307692307 0.056490384615384616 0.14543269230769232
5 0.4387019230769231 0.7307692307692307 0.039663461538461536 0.0829326923076923
5 0.4182692307692308 0.9278846153846154 0.04447115384615385 0.08774038461538461
5 0.46033653846153844 0.8076923076923077 0.03485576923076923 0.06009615384615385
5 0.3894230769230769 0.6201923076923077 0.014423076923076924 0.026442307692307692
5 0.4074519230769231 0.6694711538461539 0.016826923076923076 0.021634615384615384
5 0.38461538461538464 0.7115384615384616 0.016826923076923076 0.06370192307692307
5 0.4014423076923077 0.796875 0.03485576923076923 0.08173076923076923
5 0.37740384615384615 0.8701923076923077 0.014423076923076924 0.03245192307692308
5 0.46033653846153844 0.921875 0.030048076923076924 0.08052884615384616
5 0.8257211538461539 0.9795673076923077 0.021634615384615384 0.036057692307692304
5 0.9362980769230769 0.9495192307692307 0.016826923076923076 0.04567307692307692
5 0.7403846153846154 0.8257211538461539 0.030048076923076924 0.06850961538461539
5 0.9290865384615384 0.8149038461538461 0.04567307692307692 0.07692307692307693
5 0.9134615384615384 0.5997596153846154 0.030048076923076924 0.0733173076923077
5 0.9543269230769231 0.6177884615384616 0.025240384615384616 0.052884615384615384
5 0.9375 0.6694711538461539 0.015625 0.027644230769230768
5 0.9651442307692307 0.7271634615384616 0.030048076923076924 0.0985576923076923
5 0.9194711538461539 0.7127403846153846 0.014423076923076924 0.037259615384615384
5 0.7199519230769231 0.6502403846153846 0.019230769230769232 0.027644230769230768
5 0.7427884615384616 0.6454326923076923 0.014423076923076924 0.037259615384615384
5 0.7608173076923077 0.6177884615384616 0.030048076923076924 0.020432692307692308
5 0.8100961538461539 0.6189903846153846 0.018028846153846152 0.046875
5 0.8425480769230769 0.6033653846153846 0.019230769230769232 0.027644230769230768
5 0.7463942307692307 0.5757211538461539 0.019230769230769232 0.026442307692307692
5 0.7692307692307693 0.6935096153846154 0.02403846153846154 0.04326923076923077
5 0.75 0.7620192307692307 0.021634615384615384 0.051682692307692304