5 0.23557692307692307 0.18389423076923078 0.11177884615384616 0.07091346153846154
5 0.34134615384615385 0.14543269230769232 0.09375 0.05889423076923077
5 0.42908653846153844 0.14783653846153846 0.06490384615384616 0.04447115384615385
5 0.4735576923076923 0.20793269230769232 0.06490384615384616 0.038461538461538464
5 0.5504807692307693 0.2127403846153846 0.055288461538461536 0.038461538461538464
5 0.3401442307692308 0.21033653846153846 0.0673076923076923 0.042067307692307696
5 0.390625 0.20673076923076922 0.056490384615384616 0.051682692307692304
5 0.33533653846153844 0.25240384615384615 0.09495192307692307 0.054086538461538464
5 0.4230769230769231 0.27524038461538464 0.06971153846153846 0.05889423076923077
5 0.3125 0.30649038461538464 0.025240384615384616 0.020432692307692308
5 0.36177884615384615 0.35336538461538464 0.025240384615384616 0.03365384615384615
5 0.5144230769230769 0.14182692307692307 0.0733173076923077 0.05889423076923077
5 0.43028846153846156 0.3485576923076923 0.04447115384615385 0.04447115384615385
5 0.41346153846153844 0.4567307692307692 0.030048076923076924 0.027644230769230768
5 0.20793269230769232 0.45072115384615385 0.08052884615384616 0.04567307692307692
5 0.2800480769230769 0.44711538461538464 0.06370192307692307 0.06850961538461539
5 0.5228365384615384 0.4375 0.05889423076923077 0.0673076923076923
5 0.5625 0.41586538461538464 0.05048076923076923 0.04807692307692308
5 0.5721153846153846 0.5 0.051682692307692304 0.038461538461538464
5 0.6033653846153846 0.45072115384615385 0.05889423076923077 0.03365384615384615
5 0.5637019230769231 0.5865384615384616 0.05048076923076923 0.04807692307692308
5 0.48677884615384615 0.6310096153846154 0.0733173076923077 0.04567307692307692
5 0.21754807692307693 0.5120192307692307 0.06009615384615385 0.04567307692307692
5 0.25961538461538464 0.5973557692307693 0.055288461538461536 0.051682692307692304
5 0.34375 0.6286057692307693 0.0829326923076923 0.051682692307692304