5 0.53125 0.296875 0.10096153846153846 0.046875
5 0.42427884615384615 0.359375 0.04927884615384615 0.04447115384615385
5 0.5132211538461539 0.36538461538461536 0.0625 0.036057692307692304
5 0.546875 0.021634615384615384 0.06971153846153846 0.042067307692307696
5 0.6117788461538461 0.4230769230769231 0.0985576923076923 0.07211538461538461
5 0.4675480769230769 0.4206730769230769 0.11658653846153846 0.04927884615384615
5 0.3954326923076923 0.4639423076923077 0.10817307692307693 0.08533653846153846
5 0.4795673076923077 0.5024038461538461 0.08653846153846154 0.06490384615384616
5 0.48197115384615385 0.5829326923076923 0.1045673076923077 0.06610576923076923
5 0.7295673076923077 0.46875 0.09975961538461539 0.07572115384615384
5 0.6189903846153846 0.5072115384615384 0.14182692307692307 0.09975961538461539
5 0.5829326923076923 0.6045673076923077 0.09975961538461539 0.06850961538461539