0 0.49399038461538464 0.8449519230769231 0.04807692307692308 0.078125
0 0.5192307692307693 0.6911057692307693 0.04326923076923077 0.0673076923076923
0 0.5853365384615384 0.8305288461538461 0.039663461538461536 0.042067307692307696
0 0.8737980769230769 0.7115384615384616 0.039663461538461536 0.052884615384615384
0 0.7620192307692307 0.5228365384615384 0.07572115384615384 0.14182692307692307
0 0.6274038461538461 0.6177884615384616 0.05048076923076923 0.09134615384615384
0 0.8581730769230769 0.17307692307692307 0.037259615384615384 0.06370192307692307
0 0.8473557692307693 0.33413461538461536 0.04326923076923077 0.09495192307692307
0 0.7379807692307693 0.15745192307692307 0.10697115384615384 0.15144230769230768
0 0.7896634615384616 0.33774038461538464 0.054086538461538464 0.15865384615384615
0 0.625 0.28966346153846156 0.07211538461538461 0.0985576923076923
0 0.7139423076923077 0.3641826923076923 0.037259615384615384 0.078125
0 0.6790865384615384 0.44711538461538464 0.037259615384615384 0.06009615384615385
0 0.5060096153846154 0.21394230769230768 0.051682692307692304 0.04567307692307692