0 0.165000 0.008000 0.030000 0.012000
0 0.236000 0.077000 0.024000 0.018000
0 0.161000 0.231000 0.022000 0.026000
0 0.045000 0.315000 0.018000 0.030000
0 0.137000 0.333000 0.026000 0.026000
0 0.327000 0.253000 0.014000 0.022000
0 0.236000 0.256000 0.024000 0.020000
0 0.366000 0.186000 0.024000 0.028000
0 0.267000 0.132000 0.026000 0.024000
0 0.261000 0.162000 0.022000 0.020000
0 0.626000 0.181000 0.020000 0.022000
0 0.468000 0.440000 0.016000 0.028000
0 0.519000 0.580000 0.018000 0.024000
0 0.469000 0.540000 0.022000 0.020000
0 0.333000 0.511000 0.018000 0.026000
0 0.383000 0.449000 0.026000 0.030000
0 0.570000 0.455000 0.016000 0.030000
0 0.620000 0.451000 0.024000 0.018000
0 0.646000 0.266000 0.016000 0.016000
0 0.652000 0.310000 0.020000 0.024000
0 0.605000 0.406000 0.018000 0.020000
0 0.515000 0.396000 0.022000 0.024000
0 0.633000 0.380000 0.018000 0.016000
0 0.295000 0.471000 0.014000 0.014000
0 0.199000 0.485000 0.018000 0.018000
0 0.153000 0.575000 0.022000 0.018000
0 0.420000 0.619000 0.024000 0.026000
0 0.330000 0.605000 0.020000 0.026000
0 0.351000 0.665000 0.030000 0.026000
0 0.297000 0.560000 0.018000 0.028000
0 0.380000 0.588000 0.012000 0.012000
0 0.463000 0.361000 0.014000 0.022000
0 0.460000 0.400000 0.016000 0.024000
0 0.403000 0.381000 0.022000 0.026000
0 0.380000 0.355000 0.020000 0.022000
0 0.343000 0.313000 0.022000 0.026000
0 0.419000 0.320000 0.022000 0.024000
0 0.298000 0.018000 0.020000 0.024000
0 0.041000 0.093000 0.018000 0.026000
0 0.363000 0.030000 0.026000 0.024000
0 0.175000 0.383000 0.014000 0.018000
0 0.083000 0.404000 0.030000 0.016000
0 0.220000 0.344000 0.012000 0.020000
0 0.303000 0.379000 0.018000 0.018000
0 0.178000 0.449000 0.012000 0.026000
0 0.264000 0.451000 0.020000 0.034000
0 0.506000 0.199000 0.020000 0.022000
0 0.223000 0.185000 0.026000 0.030000
0 0.212000 0.129000 0.020000 0.018000
0 0.177000 0.160000 0.030000 0.024000
0 0.009000 0.447000 0.014000 0.022000
0 0.012000 0.389000 0.016000 0.018000
0 0.005000 0.290000 0.006000 0.032000
0 0.103000 0.454000 0.022000 0.020000
