5 0.7716346153846154 0.04807692307692308 0.046875 0.06009615384615385
5 0.6502403846153846 0.04567307692307692 0.03485576923076923 0.038461538461538464
5 0.6971153846153846 0.3557692307692308 0.042067307692307696 0.06009615384615385
5 0.7283653846153846 0.5420673076923077 0.04927884615384615 0.06850961538461539
5 0.8942307692307693 0.5228365384615384 0.052884615384615384 0.06009615384615385
5 0.6189903846153846 0.5516826923076923 0.08533653846153846 0.13701923076923078
5 0.5612980769230769 0.421875 0.0673076923076923 0.08052884615384616
5 0.5360576923076923 0.5480769230769231 0.06850961538461539 0.1045673076923077
5 0.6165865384615384 0.65625 0.1141826923076923 0.10096153846153846
5 0.47716346153846156 0.8076923076923077 0.0829326923076923 0.12259615384615384
5 0.3870192307692308 0.8004807692307693 0.06850961538461539 0.13701923076923078
5 0.4579326923076923 0.5685096153846154 0.05048076923076923 0.09254807692307693