0 0.6129807692307693 0.5420673076923077 0.14182692307692307 0.10576923076923077
0 0.6298076923076923 0.6201923076923077 0.08052884615384616 0.07451923076923077
0 0.8485576923076923 0.3173076923076923 0.05889423076923077 0.12139423076923077
0 0.8353365384615384 0.5024038461538461 0.078125 0.10336538461538461
0 0.7608173076923077 0.5637019230769231 0.13701923076923078 0.10576923076923077
0 0.7451923076923077 0.6790865384615384 0.11177884615384616 0.11778846153846154
0 0.6947115384615384 0.765625 0.11177884615384616 0.09615384615384616
0 0.5444711538461539 0.7175480769230769 0.14182692307692307 0.08774038461538461
0 0.27884615384615385 0.7235576923076923 0.078125 0.05048076923076923
0 0.6045673076923077 0.8581730769230769 0.08052884615384616 0.08413461538461539
0 0.7067307692307693 0.8954326923076923 0.10817307692307693 0.09615384615384616
0 0.5492788461538461 0.9567307692307693 0.09254807692307693 0.07091346153846154
0 0.34975961538461536 0.9459134615384616 0.09375 0.09615384615384616
0 0.2283653846153846 0.8497596153846154 0.0985576923076923 0.10216346153846154
0 0.19230769230769232 0.7331730769230769 0.08653846153846154 0.09615384615384616
0 0.22355769230769232 0.6153846153846154 0.09014423076923077 0.10817307692307693
0 0.23317307692307693 0.5180288461538461 0.11538461538461539 0.08052884615384616
0 0.40024038461538464 0.3076923076923077 0.14182692307692307 0.08653846153846154
0 0.4326923076923077 0.203125 0.08052884615384616 0.08173076923076923
0 0.5072115384615384 0.1141826923076923 0.14182692307692307 0.11177884615384616
0 0.32091346153846156 0.17067307692307693 0.11177884615384616 0.08173076923076923
0 0.13341346153846154 0.59375 0.08653846153846154 0.14302884615384615