0 0.369676 0.626706 0.030664 0.033138
0 0.136286 0.548733 0.034072 0.029240
0 0.400341 0.483431 0.023850 0.031189
0 0.347530 0.457115 0.020443 0.021442
0 0.358603 0.524366 0.025554 0.023392
0 0.339864 0.566277 0.018739 0.017544
0 0.416525 0.607212 0.022147 0.025341
0 0.477002 0.582846 0.017036 0.019493
0 0.476150 0.305068 0.022147 0.025341
0 0.861158 0.568226 0.028961 0.021442
0 0.912266 0.563353 0.018739 0.019493
0 0.943782 0.592593 0.027257 0.023392
0 0.915673 0.653996 0.022147 0.025341
0 0.870528 0.652047 0.020443 0.021442
0 0.695911 0.535088 0.018739 0.025341
0 0.722317 0.498051 0.020443 0.021442
0 0.829642 0.498051 0.023850 0.029240
0 0.241908 0.862573 0.017036 0.025341
0 0.143101 0.781676 0.020443 0.019493
0 0.089438 0.265107 0.025554 0.023392
0 0.505111 0.515595 0.015332 0.029240
0 0.565588 0.447368 0.017036 0.013645
0 0.472743 0.130604 0.032368 0.023392
0 0.701022 0.425926 0.032368 0.029240
