0 0.2776442307692308 0.6466346153846154 0.08052884615384616 0.11899038461538461
0 0.515625 0.43990384615384615 0.09375 0.11298076923076923
0 0.39302884615384615 0.25240384615384615 0.11057692307692307 0.08533653846153846
0 0.5252403846153846 0.21875 0.0733173076923077 0.07932692307692307
0 0.6201923076923077 0.234375 0.054086538461538464 0.04927884615384615
0 0.6286057692307693 0.6262019230769231 0.08052884615384616 0.06610576923076923
0 0.625 0.8257211538461539 0.15985576923076922 0.09735576923076923
0 0.39903846153846156 0.8233173076923077 0.06610576923076923 0.09495192307692307
0 0.4831730769230769 0.8149038461538461 0.05048076923076923 0.04927884615384615
0 0.3870192307692308 0.6550480769230769 0.0673076923076923 0.054086538461538464
0 0.46634615384615385 0.5492788461538461 0.10336538461538461 0.12259615384615384
0 0.34375 0.4074519230769231 0.07572115384615384 0.08413461538461539
0 0.3605769230769231 0.3161057692307692 0.08533653846153846 0.051682692307692304
0 0.24639423076923078 0.4014423076923077 0.052884615384615384 0.06370192307692307
0 0.36177884615384615 0.5060096153846154 0.06971153846153846 0.09495192307692307