0 0.2403846153846154 0.26802884615384615 0.036057692307692304 0.06370192307692307
0 0.29086538461538464 0.2620192307692308 0.052884615384615384 0.06971153846153846
0 0.14783653846153846 0.4963942307692308 0.06370192307692307 0.08052884615384616
0 0.11658653846153846 0.5612980769230769 0.04927884615384615 0.06971153846153846
0 0.10216346153846154 0.5985576923076923 0.037259615384615384 0.05048076923076923
0 0.11778846153846154 0.6923076923076923 0.03125 0.06610576923076923
0 0.18990384615384615 0.8209134615384616 0.046875 0.06129807692307692
0 0.25 0.7752403846153846 0.021634615384615384 0.04567307692307692
0 0.27283653846153844 0.7475961538461539 0.02403846153846154 0.06009615384615385
0 0.2956730769230769 0.6382211538461539 0.037259615384615384 0.09014423076923077
0 0.3293269230769231 0.6274038461538461 0.03245192307692308 0.06370192307692307
0 0.6730769230769231 0.15144230769230768 0.042067307692307696 0.1201923076923077
0 0.7127403846153846 0.1346153846153846 0.04927884615384615 0.12980769230769232
0 0.7632211538461539 0.15985576923076922 0.015625 0.03485576923076923
0 0.5961538461538461 0.5673076923076923 0.025240384615384616 0.057692307692307696
0 0.6213942307692307 0.5384615384615384 0.036057692307692304 0.056490384615384616
0 0.6430288461538461 0.6201923076923077 0.06129807692307692 0.09615384615384616
0 0.6009615384615384 0.6826923076923077 0.052884615384615384 0.13221153846153846
0 0.8317307692307693 0.6225961538461539 0.038461538461538464 0.08173076923076923
0 0.8677884615384616 0.609375 0.038461538461538464 0.12980769230769232
0 0.8978365384615384 0.578125 0.036057692307692304 0.1141826923076923
0 0.8605769230769231 0.7235576923076923 0.027644230769230768 0.08413461538461539
0 0.8233173076923077 0.8209134615384616 0.051682692307692304 0.078125
0 0.7896634615384616 0.8990384615384616 0.03365384615384615 0.10216346153846154
0 0.6358173076923077 0.8209134615384616 0.056490384615384616 0.07932692307692307
0 0.7307692307692307 0.9399038461538461 0.042067307692307696 0.06971153846153846