0 0.461929 0.563684 0.015228 0.015789
0 0.364848 0.572105 0.021574 0.013684
0 0.390228 0.568421 0.011421 0.016842
0 0.326777 0.365263 0.016497 0.008421
0 0.244924 0.331053 0.017766 0.015789
0 0.249365 0.371579 0.016497 0.014737
0 0.422589 0.554211 0.017766 0.011579
0 0.188452 0.468421 0.013959 0.016842
0 0.329949 0.470000 0.012690 0.011579
0 0.251269 0.571579 0.012690 0.010526
0 0.344543 0.538947 0.016497 0.010526
0 0.159264 0.495263 0.011421 0.013684
0 0.118020 0.421053 0.017766 0.014737
0 0.149112 0.368421 0.021574 0.016842
0 0.152919 0.396842 0.029188 0.016842
0 0.337563 0.425263 0.017766 0.016842
0 0.208756 0.283684 0.026650 0.022105
0 0.093274 0.491053 0.019036 0.017895
0 0.071701 0.647368 0.021574 0.018947
0 0.056472 0.685263 0.029188 0.023158
0 0.128173 0.736842 0.027919 0.016842
0 0.156726 0.580526 0.019036 0.024211
0 0.330584 0.557368 0.013959 0.011579
0 0.223985 0.521579 0.016497 0.015789
0 0.297589 0.533158 0.019036 0.013684
0 0.029188 0.537895 0.020305 0.018947
0 0.148477 0.316842 0.030457 0.018947
0 0.347716 0.310526 0.020305 0.018947
0 0.684010 0.645263 0.027919 0.016842
