0 0.375000 0.613281 0.023438 0.015625
0 0.455078 0.536458 0.019531 0.018229
0 0.598307 0.504557 0.024740 0.029948
0 0.701823 0.750000 0.020833 0.013021
0 0.625000 0.707682 0.015625 0.022135
0 0.560547 0.665365 0.019531 0.020833
0 0.513672 0.599609 0.016927 0.019531
0 0.521484 0.560547 0.019531 0.022135
0 0.455078 0.637370 0.022135 0.014323
0 0.395833 0.505859 0.018229 0.014323
0 0.524089 0.736328 0.022135 0.016927
0 0.456380 0.667318 0.019531 0.014323
0 0.485026 0.421875 0.011719 0.013021
0 0.376953 0.481771 0.019531 0.015625
