0 0.764295 0.387184 0.039390 0.052347
0 0.607370 0.781588 0.030496 0.046931
0 0.289072 0.657942 0.024142 0.030686
0 0.384371 0.546029 0.013977 0.023466
0 0.198221 0.668773 0.025413 0.027076
0 0.492376 0.838448 0.021601 0.030686
0 0.440915 0.946751 0.025413 0.023466
0 0.388818 0.765343 0.020330 0.028881
0 0.264295 0.126354 0.030496 0.039711
0 0.209657 0.026173 0.017789 0.023466
0 0.240152 0.533394 0.010165 0.019856
0 0.226175 0.519856 0.010165 0.018051
0 0.267471 0.438628 0.016518 0.025271
0 0.335451 0.442238 0.010165 0.021661
0 0.341804 0.413357 0.007624 0.014440
0 0.307497 0.438628 0.012706 0.014440
0 0.322745 0.411552 0.012706 0.014440
0 0.275095 0.397112 0.011436 0.018051
0 0.013977 0.837545 0.015248 0.025271
0 0.013977 0.479242 0.020330 0.019856
0 0.132147 0.614621 0.010165 0.023466
0 0.106099 0.495487 0.011436 0.019856
0 0.714740 0.984657 0.024142 0.030686
0 0.653748 0.483755 0.021601 0.028881
0 0.363405 0.562274 0.015248 0.023466
0 0.370394 0.685921 0.013977 0.025271
0 0.210928 0.537906 0.020330 0.032491
0 0.094663 0.093863 0.019060 0.043321
