0 0.680000 0.755000 0.023333 0.035000
0 0.577500 0.748750 0.015000 0.022500
0 0.499167 0.727500 0.015000 0.025000
0 0.390833 0.596250 0.021667 0.037500
0 0.413333 0.671250 0.023333 0.037500
0 0.341667 0.567500 0.020000 0.025000
0 0.403333 0.501250 0.026667 0.032500
0 0.160000 0.065000 0.020000 0.030000
0 0.227500 0.173750 0.031667 0.042500
0 0.368333 0.208750 0.020000 0.027500
0 0.538333 0.227500 0.020000 0.030000
0 0.429167 0.375000 0.028333 0.035000
0 0.610000 0.285000 0.023333 0.040000
0 0.585000 0.063750 0.026667 0.027500
0 0.662500 0.088750 0.021667 0.027500
0 0.703333 0.095000 0.023333 0.030000
0 0.707500 0.295000 0.021667 0.030000
0 0.704167 0.350000 0.018333 0.020000
0 0.655000 0.460000 0.016667 0.020000
0 0.608333 0.425000 0.016667 0.025000
0 0.490833 0.602500 0.015000 0.025000
0 0.625833 0.537500 0.021667 0.025000
0 0.985833 0.312500 0.011667 0.025000
0 0.363333 0.820000 0.010000 0.025000
0 0.517500 0.568750 0.015000 0.022500
0 0.809167 0.471250 0.015000 0.027500
