0 0.125767 0.344697 0.042945 0.053030
0 0.398773 0.267045 0.049080 0.064394
0 0.654908 0.136364 0.058282 0.053030
0 0.797546 0.132576 0.049080 0.068182
0 0.921779 0.151515 0.046012 0.075758
0 0.668712 0.285985 0.030675 0.049242
0 0.796012 0.270833 0.033742 0.049242
0 0.480061 0.365530 0.052147 0.071970
0 0.257669 0.450758 0.036810 0.060606
0 0.018405 0.570076 0.024540 0.049242
0 0.182515 0.645833 0.033742 0.056818
0 0.076687 0.685606 0.030675 0.053030
0 0.371166 0.600379 0.030675 0.041667
0 0.434049 0.496212 0.027607 0.037879
0 0.595092 0.528409 0.036810 0.049242
0 0.631902 0.755682 0.036810 0.056818
0 0.932515 0.441288 0.030675 0.049242
0 0.737730 0.490530 0.027607 0.034091
0 0.726994 0.365530 0.036810 0.034091
0 0.236196 0.846591 0.036810 0.064394
0 0.107362 0.876894 0.030675 0.056818
0 0.366564 0.715909 0.033742 0.045455
0 0.536810 0.960227 0.030675 0.049242
0 0.829755 0.924242 0.039877 0.053030
0 0.642638 0.945076 0.039877 0.056818
0 0.799080 0.719697 0.039877 0.037879
0 0.809816 0.456439 0.024540 0.026515
0 0.757669 0.452652 0.024540 0.026515
0 0.702454 0.486742 0.018405 0.026515
0 0.923313 0.513258 0.024540 0.034091
0 0.930982 0.352273 0.015337 0.030303
0 0.743865 0.750000 0.027607 0.037879
0 0.470859 0.842803 0.027607 0.026515
0 0.460123 0.714015 0.024540 0.026515
