0 0.355308 0.685930 0.025685 0.031826
0 0.500856 0.593802 0.022260 0.025126
0 0.139555 0.309045 0.029110 0.028476
0 0.144692 0.759631 0.022260 0.015075
0 0.503425 0.657454 0.023973 0.025126
0 0.410959 0.510050 0.023973 0.021776
0 0.464897 0.507538 0.035959 0.026801
0 0.178082 0.118928 0.020548 0.020101
0 0.565925 0.350921 0.025685 0.021776
0 0.588185 0.430486 0.029110 0.026801
0 0.490582 0.402010 0.018836 0.020101
0 0.684075 0.463987 0.025685 0.020101
0 0.020548 0.832496 0.023973 0.023451
0 0.091610 0.793970 0.032534 0.016750
0 0.281678 0.396985 0.022260 0.023451
0 0.353596 0.192630 0.022260 0.016750
0 0.275685 0.137353 0.020548 0.013400
0 0.076199 0.139866 0.029110 0.021776
0 0.178082 0.343384 0.027397 0.020101
0 0.666096 0.599665 0.023973 0.023451
0 0.708048 0.526801 0.022260 0.015075
0 0.477740 0.432998 0.017123 0.015075
0 0.660959 0.418760 0.020548 0.023451
0 0.673801 0.391122 0.032534 0.021776
0 0.701199 0.623116 0.022260 0.023451
0 0.560788 0.543551 0.025685 0.021776
0 0.551370 0.672529 0.023973 0.015075
0 0.367295 0.535176 0.018836 0.025126
0 0.291952 0.461474 0.032534 0.021776
0 0.351884 0.452261 0.029110 0.023451
0 0.634418 0.501675 0.018836 0.021776
0 0.699486 0.664154 0.018836 0.015075
0 0.260274 0.348409 0.027397 0.023451
0 0.456336 0.359296 0.029110 0.018425
0 0.566781 0.246231 0.037671 0.030151
