0 0.597656 0.768056 0.025000 0.047222
0 0.701953 0.481250 0.021094 0.045833
0 0.561328 0.243056 0.019531 0.030556
0 0.547656 0.202778 0.021875 0.025000
0 0.449219 0.641667 0.026562 0.047222
0 0.395703 0.795139 0.016406 0.037500
0 0.296484 0.762500 0.017969 0.038889
0 0.320312 0.754861 0.012500 0.037500
0 0.664062 0.572917 0.020313 0.034722
0 0.733984 0.675694 0.016406 0.048611
0 0.820312 0.707639 0.029687 0.040278
0 0.894531 0.612500 0.017188 0.027778
0 0.892969 0.522222 0.028125 0.038889
0 0.497656 0.556250 0.021875 0.031944
0 0.421875 0.763194 0.012500 0.026389
0 0.443359 0.786806 0.014844 0.020833
0 0.925391 0.813194 0.011719 0.037500
0 0.779687 0.977083 0.020313 0.034722
