0 0.698966 0.405512 0.018088 0.039370
0 0.585271 0.271654 0.012920 0.023622
0 0.622739 0.250000 0.015504 0.019685
0 0.673127 0.250000 0.007752 0.019685
0 0.757106 0.456693 0.015504 0.023622
0 0.440568 0.318898 0.018088 0.023622
0 0.484496 0.600394 0.023256 0.019685
0 0.706718 0.476378 0.007752 0.015748
0 0.873385 0.405512 0.010336 0.015748
0 0.719638 0.322835 0.012920 0.023622
0 0.581395 0.192913 0.015504 0.023622
0 0.543928 0.253937 0.012920 0.011811
0 0.538760 0.309055 0.012920 0.019685
0 0.506460 0.210630 0.010336 0.019685
0 0.467700 0.228346 0.015504 0.015748
0 0.417313 0.277559 0.012920 0.019685
0 0.693798 0.214567 0.012920 0.019685
0 0.666667 0.187008 0.010336 0.019685
0 0.644703 0.218504 0.012920 0.019685
0 0.638243 0.149606 0.015504 0.015748
0 0.613695 0.104331 0.018088 0.019685
0 0.578811 0.450787 0.010336 0.019685
0 0.558140 0.675197 0.010336 0.019685
0 0.755814 0.383858 0.012920 0.019685
0 0.631783 0.476378 0.018088 0.023622
0 0.414729 0.192913 0.012920 0.015748
0 0.288114 0.478346 0.018088 0.019685
0 0.797158 0.360236 0.023256 0.027559
0 0.755814 0.535433 0.018088 0.031496
0 0.471576 0.271654 0.012920 0.015748
