15 0.009804 0.241422 0.016340 0.022059
15 0.102124 0.123775 0.021242 0.017157
15 0.098039 0.162990 0.016340 0.022059
15 0.195261 0.265931 0.017974 0.026961
15 0.066176 0.449755 0.021242 0.026961
15 0.260621 0.284314 0.014706 0.019608
15 0.214052 0.345588 0.016340 0.019608
15 0.241830 0.323529 0.019608 0.019608
15 0.177288 0.345588 0.017974 0.024510
15 0.508987 0.473039 0.014706 0.019608
15 0.498366 0.550245 0.019608 0.031863
15 0.492647 0.509804 0.024510 0.034314
15 0.450163 0.639706 0.021242 0.029412
15 0.510621 0.850490 0.021242 0.029412
15 0.558007 0.773284 0.017974 0.026961
15 0.553922 0.664216 0.019608 0.024510
15 0.571895 0.734069 0.016340 0.026961
15 0.102124 0.591912 0.021242 0.031863
15 0.123366 0.566176 0.021242 0.019608
15 0.076797 0.542892 0.019608 0.026961
15 0.214869 0.617647 0.014706 0.019608
15 0.259804 0.617647 0.016340 0.024510
15 0.444444 0.721814 0.019608 0.026961
15 0.495915 0.642157 0.014706 0.034314
15 0.187908 0.479167 0.016340 0.031863
15 0.291667 0.450980 0.027778 0.039216
15 0.340686 0.400735 0.014706 0.026961
15 0.567810 0.620098 0.017974 0.024510
15 0.613562 0.669118 0.014706 0.019608
15 0.636438 0.811275 0.014706 0.024510
15 0.616013 0.754902 0.019608 0.024510
15 0.581699 0.660539 0.013072 0.022059
15 0.593137 0.757353 0.013072 0.029412
15 0.062092 0.363971 0.019608 0.036765
15 0.040850 0.409314 0.016340 0.024510
15 0.026961 0.452206 0.011438 0.026961
