0 0.267500 0.622500 0.015000 0.015000
0 0.057500 0.496250 0.015000 0.017500
0 0.247500 0.466250 0.020000 0.017500
0 0.165000 0.478750 0.015000 0.017500
0 0.858750 0.645000 0.012500 0.015000
0 0.621250 0.905000 0.012500 0.015000
0 0.453750 0.820000 0.012500 0.015000
0 0.480000 0.823750 0.010000 0.017500
0 0.411250 0.568750 0.022500 0.022500
0 0.188750 0.545000 0.012500 0.020000
0 0.311250 0.511250 0.022500 0.017500
0 0.170000 0.575000 0.015000 0.015000
0 0.150000 0.407500 0.010000 0.020000
0 0.497500 0.906250 0.010000 0.012500
0 0.395000 0.665000 0.015000 0.015000