0 0.610294 0.545343 0.011438 0.022059
0 0.604575 0.484069 0.009804 0.012255
0 0.544118 0.547794 0.006536 0.017157
0 0.559641 0.520833 0.011438 0.012255
0 0.581699 0.455882 0.006536 0.014706
0 0.588235 0.428922 0.009804 0.009804
0 0.569444 0.366422 0.011438 0.017157
0 0.522059 0.506127 0.008170 0.012255
0 0.526961 0.534314 0.008170 0.014706
0 0.524510 0.583333 0.006536 0.009804
0 0.464869 0.518382 0.008170 0.007353
0 0.458333 0.465686 0.008170 0.009804
0 0.482843 0.435049 0.008170 0.012255
0 0.505719 0.392157 0.008170 0.009804
0 0.479575 0.399510 0.008170 0.009804
0 0.513072 0.465686 0.009804 0.009804
0 0.530229 0.422794 0.004902 0.012255
0 0.544118 0.420343 0.009804 0.017157
0 0.566176 0.462010 0.008170 0.012255
0 0.625000 0.469363 0.004902 0.012255
0 0.397876 0.512255 0.008170 0.014706
0 0.501634 0.522059 0.009804 0.014706
0 0.551471 0.490196 0.008170 0.019608
0 0.647059 0.446078 0.009804 0.014706
0 0.566993 0.409314 0.006536 0.019608
0 0.414216 0.318627 0.011438 0.014706
0 0.364379 0.439951 0.009804 0.026961
0 0.391340 0.480392 0.008170 0.014706
0 0.436275 0.561275 0.009804 0.014706
0 0.409314 0.401961 0.004902 0.009804
0 0.415033 0.460784 0.009804 0.009804
0 0.397059 0.390931 0.009804 0.012255
0 0.435458 0.400735 0.011438 0.017157
0 0.437092 0.477941 0.008170 0.014706
0 0.459150 0.435049 0.009804 0.017157
0 0.489379 0.493873 0.011438 0.012255
0 0.469771 0.468137 0.004902 0.014706
0 0.409314 0.357843 0.011438 0.014706
