0 0.670513 0.736434 0.012821 0.023256
0 0.726923 0.639535 0.017949 0.023256
0 0.726923 0.546512 0.017949 0.023256
0 0.685897 0.536822 0.012821 0.019380
0 0.692308 0.490310 0.015385 0.027132
0 0.616667 0.509690 0.007692 0.027132
0 0.661538 0.542636 0.010256 0.023256
0 0.621795 0.598837 0.017949 0.019380
0 0.651282 0.631783 0.015385 0.015504
0 0.621795 0.682171 0.012821 0.015504
0 0.610256 0.734496 0.010256 0.019380
0 0.555128 0.701550 0.012821 0.015504
0 0.505128 0.544574 0.010256 0.019380
0 0.476923 0.501938 0.010256 0.019380
0 0.447436 0.575581 0.012821 0.019380
0 0.556410 0.374031 0.010256 0.011628
0 0.523077 0.395349 0.010256 0.015504
0 0.484615 0.465116 0.010256 0.023256
0 0.461538 0.470930 0.010256 0.011628
0 0.470513 0.583333 0.012821 0.011628
0 0.521795 0.594961 0.012821 0.019380
0 0.601282 0.554264 0.012821 0.023256
0 0.534615 0.521318 0.012821 0.019380
0 0.520513 0.538760 0.010256 0.015504
0 0.507692 0.505814 0.015385 0.019380
0 0.541026 0.560078 0.010256 0.011628
0 0.514103 0.641473 0.007692 0.019380
0 0.579487 0.563953 0.010256 0.019380
0 0.567949 0.482558 0.012821 0.019380
0 0.456410 0.635659 0.010256 0.015504
0 0.533333 0.651163 0.010256 0.015504
0 0.552564 0.660853 0.012821 0.019380
0 0.597436 0.641473 0.010256 0.019380
0 0.594872 0.680233 0.015385 0.011628
0 0.648718 0.720930 0.010256 0.015504
0 0.484615 0.676357 0.010256 0.019380
0 0.535897 0.755814 0.015385 0.023256
0 0.564103 0.610465 0.015385 0.019380
0 0.667949 0.451550 0.012821 0.019380
0 0.643590 0.693798 0.010256 0.023256
0 0.503846 0.405039 0.012821 0.019380
0 0.484615 0.439922 0.015385 0.019380
