0 0.634804 0.443627 0.011438 0.024510
0 0.352124 0.268382 0.011438 0.022059
0 0.424020 0.401961 0.017974 0.024510
0 0.500000 0.479167 0.013072 0.022059
0 0.493464 0.513480 0.019608 0.022059
0 0.627451 0.517157 0.013072 0.019608
0 0.708333 0.446078 0.014706 0.019608
0 0.420752 0.536765 0.014706 0.019608
0 0.576797 0.477941 0.019608 0.024510
0 0.638072 0.589461 0.004902 0.012255
0 0.625000 0.550245 0.014706 0.017157
0 0.653595 0.550245 0.013072 0.012255
0 0.713235 0.400735 0.014706 0.022059
0 0.667484 0.333333 0.021242 0.024510
0 0.464052 0.578431 0.009804 0.019608
0 0.464869 0.540441 0.017974 0.017157
0 0.446078 0.486520 0.009804 0.022059
0 0.417484 0.458333 0.011438 0.019608
0 0.464052 0.337010 0.013072 0.022059
0 0.498366 0.337010 0.013072 0.017157
0 0.280229 0.443627 0.014706 0.034314
0 0.310458 0.573529 0.016340 0.024510
0 0.419118 0.569853 0.014706 0.022059
0 0.464869 0.640931 0.011438 0.022059
0 0.607026 0.617647 0.008170 0.019608
0 0.774510 0.444853 0.013072 0.017157
0 0.768791 0.525735 0.011438 0.017157
0 0.569444 0.411765 0.014706 0.019608
0 0.596405 0.437500 0.013072 0.017157
0 0.566176 0.346814 0.014706 0.022059
0 0.455882 0.435049 0.013072 0.017157
0 0.490196 0.437500 0.016340 0.022059
0 0.472222 0.475490 0.009804 0.019608
0 0.469771 0.500000 0.011438 0.014706
0 0.452614 0.523284 0.009804 0.017157
0 0.432190 0.321078 0.008170 0.024510
0 0.368464 0.421569 0.011438 0.019608
0 0.654412 0.503676 0.011438 0.017157
0 0.624183 0.354167 0.016340 0.026961
0 0.576797 0.306373 0.013072 0.014706
0 0.534314 0.322304 0.013072 0.012255
0 0.432190 0.367647 0.011438 0.019608
0 0.526144 0.405637 0.009804 0.017157
0 0.562092 0.502451 0.013072 0.009804
0 0.589052 0.567402 0.014706 0.017157
