0 0.640000 0.557895 0.020870 0.042105
0 0.546957 0.618421 0.015652 0.026316
0 0.286957 0.490789 0.020870 0.028947
0 0.302609 0.434211 0.017391 0.031579
0 0.165217 0.269737 0.017391 0.023684
0 0.278261 0.713158 0.017391 0.042105
0 0.357391 0.728947 0.015652 0.031579
0 0.563478 0.769737 0.017391 0.018421
0 0.627826 0.681579 0.017391 0.026316
0 0.765217 0.567105 0.020870 0.028947
0 0.771304 0.484211 0.008696 0.021053
0 0.855652 0.598684 0.020870 0.018421
0 0.671304 0.610526 0.013913 0.021053
0 0.676522 0.661842 0.013913 0.023684
0 0.673913 0.744737 0.012174 0.026316
0 0.353913 0.785526 0.015652 0.013158
0 0.401739 0.678947 0.017391 0.031579
0 0.412174 0.615789 0.017391 0.026316
0 0.543478 0.330263 0.012174 0.018421
0 0.473913 0.352632 0.015652 0.015789
0 0.299130 0.352632 0.013913 0.026316
0 0.323478 0.631579 0.010435 0.026316
0 0.331304 0.694737 0.015652 0.021053
0 0.622609 0.740789 0.013913 0.023684
0 0.642609 0.807895 0.012174 0.015789
0 0.917391 0.696053 0.015652 0.034211
0 0.831304 0.540789 0.017391 0.023684
0 0.863478 0.071053 0.015652 0.042105
0 0.356522 0.385526 0.017391 0.028947
0 0.193043 0.522368 0.013913 0.023684
0 0.459130 0.490789 0.013913 0.018421
0 0.349565 0.892105 0.010435 0.021053
0 0.289565 0.828947 0.008696 0.015789
0 0.278261 0.767105 0.010435 0.023684
0 0.231304 0.919737 0.013913 0.018421
0 0.046087 0.556579 0.033043 0.065789
0 0.188696 0.732895 0.012174 0.023684
0 0.183478 0.796053 0.015652 0.018421
0 0.201739 0.856579 0.013913 0.018421
0 0.277391 0.588158 0.022609 0.023684
0 0.396522 0.551316 0.017391 0.018421
0 0.339130 0.539474 0.013913 0.026316
0 0.646087 0.493421 0.012174 0.023684
0 0.596522 0.492105 0.013913 0.015789
0 0.559130 0.505263 0.008696 0.021053
0 0.527826 0.500000 0.012174 0.015789
0 0.490435 0.455263 0.013913 0.015789
0 0.486087 0.609211 0.015652 0.018421
0 0.477391 0.525000 0.008696 0.018421
0 0.738261 0.652632 0.015652 0.021053
0 0.727826 0.751316 0.019130 0.023684
0 0.877391 0.560526 0.015652 0.021053
0 0.698261 0.710526 0.012174 0.021053
0 0.821739 0.671053 0.008696 0.015789
0 0.867826 0.698684 0.017391 0.023684
0 0.626087 0.614474 0.020870 0.023684
0 0.583478 0.622368 0.019130 0.023684
0 0.680000 0.484211 0.013913 0.026316
0 0.702609 0.517105 0.010435 0.018421
0 0.573043 0.455263 0.015652 0.026316
0 0.623478 0.411842 0.022609 0.028947
0 0.225217 0.605263 0.015652 0.021053
0 0.233043 0.556579 0.013913 0.018421
0 0.162609 0.398684 0.015652 0.023684
0 0.500000 0.721053 0.012174 0.021053
0 0.567826 0.856579 0.012174 0.018421
0 0.594783 0.857895 0.013913 0.015789
0 0.595652 0.775000 0.012174 0.007895
0 0.604348 0.700000 0.015652 0.026316
0 0.514783 0.661842 0.024348 0.023684
0 0.417391 0.378947 0.010435 0.021053
0 0.328696 0.326316 0.017391 0.021053
0 0.701739 0.367105 0.029565 0.023684
0 0.702609 0.309211 0.027826 0.034211
0 0.218261 0.497368 0.015652 0.031579
0 0.881739 0.646053 0.020870 0.023684
0 0.840000 0.638158 0.013913 0.023684
0 0.866957 0.517105 0.015652 0.023684
0 0.780000 0.393421 0.022609 0.023684
0 0.576522 0.385526 0.019130 0.023684
0 0.308696 0.292105 0.015652 0.026316
0 0.236522 0.768421 0.013913 0.026316
0 0.253913 0.702632 0.010435 0.021053
0 0.462609 0.646053 0.024348 0.023684
