0 0.474490 0.110360 0.030612 0.049550
0 0.886054 0.425676 0.030612 0.049550
0 0.369048 0.405405 0.017007 0.027027
0 0.823129 0.536036 0.020408 0.027027
0 0.630952 0.430180 0.023810 0.031532
0 0.348639 0.504505 0.037415 0.054054
0 0.198980 0.400901 0.017007 0.027027
0 0.219388 0.423423 0.017007 0.027027
0 0.306122 0.130631 0.027211 0.036036
0 0.870748 0.340090 0.027211 0.031532
0 0.799320 0.466216 0.013605 0.022523
0 0.957483 0.495495 0.017007 0.027027
0 0.399660 0.103604 0.037415 0.045045
0 0.637755 0.500000 0.030612 0.036036
0 0.960884 0.281532 0.017007 0.022523
0 0.981293 0.265766 0.017007 0.027027
0 0.506803 0.648649 0.020408 0.027027
0 0.554422 0.662162 0.020408 0.018018
0 0.624150 0.666667 0.017007 0.036036
0 0.054422 0.664414 0.027211 0.031532
0 0.176871 0.657658 0.020408 0.027027
0 0.338435 0.691441 0.030612 0.031532
0 0.397959 0.337838 0.027211 0.036036
0 0.369048 0.256757 0.017007 0.027027
0 0.275510 0.328829 0.013605 0.027027
0 0.185374 0.078829 0.030612 0.022523
0 0.875850 0.270270 0.017007 0.036036
0 0.438776 0.450450 0.034014 0.036036
0 0.602041 0.448198 0.020408 0.040541
0 0.113946 0.511261 0.044218 0.031532
0 0.122449 0.150901 0.020408 0.031532
0 0.151361 0.180180 0.017007 0.036036
0 0.095238 0.040541 0.027211 0.027027
0 0.219388 0.117117 0.030612 0.036036
0 0.295918 0.173423 0.034014 0.022523
0 0.540816 0.180180 0.013605 0.036036
0 0.479592 0.454955 0.034014 0.045045
