0 0.516797 0.421528 0.022656 0.043056
0 0.546094 0.424306 0.018750 0.043056
0 0.728516 0.618750 0.091406 0.170833
0 0.500391 0.886111 0.017969 0.038889
0 0.463672 0.877083 0.022656 0.040278
0 0.415625 0.833333 0.015625 0.030556
0 0.420703 0.696528 0.024219 0.037500
0 0.454297 0.594444 0.016406 0.038889
0 0.475391 0.625694 0.017969 0.037500
0 0.540625 0.308333 0.029687 0.038889
0 0.495312 0.191667 0.020313 0.038889
0 0.438672 0.152083 0.024219 0.034722
0 0.405469 0.240972 0.023438 0.040278
0 0.462109 0.236806 0.022656 0.034722
0 0.522656 0.249306 0.018750 0.037500
0 0.575391 0.222917 0.016406 0.018056
0 0.570312 0.263889 0.020313 0.038889
0 0.348828 0.545139 0.013281 0.026389
