0 0.371484 0.575694 0.016406 0.029167
0 0.413672 0.463889 0.022656 0.030556
0 0.315234 0.350000 0.017969 0.041667
0 0.600391 0.412500 0.017969 0.047222
0 0.703906 0.421528 0.021875 0.029167
0 0.703906 0.343056 0.014063 0.030556
0 0.367578 0.734028 0.014844 0.040278
0 0.541797 0.693056 0.010156 0.019444
0 0.601953 0.649306 0.008594 0.029167
0 0.628125 0.583333 0.010937 0.022222
0 0.589063 0.586111 0.010937 0.025000
0 0.371094 0.252778 0.012500 0.036111
0 0.217969 0.134722 0.012500 0.036111
0 0.375781 0.505556 0.017188 0.022222
0 0.564453 0.694444 0.010156 0.025000
0 0.489063 0.651389 0.015625 0.030556
0 0.536719 0.613194 0.014063 0.031944
0 0.524609 0.470139 0.016406 0.031944
0 0.371875 0.634722 0.017188 0.033333
0 0.310547 0.441667 0.013281 0.030556
0 0.348828 0.484028 0.011719 0.037500
0 0.260937 0.354861 0.014063 0.029167
0 0.532813 0.360417 0.014063 0.015278
0 0.593359 0.531944 0.016406 0.033333
0 0.570703 0.545139 0.011719 0.026389
0 0.604688 0.351389 0.015625 0.025000
0 0.521484 0.202083 0.014844 0.029167
0 0.467578 0.220139 0.011719 0.026389
0 0.437500 0.556944 0.017188 0.027778
0 0.583203 0.268750 0.013281 0.023611
