0 0.512891 0.238889 0.021094 0.038889
0 0.591016 0.297917 0.021094 0.031944
0 0.591016 0.360417 0.025781 0.031944
0 0.726953 0.318750 0.019531 0.023611
0 0.419922 0.719444 0.027344 0.027778
0 0.323437 0.297917 0.025000 0.045833
0 0.357422 0.350000 0.019531 0.038889
0 0.436719 0.249306 0.017188 0.031944
0 0.469141 0.304861 0.011719 0.031944
0 0.485547 0.362500 0.017969 0.027778
0 0.512891 0.561806 0.013281 0.037500
0 0.480469 0.584028 0.015625 0.034722
0 0.625391 0.952083 0.019531 0.034722
0 0.397656 0.888194 0.017188 0.031944
0 0.897656 0.499306 0.017188 0.037500
0 0.783203 0.476389 0.019531 0.027778
0 0.778516 0.249306 0.021094 0.023611
0 0.949609 0.379167 0.019531 0.027778
0 0.977734 0.575694 0.017969 0.031944
0 0.673047 0.426389 0.013281 0.030556
0 0.899609 0.072222 0.021094 0.025000
0 0.190625 0.931944 0.021875 0.027778
0 0.518750 0.433333 0.017188 0.052778
0 0.650391 0.546528 0.019531 0.034722
0 0.313672 0.556944 0.021094 0.027778
0 0.589063 0.941667 0.014063 0.041667
0 0.610547 0.705556 0.017969 0.027778
0 0.626172 0.129861 0.021094 0.034722
0 0.440625 0.490278 0.017188 0.027778
0 0.393750 0.520139 0.021875 0.037500
0 0.399609 0.589583 0.017969 0.023611
0 0.589063 0.463194 0.017188 0.034722
0 0.726562 0.381250 0.015625 0.031944
0 0.748437 0.118750 0.015625 0.020833
0 0.385937 0.018750 0.017188 0.020833
0 0.454297 0.389583 0.017969 0.020833
0 0.268750 0.443750 0.009375 0.018056
0 0.862500 0.247917 0.017188 0.034722
0 0.928125 0.225000 0.015625 0.025000
0 0.658203 0.286111 0.019531 0.027778
0 0.517969 0.365278 0.023438 0.027778
0 0.481641 0.209028 0.017969 0.034722
0 0.512891 0.179861 0.017969 0.031944
0 0.496094 0.031944 0.023438 0.013889
0 0.805859 0.169444 0.010156 0.030556
0 0.780469 0.306944 0.017188 0.027778
0 0.488281 0.756250 0.007812 0.045833
0 0.516016 0.955556 0.019531 0.027778
0 0.277734 0.632639 0.011719 0.034722
0 0.370312 0.688194 0.009375 0.034722
0 0.726953 0.480556 0.003906 0.055556
0 0.874219 0.344444 0.021875 0.027778
0 0.833203 0.211111 0.010156 0.030556
0 0.586328 0.406944 0.027344 0.027778
0 0.580469 0.148611 0.007812 0.025000
