0 0.463178 0.102564 0.019380 0.030769
0 0.759690 0.397436 0.015504 0.035897
0 0.670543 0.469231 0.007752 0.035897
0 0.432171 0.338462 0.019380 0.020513
0 0.170543 0.592308 0.015504 0.025641
0 0.505814 0.497436 0.019380 0.010256
0 0.579457 0.174359 0.019380 0.020513
0 0.470930 0.158974 0.011628 0.010256
0 0.445736 0.548718 0.015504 0.020513
0 0.612403 0.653846 0.015504 0.025641
0 0.548450 0.292308 0.027132 0.020513
0 0.843023 0.553846 0.003876 0.020513
0 0.563953 0.594872 0.019380 0.030769
0 0.645349 0.410256 0.011628 0.020513
0 0.511628 0.456410 0.023256 0.010256
0 0.453488 0.466667 0.000000 0.030769
0 0.368217 0.225641 0.015504 0.020513
0 0.544574 0.115385 0.011628 0.025641
0 0.891473 0.035897 0.015504 0.020513
0 0.501938 0.358974 0.011628 0.020513
0 0.517442 0.602564 0.011628 0.025641
0 0.765504 0.561538 0.003876 0.025641
0 0.664729 0.535897 0.019380 0.015385
0 0.490310 0.556410 0.003876 0.035897
0 0.220930 0.553846 0.015504 0.020513
