0 0.916667 0.953571 0.023077 0.028571
0 0.885897 0.948214 0.017949 0.032143
0 0.939744 0.812500 0.007692 0.039286
0 0.461538 0.882143 0.015385 0.035714
0 0.417949 0.866071 0.015385 0.025000
0 0.055128 0.916071 0.023077 0.025000
0 0.116667 0.469643 0.017949 0.032143
0 0.360256 0.144643 0.007692 0.025000
0 0.338462 0.121429 0.010256 0.035714
0 0.961538 0.580357 0.000000 0.039286
0 0.961538 0.648214 0.015385 0.032143
0 0.734615 0.669643 0.012821 0.032143
0 0.255128 0.467857 0.007692 0.035714
0 0.385897 0.385714 0.012821 0.028571
0 0.130769 0.605357 0.010256 0.017857
0 0.869231 0.255357 0.000000 0.025000
0 0.950000 0.141071 0.017949 0.017857
0 0.271795 0.051786 0.015385 0.025000
0 0.298718 0.053571 0.007692 0.021429
0 0.476923 0.494643 0.015385 0.032143
0 0.493590 0.541071 0.012821 0.025000
0 0.471795 0.671429 0.010256 0.028571
0 0.588462 0.689286 0.002564 0.028571
0 0.826923 0.664286 0.023077 0.021429
0 0.896154 0.594643 0.017949 0.032143
0 0.798718 0.358929 0.002564 0.032143
0 0.666667 0.167857 0.000000 0.035714
0 0.043590 0.307143 0.015385 0.007143
0 0.203846 0.421429 0.012821 0.035714
0 0.719231 0.900000 0.017949 0.021429
0 0.873077 0.355357 0.012821 0.032143
0 0.787179 0.066071 0.020513 0.025000
