0 0.480000 0.586826 0.016000 0.023952
0 0.618000 0.245509 0.020000 0.023952
0 0.440000 0.314371 0.024000 0.029940
0 0.460000 0.224551 0.008000 0.017964
0 0.690000 0.401198 0.020000 0.023952
0 0.670000 0.242515 0.012000 0.017964
0 0.552000 0.670659 0.016000 0.023952
0 0.706000 0.467066 0.012000 0.023952
0 0.536000 0.254491 0.016000 0.017964
0 0.866000 0.401198 0.012000 0.023952
0 0.750000 0.449102 0.012000 0.023952
0 0.574000 0.185629 0.012000 0.023952
0 0.530000 0.302395 0.020000 0.017964
0 0.580000 0.272455 0.024000 0.017964
0 0.576000 0.449102 0.016000 0.023952
0 0.500000 0.206587 0.024000 0.029940
0 0.620000 0.302395 0.016000 0.029940
0 0.746000 0.371257 0.020000 0.023952
0 0.750000 0.523952 0.012000 0.017964
0 0.712000 0.317365 0.016000 0.023952
0 0.350000 0.290419 0.020000 0.017964
0 0.410000 0.269461 0.012000 0.023952
0 0.638000 0.212575 0.020000 0.029940
