0 0.511879 0.473410 0.028143 0.014803
0 0.547149 0.338405 0.022661 0.018914
0 0.605446 0.317297 0.026681 0.021107
0 0.296053 0.479167 0.018275 0.011513
0 0.329130 0.504934 0.022295 0.014803
0 0.412646 0.393777 0.018275 0.020011
0 0.473867 0.309348 0.031067 0.020011
0 0.580044 0.499315 0.021199 0.022204
0 0.711440 0.445038 0.031067 0.021107
0 0.760051 0.325247 0.026681 0.015625
0 0.823282 0.241913 0.026681 0.020011
0 0.784539 0.217654 0.025219 0.015899
0 0.343202 0.467105 0.022661 0.014803
0 0.514072 0.610471 0.023757 0.023026
0 0.635051 0.389666 0.026681 0.020011
0 0.657346 0.338405 0.032529 0.021107
0 0.342471 0.408032 0.018275 0.018914
0 0.449379 0.561952 0.012792 0.014803
0 0.420504 0.506579 0.022295 0.018092
0 0.595577 0.642133 0.020833 0.021107
0 0.642727 0.423383 0.022295 0.022204
0 0.648209 0.498766 0.042032 0.023300
0 0.752376 0.400082 0.031067 0.020011
0 0.381213 0.436541 0.019737 0.016721
0 0.544956 0.418037 0.029240 0.020285
0 0.720760 0.203536 0.018275 0.018914
0 0.304642 0.586760 0.029605 0.017818
0 0.485928 0.658443 0.029605 0.021930
0 0.381213 0.511376 0.019737 0.021107
0 0.462719 0.600466 0.022661 0.017818
0 0.455592 0.426398 0.028143 0.017818
0 0.498721 0.374178 0.026681 0.014803
0 0.445175 0.525493 0.018275 0.015899
0 0.338999 0.698465 0.019371 0.026316
0 0.412098 0.548794 0.028143 0.018092
