0 0.500876 0.614581 0.028021 0.023451
0 0.470520 0.626816 0.015762 0.024471
0 0.610479 0.662376 0.018389 0.017079
0 0.288821 0.565893 0.021891 0.025491
0 0.374489 0.537726 0.013427 0.020138
0 0.224898 0.543971 0.020724 0.011726
0 0.277875 0.481392 0.014594 0.016059
0 0.348365 0.576345 0.031816 0.012745
0 0.459720 0.535560 0.013427 0.013765
0 0.433450 0.517971 0.014594 0.014785
0 0.591068 0.710171 0.028021 0.014785
0 0.630473 0.699592 0.026853 0.017079
0 0.374489 0.754907 0.028021 0.021157
0 0.532545 0.567933 0.018389 0.016824
0 0.438996 0.615218 0.015762 0.020138
0 0.377554 0.500382 0.009632 0.024471
0 0.526416 0.724063 0.020724 0.019118
0 0.404845 0.664542 0.011092 0.012745
0 0.228546 0.707622 0.018097 0.022432
0 0.603765 0.627453 0.019556 0.019118
0 0.565966 0.638032 0.016929 0.014785
0 0.322242 0.678945 0.018097 0.018098
