0 0.238000 0.075000 0.016000 0.030000
0 0.265000 0.128000 0.018000 0.020000
0 0.159000 0.233000 0.022000 0.018000
0 0.365000 0.184000 0.026000 0.020000
0 0.623000 0.182000 0.018000 0.024000
0 0.042000 0.316000 0.024000 0.024000
0 0.136000 0.333000 0.020000 0.026000
0 0.237000 0.261000 0.022000 0.026000
0 0.324000 0.257000 0.024000 0.022000
0 0.337000 0.311000 0.026000 0.026000
0 0.462000 0.355000 0.020000 0.018000
0 0.645000 0.267000 0.018000 0.014000
0 0.332000 0.508000 0.016000 0.012000
0 0.467000 0.440000 0.018000 0.016000
0 0.462000 0.403000 0.020000 0.014000
0 0.571000 0.455000 0.014000 0.018000
0 0.155000 0.576000 0.014000 0.020000
0 0.086000 0.405000 0.020000 0.022000
0 0.382000 0.451000 0.024000 0.018000
0 0.328000 0.602000 0.020000 0.020000
0 0.471000 0.542000 0.014000 0.020000
0 0.605000 0.406000 0.018000 0.012000
0 0.632000 0.381000 0.020000 0.018000
0 0.378000 0.354000 0.016000 0.012000
0 0.402000 0.382000 0.020000 0.016000
0 0.298000 0.472000 0.016000 0.016000
0 0.177000 0.451000 0.010000 0.014000
0 0.174000 0.386000 0.016000 0.016000
0 0.202000 0.486000 0.020000 0.024000
0 0.519000 0.578000 0.014000 0.016000
0 0.653000 0.307000 0.018000 0.014000
0 0.219000 0.344000 0.018000 0.016000
0 0.259000 0.163000 0.018000 0.014000
0 0.228000 0.184000 0.016000 0.012000
0 0.416000 0.319000 0.016000 0.022000
0 0.512000 0.395000 0.020000 0.018000
0 0.261000 0.452000 0.018000 0.028000
0 0.622000 0.454000 0.016000 0.016000
0 0.417000 0.614000 0.018000 0.020000
0 0.377000 0.587000 0.018000 0.014000
0 0.345000 0.665000 0.018000 0.022000
0 0.300000 0.553000 0.024000 0.022000
