5 0.33413461538461536 0.7055288461538461 0.039663461538461536 0.030048076923076924
5 0.390625 0.5216346153846154 0.046875 0.037259615384615384
5 0.32091346153846156 0.5961538461538461 0.036057692307692304 0.039663461538461536
5 0.14783653846153846 0.6129807692307693 0.025240384615384616 0.026442307692307692
5 0.3798076923076923 0.2283653846153846 0.054086538461538464 0.05048076923076923
5 0.23197115384615385 0.5252403846153846 0.036057692307692304 0.030048076923076924
5 0.026442307692307692 0.5180288461538461 0.025240384615384616 0.037259615384615384
5 0.078125 0.5420673076923077 0.036057692307692304 0.030048076923076924
5 0.21394230769230768 0.22355769230769232 0.04326923076923077 0.026442307692307692
5 0.5396634615384616 0.14182692307692307 0.036057692307692304 0.05048076923076923
5 0.3786057692307692 0.5805288461538461 0.028846153846153848 0.026442307692307692
5 0.42908653846153844 0.59375 0.036057692307692304 0.039663461538461536
5 0.30408653846153844 0.21995192307692307 0.036057692307692304 0.039663461538461536
5 0.23076923076923078 0.6177884615384616 0.03245192307692308 0.030048076923076924
5 0.28725961538461536 0.6346153846153846 0.046875 0.030048076923076924
5 0.1502403846153846 0.5264423076923077 0.04326923076923077 0.052884615384615384