5 0.20192307692307693 0.0673076923076923 0.046875 0.055288461538461536
5 0.28365384615384615 0.14783653846153846 0.04807692307692308 0.04567307692307692
5 0.2956730769230769 0.21634615384615385 0.027644230769230768 0.06610576923076923
5 0.3449519230769231 0.234375 0.05889423076923077 0.08653846153846154
5 0.3713942307692308 0.4014423076923077 0.040865384615384616 0.0985576923076923
5 0.26322115384615385 0.5552884615384616 0.08774038461538461 0.09735576923076923
5 0.171875 0.6057692307692307 0.06971153846153846 0.1045673076923077
5 0.2608173076923077 0.6610576923076923 0.0829326923076923 0.09014423076923077
5 0.375 0.5360576923076923 0.0625 0.10336538461538461
5 0.3076923076923077 0.49399038461538464 0.06610576923076923 0.054086538461538464
5 0.3425480769230769 0.625 0.04927884615384615 0.042067307692307696
5 0.2860576923076923 0.7620192307692307 0.10096153846153846 0.07572115384615384
5 0.3317307692307692 0.8185096153846154 0.06850961538461539 0.0625
5 0.17067307692307693 0.7115384615384616 0.04927884615384615 0.04927884615384615
5 0.203125 0.7632211538461539 0.05889423076923077 0.06850961538461539
5 0.14903846153846154 0.8581730769230769 0.054086538461538464 0.08653846153846154
5 0.078125 0.8762019230769231 0.05889423076923077 0.06009615384615385
5 0.140625 0.9086538461538461 0.052884615384615384 0.046875
5 0.20192307692307693 0.9026442307692307 0.030048076923076924 0.046875
5 0.42788461538461536 0.6430288461538461 0.030048076923076924 0.21394230769230768
5 0.36658653846153844 0.6778846153846154 0.042067307692307696 0.039663461538461536
5 0.38461538461538464 0.6045673076923077 0.055288461538461536 0.056490384615384616