5 0.3293269230769231 0.3545673076923077 0.05048076923076923 0.04447115384615385
5 0.40384615384615385 0.328125 0.04567307692307692 0.040865384615384616
5 0.3641826923076923 0.39663461538461536 0.03125 0.03245192307692308
5 0.2692307692307692 0.4987980769230769 0.052884615384615384 0.038461538461538464
5 0.25600961538461536 0.5540865384615384 0.038461538461538464 0.036057692307692304
5 0.2439903846153846 0.6021634615384616 0.055288461538461536 0.028846153846153848
5 0.2704326923076923 0.6694711538461539 0.025240384615384616 0.025240384615384616
5 0.3317307692307692 0.24879807692307693 0.018028846153846152 0.020432692307692308
5 0.20432692307692307 0.3894230769230769 0.06009615384615385 0.04807692307692308
5 0.2403846153846154 0.3245192307692308 0.028846153846153848 0.03125
5 0.23317307692307693 0.44591346153846156 0.04807692307692308 0.03485576923076923
5 0.41466346153846156 0.46033653846153844 0.06370192307692307 0.07932692307692307
5 0.3798076923076923 0.47596153846153844 0.02403846153846154 0.026442307692307692
5 0.6454326923076923 0.2848557692307692 0.040865384615384616 0.06971153846153846
5 0.7079326923076923 0.33052884615384615 0.02283653846153846 0.03365384615384615
5 0.5504807692307693 0.3713942307692308 0.026442307692307692 0.057692307692307696
5 0.7908653846153846 0.4387019230769231 0.038461538461538464 0.039663461538461536
5 0.7391826923076923 0.5685096153846154 0.025240384615384616 0.0673076923076923
5 0.65625 0.5360576923076923 0.051682692307692304 0.03485576923076923
5 0.6778846153846154 0.47475961538461536 0.037259615384615384 0.0625
5 0.5925480769230769 0.5192307692307693 0.038461538461538464 0.054086538461538464
5 0.7740384615384616 0.6682692307692307 0.037259615384615384 0.038461538461538464
5 0.7427884615384616 0.6935096153846154 0.03125 0.03485576923076923
5 0.6538461538461539 0.6310096153846154 0.025240384615384616 0.018028846153846152
5 0.8088942307692307 0.7548076923076923 0.021634615384615384 0.016826923076923076