5 0.23197115384615385 0.11298076923076923 0.03125 0.039663461538461536
5 0.37259615384615385 0.2439903846153846 0.028846153846153848 0.06129807692307692
5 0.2824519230769231 0.6334134615384616 0.03125 0.046875
5 0.22596153846153846 0.6899038461538461 0.02403846153846154 0.04567307692307692
5 0.25600961538461536 0.6682692307692307 0.019230769230769232 0.0673076923076923
5 0.28125 0.7391826923076923 0.014423076923076924 0.036057692307692304
5 0.25721153846153844 0.7487980769230769 0.016826923076923076 0.03485576923076923
5 0.23076923076923078 0.7584134615384616 0.02283653846153846 0.05048076923076923
5 0.24639423076923078 0.8112980769230769 0.018028846153846152 0.02283653846153846
5 0.46875 0.6923076923076923 0.018028846153846152 0.036057692307692304
5 0.3605769230769231 0.8870192307692307 0.02403846153846154 0.030048076923076924
5 0.28125 0.8317307692307693 0.025240384615384616 0.057692307692307696