5 0.5180288461538461 0.6887019230769231 0.039663461538461536 0.078125
5 0.4411057692307692 0.6850961538461539 0.04567307692307692 0.1310096153846154
5 0.47716346153846156 0.25961538461538464 0.09975961538461539 0.11899038461538461
5 0.7115384615384616 0.49399038461538464 0.10576923076923077 0.15504807692307693
5 0.9555288461538461 0.7127403846153846 0.06490384615384616 0.10336538461538461
5 0.8858173076923077 0.6009615384615384 0.09134615384615384 0.1141826923076923
5 0.7463942307692307 0.6213942307692307 0.06009615384615385 0.07451923076923077
5 0.59375 0.5600961538461539 0.0625 0.07451923076923077
5 0.6634615384615384 0.6141826923076923 0.06490384615384616 0.078125
5 0.4723557692307692 0.5408653846153846 0.06490384615384616 0.10817307692307693
5 0.6322115384615384 0.33052884615384615 0.0733173076923077 0.11658653846153846
5 0.5408653846153846 0.42908653846153844 0.13942307692307693 0.1141826923076923
5 0.3016826923076923 0.2247596153846154 0.05889423076923077 0.06610576923076923
5 0.3762019230769231 0.31850961538461536 0.0733173076923077 0.09134615384615384
5 0.2620192307692308 0.2956730769230769 0.037259615384615384 0.05889423076923077
5 0.3161057692307692 0.3329326923076923 0.039663461538461536 0.0889423076923077
5 0.23557692307692307 0.3954326923076923 0.05048076923076923 0.08653846153846154