5 0.8293269230769231 0.49399038461538464 0.03485576923076923 0.039663461538461536
5 0.41586538461538464 0.3870192307692308 0.038461538461538464 0.04447115384615385
5 0.33774038461538464 0.36658653846153844 0.06009615384615385 0.06370192307692307
5 0.38341346153846156 0.4254807692307692 0.037259615384615384 0.021634615384615384
5 0.21033653846153846 0.49158653846153844 0.055288461538461536 0.04927884615384615
5 0.18990384615384615 0.6081730769230769 0.06610576923076923 0.054086538461538464
5 0.33533653846153844 0.48197115384615385 0.051682692307692304 0.06009615384615385
5 0.2920673076923077 0.6117788461538461 0.07091346153846154 0.04927884615384615
5 0.4074519230769231 0.7019230769230769 0.03365384615384615 0.042067307692307696
5 0.31009615384615385 0.7427884615384616 0.02403846153846154 0.013221153846153846
5 0.0673076923076923 0.6959134615384616 0.07572115384615384 0.0625
5 0.13581730769230768 0.6358173076923077 0.051682692307692304 0.025240384615384616
5 0.28846153846153844 0.6610576923076923 0.08413461538461539 0.05889423076923077
5 0.19471153846153846 0.6778846153846154 0.056490384615384616 0.042067307692307696
5 0.12620192307692307 0.6838942307692307 0.054086538461538464 0.051682692307692304
5 0.12139423076923077 0.7319711538461539 0.06490384615384616 0.038461538461538464
5 0.18870192307692307 0.7512019230769231 0.039663461538461536 0.02283653846153846