5 0.2127403846153846 0.7475961538461539 0.07211538461538461 0.0733173076923077
5 0.10697115384615384 0.6742788461538461 0.030048076923076924 0.046875
5 0.15384615384615385 0.8305288461538461 0.042067307692307696 0.0733173076923077
5 0.22716346153846154 0.6790865384615384 0.04447115384615385 0.046875
5 0.34375 0.7548076923076923 0.055288461538461536 0.046875
5 0.3137019230769231 0.6274038461538461 0.06850961538461539 0.11298076923076923
5 0.22956730769230768 0.5372596153846154 0.04807692307692308 0.06009615384615385
5 0.4411057692307692 0.1045673076923077 0.03485576923076923 0.08413461538461539
5 0.5 0.12980769230769232 0.03365384615384615 0.051682692307692304
5 0.36899038461538464 0.18389423076923078 0.042067307692307696 0.0733173076923077
5 0.22596153846153846 0.3485576923076923 0.04447115384615385 0.08052884615384616
5 0.28725961538461536 0.3389423076923077 0.04326923076923077 0.09615384615384616
5 0.5336538461538461 0.3557692307692308 0.06850961538461539 0.14182692307692307
5 0.6478365384615384 0.7536057692307693 0.05889423076923077 0.0889423076923077
5 0.75 0.8413461538461539 0.052884615384615384 0.08173076923076923
5 0.7139423076923077 0.7331730769230769 0.03485576923076923 0.0625
5 0.6911057692307693 0.7908653846153846 0.046875 0.04927884615384615
5 0.6802884615384616 0.8365384615384616 0.039663461538461536 0.055288461538461536
5 0.4266826923076923 0.8413461538461539 0.04326923076923077 0.042067307692307696
5 0.4963942307692308 0.640625 0.04447115384615385 0.06009615384615385
5 0.5757211538461539 0.6923076923076923 0.05889423076923077 0.08653846153846154
5 0.7355769230769231 0.31490384615384615 0.06370192307692307 0.08173076923076923
5 0.5949519230769231 0.4050480769230769 0.07692307692307693 0.06850961538461539
5 0.6189903846153846 0.29927884615384615 0.042067307692307696 0.06490384615384616
5 0.4266826923076923 0.3557692307692308 0.08653846153846154 0.1201923076923077
5 0.7487980769230769 0.6274038461538461 0.051682692307692304 0.06009615384615385