5 0.6105769230769231 0.055288461538461536 0.11778846153846154 0.054086538461538464
5 0.7247596153846154 0.04807692307692308 0.052884615384615384 0.02283653846153846
5 0.4987980769230769 0.009615384615384616 0.039663461538461536 0.014423076923076924
5 0.3858173076923077 0.010817307692307692 0.042067307692307696 0.014423076923076924
5 0.27403846153846156 0.056490384615384616 0.0829326923076923 0.04326923076923077
5 0.34975961538461536 0.04326923076923077 0.04807692307692308 0.02403846153846154
5 0.5096153846153846 0.06370192307692307 0.039663461538461536 0.02283653846153846
5 0.39783653846153844 0.06370192307692307 0.052884615384615384 0.019230769230769232
5 0.27884615384615385 0.1310096153846154 0.06370192307692307 0.030048076923076924
5 0.4387019230769231 0.09615384615384616 0.028846153846153848 0.018028846153846152
5 0.5108173076923077 0.08653846153846154 0.0673076923076923 0.020432692307692308
5 0.5733173076923077 0.12860576923076922 0.04807692307692308 0.021634615384615384
5 0.47115384615384615 0.12259615384615384 0.055288461538461536 0.03485576923076923
5 0.5252403846153846 0.16346153846153846 0.0829326923076923 0.019230769230769232
5 0.59375 0.18509615384615385 0.042067307692307696 0.05048076923076923
5 0.5396634615384616 0.1971153846153846 0.042067307692307696 0.027644230769230768
5 0.4098557692307692 0.1622596153846154 0.055288461538461536 0.03485576923076923
5 0.3786057692307692 0.1971153846153846 0.07451923076923077 0.03485576923076923
5 0.4483173076923077 0.18870192307692307 0.056490384615384616 0.03245192307692308
5 0.43149038461538464 0.2536057692307692 0.1045673076923077 0.038461538461538464
5 0.4987980769230769 0.2403846153846154 0.052884615384615384 0.025240384615384616
5 0.44591346153846156 0.5012019230769231 0.15745192307692307 0.09735576923076923
5 0.6646634615384616 0.5396634615384616 0.15745192307692307 0.06971153846153846
5 0.703125 0.6153846153846154 0.09014423076923077 0.05889423076923077
5 0.6334134615384616 0.6454326923076923 0.0985576923076923 0.05048076923076923
5 0.3557692307692308 0.36778846153846156 0.1201923076923077 0.04326923076923077
5 0.4338942307692308 0.4014423076923077 0.11538461538461539 0.039663461538461536
5 0.5552884615384616 0.3918269230769231 0.08774038461538461 0.038461538461538464
5 0.46153846153846156 0.4495192307692308 0.13581730769230768 0.03365384615384615
5 0.5 0.6021634615384616 0.08533653846153846 0.016826923076923076
5 0.49759615384615385 0.6394230769230769 0.09014423076923077 0.03365384615384615
5 0.17908653846153846 0.6586538461538461 0.10096153846153846 0.0673076923076923
5 0.0985576923076923 0.765625 0.14903846153846154 0.054086538461538464
5 0.30408653846153844 0.7872596153846154 0.07451923076923077 0.04326923076923077
5 0.3894230769230769 0.7860576923076923 0.07451923076923077 0.057692307692307696
5 0.48197115384615385 0.7872596153846154 0.08774038461538461 0.020432692307692308
5 0.6009615384615384 0.7764423076923077 0.06370192307692307 0.038461538461538464
5 0.4254807692307692 0.9411057692307693 0.15985576923076922 0.10817307692307693
5 0.23798076923076922 0.8677884615384616 0.11177884615384616 0.055288461538461536
5 0.22235576923076922 0.9254807692307693 0.11538461538461539 0.04326923076923077
5 0.6189903846153846 0.9387019230769231 0.10096153846153846 0.06850961538461539
5 0.46634615384615385 0.828125 0.10096153846153846 0.042067307692307696
5 0.07091346153846154 0.875 0.13341346153846154 0.054086538461538464