0 0.628537 0.399228 0.017686 0.055809
0 0.720197 0.412279 0.024323 0.037206
0 0.721310 0.343456 0.022096 0.026029
0 0.615284 0.272757 0.022096 0.033456
0 0.275087 0.161176 0.013231 0.040882
0 0.357926 0.527574 0.024323 0.037206
0 0.410939 0.685625 0.024323 0.033456
0 0.456245 0.443897 0.022096 0.026029
0 0.182336 0.401103 0.026507 0.052059
0 0.553406 0.449449 0.022096 0.037132
0 0.354607 0.432721 0.017686 0.048382
0 0.394367 0.473640 0.013275 0.040956
0 0.449607 0.507132 0.013275 0.026029
0 0.401004 0.386213 0.026550 0.029779
0 0.465066 0.720956 0.026550 0.037206
0 0.566681 0.583382 0.022096 0.037206
0 0.618603 0.503382 0.015459 0.026029
0 0.572205 0.650294 0.019869 0.029706
0 0.220983 0.583382 0.024323 0.037206
0 0.354607 0.575919 0.035328 0.022279
0 0.414258 0.588934 0.022052 0.033456
0 0.615262 0.553603 0.013231 0.029706
0 0.627424 0.613088 0.019913 0.037206
0 0.653930 0.561066 0.024279 0.044632
0 0.418035 0.484596 0.025939 0.027868
0 0.475109 0.636471 0.022271 0.027941
0 0.394105 0.208750 0.018603 0.027941
0 0.407904 0.146765 0.016769 0.034118
0 0.271681 0.276949 0.027817 0.027868
0 0.414258 0.548015 0.017686 0.033529
0 0.361245 0.341581 0.022052 0.029779
0 0.415349 0.256029 0.033144 0.037206
