2 0.5084134615384616 0.6129807692307693 0.056490384615384616 0.09495192307692307
2 0.6694711538461539 0.6490384615384616 0.05889423076923077 0.11899038461538461
2 0.16346153846153846 0.6574519230769231 0.05048076923076923 0.11298076923076923
2 0.8076923076923077 0.6694711538461539 0.040865384615384616 0.125
2 0.3557692307692308 0.7475961538461539 0.04447115384615385 0.06490384615384616
2 0.6646634615384616 0.8425480769230769 0.0625 0.10096153846153846
2 0.5384615384615384 0.31850961538461536 0.04447115384615385 0.11298076923076923
2 0.5997596153846154 0.3245192307692308 0.04447115384615385 0.0889423076923077
2 0.2980769230769231 0.35697115384615385 0.05889423076923077 0.11899038461538461
2 0.48677884615384615 0.3954326923076923 0.052884615384615384 0.0889423076923077
2 0.5913461538461539 0.41346153846153844 0.04447115384615385 0.07692307692307693
2 0.3786057692307692 0.4230769230769231 0.03245192307692308 0.0829326923076923
2 0.23918269230769232 0.4375 0.046875 0.11298076923076923
2 0.5396634615384616 0.5300480769230769 0.052884615384615384 0.07091346153846154
2 0.7980769230769231 0.5444711538461539 0.04447115384615385 0.0889423076923077
2 0.75961538461253846 0.5600961538461539 0.038461538461538464 0.14302884615384615