2 0.3173076923076923 0.43990384615384615 0.038461538461538464 0.038461538461538464
2 0.4074519230769231 0.4639423076923077 0.03485576923076923 0.07692307692307693
2 0.5108173076923077 0.5252403846153846 0.030048076923076924 0.030048076923076924
2 0.39783653846153844 0.5420673076923077 0.021634615384615384 0.038461538461538464
2 0.23076923076923078 0.5576923076923077 0.021634615384615384 0.042067307692307696
2 0.3293269230769231 0.5889423076923077 0.030048076923076924 0.055288461538461536
2 0.6586538461538461 0.5913461538461539 0.04326923076923077 0.06009615384615385
2 0.48197115384615385 0.5973557692307693 0.038461538461538464 0.038461538461538464
2 0.5769230769230769 0.6165865384615384 0.04326923076923077 0.042067307692307696
2 0.25240384615384615 0.6358173076923077 0.03245192307692308 0.046875
2 0.734375 0.6658653846153846 0.038461538461538464 0.055288461538461536
2 0.328125 0.6850961538461539 0.03245192307692308 0.03365384615384615
2 0.23557692307692307 0.8125 0.03245192307692308 0.042067307692307696
2 0.7692307692307693 0.9026442307692307 0.04326923076923077 0.06850961538461539
2 0.24278846153846154 0.9230769230769231 0.030048076923076924 0.05048076923076923
2 0.6418269230769231 0.09975961538461539 0.03245192307692308 0.046875
2 0.6574519230769231 0.19831730769230768 0.051682692307692304 0.06370192307692307
2 0.4074519230769231 0.2704326923076923 0.02403846153846154 0.038461538461538464
2 0.5600961538461539 0.2932692307692308 0.02403846153846154 0.042067307692307696
2 0.4543269230769231 0.328125 0.030048076923076924 0.042067307692307696
2 0.6045673076923077 0.3425480769230769 0.038461538461538464 0.046875
2 0.6514423076923077 0.35697115384615385 0.02403846153846154 0.042067307692307696
2 0.7247596153846154 0.359375 0.02403846153846154 0.038461538461538464
2 0.4675480769230769 0.40865384615384615 0.02403846153846154 0.05048076923076923