0 0.7572115384615384 0.5721153846153846 0.12259615384615384 0.1875
0 0.6057692307692307 0.9014423076923077 0.03365384615384615 0.04326923076923077
0 0.5661057692307693 0.9038461538461539 0.03365384615384615 0.052884615384615384
0 0.5096153846153846 0.8701923076923077 0.036057692307692304 0.04807692307692308
0 0.47836538461538464 0.7271634615384616 0.03365384615384615 0.04807692307692308
0 0.4891826923076923 0.5564903846153846 0.0673076923076923 0.09375
0 0.5324519230769231 0.41586538461538464 0.038461538461538464 0.06009615384615385
0 0.5036057692307693 0.41947115384615385 0.02403846153846154 0.05048076923076923
0 0.45072115384615385 0.4050480769230769 0.09375 0.13942307692307693
0 0.4050480769230769 0.4891826923076923 0.06971153846153846 0.10817307692307693
0 0.41947115384615385 0.18389423076923078 0.03365384615384615 0.04807692307692308
0 0.4651442307692308 0.24639423076923078 0.026442307692307692 0.05048076923076923
0 0.49399038461538464 0.29927884615384615 0.03365384615384615 0.04807692307692308
0 0.3545673076923077 0.16346153846153846 0.021634615384615384 0.03365384615384615