0 0.7584134615384616 0.5673076923076923 0.125 0.1875
0 0.6129807692307693 0.8990384615384616 0.03365384615384615 0.04326923076923077
0 0.5733173076923077 0.9026442307692307 0.03365384615384615 0.052884615384615384
0 0.515625 0.8701923076923077 0.036057692307692304 0.04807692307692308
0 0.48197115384615385 0.7271634615384616 0.03365384615384615 0.04807692307692308
0 0.49038461538461536 0.5564903846153846 0.06971153846153846 0.09375
0 0.53125 0.41586538461538464 0.038461538461538464 0.06009615384615385
0 0.5024038461538461 0.41947115384615385 0.026442307692307692 0.05048076923076923
0 0.4483173076923077 0.4050480769230769 0.09615384615384616 0.14182692307692307
0 0.4050480769230769 0.49038461538461536 0.07211538461538461 0.10817307692307693
0 0.41466346153846156 0.18509615384615385 0.03365384615384615 0.04807692307692308
0 0.46033653846153844 0.24639423076923078 0.028846153846153848 0.05048076923076923
0 0.49158653846153844 0.29927884615384615 0.03365384615384615 0.04807692307692308
0 0.3485576923076923 0.1658653846153846 0.02403846153846154 0.03365384615384615