0 0.7271634615384616 0.640625 0.0889423076923077 0.17548076923076922
0 0.49158653846153844 0.9146634615384616 0.026442307692307692 0.038461538461538464
0 0.4519230769230769 0.90625 0.02403846153846154 0.05048076923076923
0 0.4074519230769231 0.8581730769230769 0.026442307692307692 0.04326923076923077
0 0.4170673076923077 0.7127403846153846 0.02403846153846154 0.04326923076923077
0 0.47475961538461536 0.5504807692307693 0.05048076923076923 0.08653846153846154
0 0.5540865384615384 0.42908653846153844 0.026442307692307692 0.055288461538461536
0 0.5252403846153846 0.42427884615384615 0.014423076923076924 0.05048076923076923
0 0.47836538461538464 0.3942307692307692 0.06971153846153846 0.12980769230769232
0 0.41225961538461536 0.46274038461538464 0.05048076923076923 0.10096153846153846
0 0.5096153846153846 0.17427884615384615 0.02403846153846154 0.04326923076923077
0 0.5360576923076923 0.24639423076923078 0.016826923076923076 0.05048076923076923
0 0.5504807692307693 0.30528846153846156 0.02403846153846154 0.04326923076923077
0 0.453125 0.13581730769230768 0.016826923076923076 0.03125