0 0.48197115384615385 0.5817307692307693 0.038461538461538464 0.036057692307692304
0 0.34375 0.8353365384615384 0.03125 0.036057692307692304
0 0.29086538461538464 0.6947115384615384 0.03125 0.028846153846153848
0 0.2512019230769231 0.6033653846153846 0.03125 0.040865384615384616
0 0.359375 0.5649038461538461 0.038461538461538464 0.04326923076923077
0 0.7391826923076923 0.5540865384615384 0.02403846153846154 0.03365384615384615
0 0.8221153846153846 0.018028846153846152 0.028846153846153848 0.03125
0 0.3473557692307692 0.4639423076923077 0.03365384615384615 0.026442307692307692
0 0.21514423076923078 0.37259615384615385 0.026442307692307692 0.03125
0 0.48197115384615385 0.24278846153846154 0.02403846153846154 0.028846153846153848
0 0.35697115384615385 0.6466346153846154 0.03125 0.03125
0 0.4206730769230769 0.25721153846153844 0.03125 0.036057692307692304
0 0.5733173076923077 0.3581730769230769 0.026442307692307692 0.03125
0 0.6574519230769231 0.2980769230769231 0.019230769230769232 0.038461538461538464
0 0.5180288461538461 0.29086538461538464 0.028846153846153848 0.038461538461538464
0 0.30408653846153844 0.16466346153846154 0.03125 0.028846153846153848
0 0.38100961538461536 0.22596153846153846 0.03125 0.036057692307692304
0 0.5576923076923077 0.23798076923076922 0.03365384615384615 0.036057692307692304
0 0.1502403846153846 0.0985576923076923 0.03365384615384615 0.040865384615384616
0 0.36899038461538464 0.06129807692307692 0.038461538461538464 0.028846153846153848
0 0.5204326923076923 0.014423076923076924 0.026442307692307692 0.028846153846153848
0 0.5612980769230769 0.030048076923076924 0.02403846153846154 0.026442307692307692
0 0.5985576923076923 0.007211538461538462 0.028846153846153848 0.014423076923076924
0 0.703125 0.006009615384615385 0.026442307692307692 0.01201923076923077
0 0.7716346153846154 0.003605769230769231 0.03365384615384615 0.007211538461538462
0 0.9122596153846154 0.3786057692307692 0.021634615384615384 0.026442307692307692
0 0.9543269230769231 0.6598557692307693 0.028846153846153848 0.038461538461538464
0 0.28966346153846156 0.8954326923076923 0.03125 0.038461538461538464
0 0.28966346153846156 0.9507211538461539 0.036057692307692304 0.038461538461538464
0 0.45552884615384615 0.9242788461538461 0.03125 0.028846153846153848
0 0.3870192307692308 0.9651442307692307 0.03365384615384615 0.028846153846153848
0 0.5288461538461539 0.9723557692307693 0.038461538461538464 0.038461538461538464
0 0.4014423076923077 0.9939903846153846 0.028846153846153848 0.007211538461538462
0 0.3629807692307692 0.8786057692307693 0.036057692307692304 0.028846153846153848
0 0.18269230769230768 0.8209134615384616 0.038461538461538464 0.03125
0 0.08653846153846154 0.8377403846153846 0.03125 0.026442307692307692
0 0.29447115384615385 0.5504807692307693 0.026442307692307692 0.02403846153846154
0 0.1658653846153846 0.5649038461538461 0.026442307692307692 0.036057692307692304
0 0.06610576923076923 0.7235576923076923 0.03365384615384615 0.036057692307692304
0 0.6310096153846154 0.6502403846153846 0.038461538461538464 0.036057692307692304
0 0.7788461538461539 0.5036057692307693 0.028846153846153848 0.03125
0 0.6887019230769231 0.3425480769230769 0.03365384615384615 0.038461538461538464
0 0.7283653846153846 0.41466346153846156 0.03365384615384615 0.038461538461538464
0 0.5144230769230769 0.7824519230769231 0.028846153846153848 0.028846153846153848
0 0.5324519230769231 0.6923076923076923 0.03365384615384615 0.036057692307692304
0 0.5913461538461539 0.5637019230769231 0.028846153846153848 0.02403846153846154
0 0.7524038461538461 0.4735576923076923 0.021634615384615384 0.028846153846153848
0 0.8653846153846154 0.4170673076923077 0.028846153846153848 0.02403846153846154
0 0.8617788461538461 0.2692307692307692 0.026442307692307692 0.028846153846153848
0 0.44471153846153844 0.8461538461538461 0.03125 0.036057692307692304
0 0.7163461538461539 0.84375 0.03125 0.02403846153846154
0 0.6983173076923077 0.4795673076923077 0.040865384615384616 0.036057692307692304
0 0.8185096153846154 0.5432692307692307 0.03125 0.040865384615384616
0 0.8221153846153846 0.6225961538461539 0.03125 0.026442307692307692
0 0.7043269230769231 0.6442307692307693 0.03125 0.02403846153846154
0 0.7007211538461539 0.7103365384615384 0.02403846153846154 0.03125
0 0.7872596153846154 0.6766826923076923 0.03125 0.03365384615384615
0 0.35697115384615385 0.3293269230769231 0.03125 0.036057692307692304
0 0.3918269230769231 0.4074519230769231 0.036057692307692304 0.036057692307692304
0 0.796875 0.40024038461538464 0.019230769230769232 0.021634615384615384
0 0.796875 0.24519230769230768 0.03125 0.028846153846153848
0 0.5276442307692307 0.09254807692307693 0.03125 0.03125
0 0.5709134615384616 0.10576923076923077 0.02403846153846154 0.03125
0 0.6081730769230769 0.39783653846153844 0.026442307692307692 0.036057692307692304
0 0.578125 0.8978365384615384 0.026442307692307692 0.03125
0 0.609375 0.9387019230769231 0.021634615384615384 0.021634615384615384
0 0.9098557692307693 0.9435096153846154 0.02403846153846154 0.019230769230769232
0 0.9891826923076923 0.5324519230769231 0.016826923076923076 0.03125
0 0.6394230769230769 0.16826923076923078 0.036057692307692304 0.03365384615384615
0 0.5204326923076923 0.4362980769230769 0.040865384615384616 0.03125
0 0.24519230769230768 0.4639423076923077 0.026442307692307692 0.028846153846153848
0 0.10096153846153846 0.6538461538461539 0.036057692307692304 0.03365384615384615
0 0.1502403846153846 0.7331730769230769 0.038461538461538464 0.04807692307692308
0 0.2848557692307692 0.7560096153846154 0.036057692307692304 0.040865384615384616
0 0.3245192307692308 0.7403846153846154 0.028846153846153848 0.038461538461538464
0 0.3798076923076923 0.7175480769230769 0.040865384615384616 0.040865384615384616
0 0.6875 0.9435096153846154 0.028846153846153848 0.03125
0 0.8689903846153846 0.34134615384615385 0.02403846153846154 0.02403846153846154
0 0.8774038461538461 0.37740384615384615 0.026442307692307692 0.028846153846153848
0 0.78125 0.2860576923076923 0.02403846153846154 0.028846153846153848
0 0.7536057692307693 0.3076923076923077 0.028846153846153848 0.026442307692307692
0 0.6490384615384616 0.5192307692307693 0.03125 0.03125
0 0.4891826923076923 0.125 0.02403846153846154 0.026442307692307692
0 0.9014423076923077 0.11177884615384616 0.02403846153846154 0.03125
0 0.7475961538461539 0.04807692307692308 0.028846153846153848 0.036057692307692304
0 0.7403846153846154 0.010817307692307692 0.028846153846153848 0.021634615384615384
0 0.3389423076923077 0.10817307692307693 0.03365384615384615 0.03365384615384615
0 0.43990384615384615 0.17908653846153846 0.036057692307692304 0.038461538461538464
0 0.8269230769230769 0.48197115384615385 0.02403846153846154 0.026442307692307692
0 0.8581730769230769 0.5120192307692307 0.03125 0.026442307692307692
0 0.9038461538461539 0.5420673076923077 0.026442307692307692 0.036057692307692304
0 0.8040865384615384 0.7704326923076923 0.040865384615384616 0.04326923076923077
0 0.7415865384615384 0.7139423076923077 0.03125 0.038461538461538464
0 0.9302884615384616 0.4170673076923077 0.02403846153846154 0.036057692307692304
0 0.7211538461538461 0.8834134615384616 0.02403846153846154 0.026442307692307692
0 0.8353365384615384 0.09254807692307693 0.019230769230769232 0.021634615384615384
0 0.8581730769230769 0.10697115384615384 0.021634615384615384 0.028846153846153848
0 0.9891826923076923 0.6045673076923077 0.016826923076923076 0.03125
0 0.41586538461538464 0.5204326923076923 0.04567307692307692 0.04326923076923077