0 0.4723557692307692 0.5793269230769231 0.03365384615384615 0.03365384615384615
0 0.30408653846153844 0.8137019230769231 0.028846153846153848 0.03365384615384615
0 0.26802884615384615 0.6682692307692307 0.028846153846153848 0.026442307692307692
0 0.2403846153846154 0.5721153846153846 0.026442307692307692 0.038461538461538464
0 0.35216346153846156 0.546875 0.03365384615384615 0.038461538461538464
0 0.7307692307692307 0.5829326923076923 0.021634615384615384 0.028846153846153848
0 0.8786057692307693 0.06129807692307692 0.02403846153846154 0.028846153846153848
0 0.35336538461538464 0.44591346153846156 0.028846153846153848 0.02403846153846154
0 0.23317307692307693 0.3389423076923077 0.02403846153846154 0.028846153846153848
0 0.5132211538461539 0.24278846153846154 0.021634615384615384 0.02403846153846154
0 0.3401442307692308 0.6286057692307693 0.028846153846153848 0.028846153846153848
0 0.45072115384615385 0.24879807692307693 0.026442307692307692 0.03365384615384615
0 0.5901442307692307 0.36778846153846156 0.02403846153846154 0.028846153846153848
0 0.6814903846153846 0.31850961538461536 0.014423076923076924 0.036057692307692304
0 0.5432692307692307 0.29447115384615385 0.02403846153846154 0.036057692307692304
0 0.34615384615384615 0.14302884615384615 0.028846153846153848 0.026442307692307692
0 0.41466346153846156 0.21394230769230768 0.026442307692307692 0.03365384615384615
0 0.5889423076923077 0.24639423076923078 0.028846153846153848 0.03365384615384615
0 0.20192307692307693 0.05889423076923077 0.028846153846153848 0.038461538461538464
0 0.4230769230769231 0.04807692307692308 0.03365384615384615 0.02403846153846154
0 0.578125 0.018028846153846152 0.021634615384615384 0.028846153846153848
0 0.6177884615384616 0.040865384615384616 0.021634615384615384 0.02403846153846154
0 0.6574519230769231 0.015625 0.02403846153846154 0.021634615384615384
0 0.7620192307692307 0.02403846153846154 0.019230769230769232 0.028846153846153848
0 0.8305288461538461 0.027644230769230768 0.028846153846153848 0.026442307692307692
0 0.9242788461538461 0.43028846153846156 0.019230769230769232 0.02403846153846154
0 0.9314903846153846 0.7139423076923077 0.02403846153846154 0.03365384615384615
0 0.24278846153846154 0.8665865384615384 0.028846153846153848 0.036057692307692304
0 0.23677884615384615 0.921875 0.03365384615384615 0.03365384615384615
0 0.40384615384615385 0.9158653846153846 0.028846153846153848 0.026442307692307692
0 0.33052884615384615 0.9483173076923077 0.028846153846153848 0.02403846153846154
0 0.03245192307692308 0.9723557692307693 0.021634615384615384 0.02403846153846154
0 0.47115384615384615 0.9723557692307693 0.03365384615384615 0.03365384615384615
0 0.34134615384615385 0.9879807692307693 0.02403846153846154 0.021634615384615384
0 0.3173076923076923 0.859375 0.03365384615384615 0.02403846153846154
0 0.14543269230769232 0.7800480769230769 0.036057692307692304 0.026442307692307692
0 0.17427884615384615 0.9831730769230769 0.026442307692307692 0.028846153846153848
0 0.04807692307692308 0.7848557692307693 0.028846153846153848 0.02403846153846154
0 0.28966346153846156 0.5252403846153846 0.02403846153846154 0.019230769230769232
0 0.15985576923076922 0.5240384615384616 0.021634615384615384 0.03365384615384615
0 0.042067307692307696 0.6694711538461539 0.028846153846153848 0.03365384615384615
0 0.6117788461538461 0.6646634615384616 0.03365384615384615 0.03365384615384615
0 0.7764423076923077 0.5372596153846154 0.026442307692307692 0.028846153846153848
0 0.7067307692307693 0.36658653846153844 0.028846153846153848 0.036057692307692304
0 0.7367788461538461 0.44350961538461536 0.028846153846153848 0.03365384615384615
0 0.4795673076923077 0.7824519230769231 0.026442307692307692 0.026442307692307692
0 0.5084134615384616 0.6947115384615384 0.028846153846153848 0.03365384615384615
0 0.5829326923076923 0.5745192307692307 0.026442307692307692 0.021634615384615384
0 0.7536057692307693 0.5048076923076923 0.019230769230769232 0.028846153846153848
0 0.8725961538461539 0.46274038461538464 0.02403846153846154 0.021634615384615384
0 0.8870192307692307 0.31490384615384615 0.02403846153846154 0.02403846153846154
0 0.9459134615384616 0.03125 0.0673076923076923 0.04807692307692308
0 0.4026442307692308 0.8365384615384616 0.028846153846153848 0.03365384615384615
0 0.6730769230769231 0.8677884615384616 0.028846153846153848 0.021634615384615384
0 0.6995192307692307 0.5036057692307693 0.038461538461538464 0.03365384615384615
0 0.8112980769230769 0.5817307692307693 0.026442307692307692 0.038461538461538464
0 0.8052884615384616 0.6610576923076923 0.028846153846153848 0.02403846153846154
0 0.6850961538461539 0.6682692307692307 0.028846153846153848 0.019230769230769232
0 0.6730769230769231 0.7331730769230769 0.021634615384615384 0.028846153846153848
0 0.7632211538461539 0.7103365384615384 0.028846153846153848 0.028846153846153848
0 0.3786057692307692 0.3137019230769231 0.026442307692307692 0.03365384615384615
0 0.40384615384615385 0.3954326923076923 0.03365384615384615 0.03365384615384615
0 0.8064903846153846 0.4375 0.019230769230769232 0.019230769230769232
0 0.8257211538461539 0.28365384615384615 0.028846153846153848 0.026442307692307692
0 0.5769230769230769 0.0985576923076923 0.028846153846153848 0.028846153846153848
0 0.6177884615384616 0.11778846153846154 0.021634615384615384 0.028846153846153848
0 0.6201923076923077 0.41225961538461536 0.02403846153846154 0.03365384615384615
0 0.5288461538461539 0.9038461538461539 0.02403846153846154 0.028846153846153848
0 0.5552884615384616 0.9483173076923077 0.019230769230769232 0.019230769230769232
0 0.8521634615384616 0.9903846153846154 0.021634615384615384 0.016826923076923076
0 0.96875 0.8930288461538461 0.021634615384615384 0.02403846153846154
0 0.9855769230769231 0.5913461538461539 0.019230769230769232 0.026442307692307692
0 0.6790865384615384 0.1875 0.03365384615384615 0.028846153846153848
0 0.5276442307692307 0.4387019230769231 0.038461538461538464 0.026442307692307692
0 0.2512019230769231 0.4326923076923077 0.02403846153846154 0.02403846153846154
0 0.08533653846153846 0.6045673076923077 0.03365384615384615 0.028846153846153848
0 0.125 0.6887019230769231 0.03365384615384615 0.04326923076923077
0 0.2548076923076923 0.7283653846153846 0.03125 0.038461538461538464
0 0.296875 0.7175480769230769 0.02403846153846154 0.03365384615384615
0 0.3545673076923077 0.7019230769230769 0.038461538461538464 0.036057692307692304
0 0.6322115384615384 0.9627403846153846 0.026442307692307692 0.028846153846153848
0 0.8858173076923077 0.3870192307692308 0.021634615384615384 0.021634615384615384
0 0.8894230769230769 0.42427884615384615 0.02403846153846154 0.02403846153846154
0 0.8052884615384616 0.32211538461538464 0.019230769230769232 0.028846153846153848
0 0.7752403846153846 0.3401442307692308 0.026442307692307692 0.02403846153846154
0 0.6454326923076923 0.5372596153846154 0.028846153846153848 0.028846153846153848
0 0.5348557692307693 0.12620192307692307 0.019230769230769232 0.02403846153846154
0 0.9459134615384616 0.16346153846153846 0.019230769230769232 0.028846153846153848
0 0.8004807692307693 0.08173076923076923 0.02403846153846154 0.03365384615384615
0 0.7980769230769231 0.037259615384615384 0.02403846153846154 0.028846153846153848
0 0.38822115384615385 0.09134615384615384 0.028846153846153848 0.028846153846153848
0 0.4795673076923077 0.17427884615384615 0.03125 0.03365384615384615
0 0.8269230769230769 0.5216346153846154 0.021634615384615384 0.02403846153846154
0 0.8545673076923077 0.5552884615384616 0.028846153846153848 0.02403846153846154
0 0.8954326923076923 0.5913461538461539 0.021634615384615384 0.03365384615384615
0 0.7692307692307693 0.8052884615384616 0.036057692307692304 0.038461538461538464
0 0.7139423076923077 0.7415865384615384 0.026442307692307692 0.03365384615384615
0 0.9375 0.4699519230769231 0.019230769230769232 0.03365384615384615
0 0.6730769230769231 0.9074519230769231 0.019230769230769232 0.02403846153846154
0 0.8822115384615384 0.13581730769230768 0.016826923076923076 0.019230769230769232
0 0.9038461538461539 0.15384615384615385 0.019230769230769232 0.026442307692307692
0 0.9771634615384616 0.6622596153846154 0.021634615384615384 0.026442307692307692
0 0.41346153846153844 0.5096153846153846 0.040865384615384616 0.038461538461538464