0 0.46634615384615385 0.5769230769230769 0.036057692307692304 0.03365384615384615
0 0.2824519230769231 0.7992788461538461 0.028846153846153848 0.03365384615384615
0 0.25721153846153844 0.6514423076923077 0.03125 0.028846153846153848
0 0.23557692307692307 0.5540865384615384 0.028846153846153848 0.038461538461538464
0 0.34975961538461536 0.5360576923076923 0.038461538461538464 0.040865384615384616
0 0.7247596153846154 0.5985576923076923 0.02403846153846154 0.03125
0 0.9086538461538461 0.0889423076923077 0.026442307692307692 0.028846153846153848
0 0.35697115384615385 0.4362980769230769 0.03125 0.026442307692307692
0 0.24519230769230768 0.32091346153846156 0.026442307692307692 0.028846153846153848
0 0.53125 0.2439903846153846 0.02403846153846154 0.026442307692307692
0 0.3317307692307692 0.6165865384615384 0.028846153846153848 0.03125
0 0.46875 0.24639423076923078 0.028846153846153848 0.036057692307692304
0 0.5985576923076923 0.3737980769230769 0.02403846153846154 0.03125
0 0.6935096153846154 0.3317307692307692 0.019230769230769232 0.036057692307692304
0 0.5576923076923077 0.2980769230769231 0.028846153846153848 0.038461538461538464
0 0.3713942307692308 0.13341346153846154 0.028846153846153848 0.028846153846153848
0 0.43509615384615385 0.2091346153846154 0.028846153846153848 0.03365384615384615
0 0.6069711538461539 0.2536057692307692 0.03125 0.03365384615384615
0 0.23317307692307693 0.039663461538461536 0.03125 0.038461538461538464
0 0.4543269230769231 0.04326923076923077 0.036057692307692304 0.026442307692307692
0 0.6117788461538461 0.025240384615384616 0.02403846153846154 0.028846153846153848
0 0.6490384615384616 0.05048076923076923 0.02403846153846154 0.026442307692307692
0 0.6911057692307693 0.027644230769230768 0.026442307692307692 0.02403846153846154
0 0.7944711538461539 0.04326923076923077 0.021634615384615384 0.028846153846153848
0 0.8629807692307693 0.051682692307692304 0.03125 0.028846153846153848
0 0.9278846153846154 0.46033653846153844 0.021634615384615384 0.026442307692307692
0 0.9158653846153846 0.7439903846153846 0.026442307692307692 0.036057692307692304
0 0.21754807692307693 0.8473557692307693 0.03125 0.038461538461538464
0 0.20793269230769232 0.9026442307692307 0.03365384615384615 0.036057692307692304
0 0.375 0.9086538461538461 0.028846153846153848 0.028846153846153848
0 0.29927884615384615 0.9350961538461539 0.03125 0.026442307692307692
0 0.007211538461538462 0.9399038461538461 0.014423076923076924 0.028846153846153848
0 0.4387019230769231 0.96875 0.036057692307692304 0.036057692307692304
0 0.3076923076923077 0.9759615384615384 0.026442307692307692 0.02403846153846154
0 0.2932692307692308 0.8461538461538461 0.03365384615384615 0.026442307692307692
0 0.12620192307692307 0.7548076923076923 0.038461538461538464 0.028846153846153848
0 0.14182692307692307 0.9591346153846154 0.028846153846153848 0.03125
0 0.028846153846153848 0.7524038461538461 0.028846153846153848 0.026442307692307692
0 0.28846153846153844 0.5108173076923077 0.026442307692307692 0.021634615384615384
0 0.15865384615384615 0.5 0.02403846153846154 0.036057692307692304
0 0.03125 0.6370192307692307 0.03125 0.03365384615384615
0 0.5997596153846154 0.671875 0.036057692307692304 0.03365384615384615
0 0.7728365384615384 0.5564903846153846 0.028846153846153848 0.028846153846153848
0 0.7151442307692307 0.38100961538461536 0.03365384615384615 0.038461538461538464
0 0.7403846153846154 0.46033653846153844 0.03125 0.036057692307692304
0 0.46033653846153844 0.7800480769230769 0.028846153846153848 0.028846153846153848
0 0.4951923076923077 0.6947115384615384 0.03125 0.03365384615384615
0 0.578125 0.5805288461538461 0.028846153846153848 0.02403846153846154
0 0.7524038461538461 0.5228365384615384 0.021634615384615384 0.028846153846153848
0 0.8737980769230769 0.4891826923076923 0.026442307692307692 0.02403846153846154
0 0.8990384615384616 0.3425480769230769 0.02403846153846154 0.026442307692307692
0 0.96875 0.06370192307692307 0.057692307692307696 0.055288461538461536
0 0.3798076923076923 0.8293269230769231 0.028846153846153848 0.03365384615384615
0 0.6466346153846154 0.8786057692307693 0.028846153846153848 0.02403846153846154
0 0.6983173076923077 0.5180288461538461 0.038461538461538464 0.036057692307692304
0 0.8052884615384616 0.6033653846153846 0.028846153846153848 0.040865384615384616
0 0.7932692307692307 0.6814903846153846 0.03125 0.026442307692307692
0 0.6730769230769231 0.6802884615384616 0.03125 0.021634615384615384
0 0.65625 0.7451923076923077 0.02403846153846154 0.03125
0 0.7475961538461539 0.7283653846153846 0.028846153846153848 0.03125
0 0.3918269230769231 0.30528846153846156 0.028846153846153848 0.036057692307692304
0 0.4110576923076923 0.3894230769230769 0.03365384615384615 0.03365384615384615
0 0.8100961538461539 0.45913461538461536 0.019230769230769232 0.021634615384615384
0 0.8401442307692307 0.30649038461538464 0.028846153846153848 0.028846153846153848
0 0.6045673076923077 0.1045673076923077 0.028846153846153848 0.028846153846153848
0 0.6442307692307693 0.12740384615384615 0.02403846153846154 0.028846153846153848
0 0.6262019230769231 0.4206730769230769 0.02403846153846154 0.03365384615384615
0 0.5012019230769231 0.9050480769230769 0.026442307692307692 0.028846153846153848
0 0.5240384615384616 0.9507211538461539 0.021634615384615384 0.021634615384615384
0 0.9399038461538461 0.9242788461538461 0.02403846153846154 0.026442307692307692
0 0.9783653846153846 0.625 0.021634615384615384 0.028846153846153848
0 0.7007211538461539 0.20072115384615385 0.036057692307692304 0.03125
0 0.5324519230769231 0.4411057692307692 0.038461538461538464 0.028846153846153848
0 0.25600961538461536 0.41586538461538464 0.02403846153846154 0.026442307692307692
0 0.07932692307692307 0.5757211538461539 0.03365384615384615 0.03125
0 0.11298076923076923 0.6622596153846154 0.036057692307692304 0.04567307692307692
0 0.23918269230769232 0.7103365384615384 0.03365384615384615 0.038461538461538464
0 0.2824519230769231 0.703125 0.026442307692307692 0.036057692307692304
0 0.34134615384615385 0.6911057692307693 0.040865384615384616 0.038461538461538464
0 0.5997596153846154 0.9711538461538461 0.028846153846153848 0.03125
0 0.8930288461538461 0.41466346153846156 0.02403846153846154 0.02403846153846154
0 0.8942307692307693 0.4519230769230769 0.026442307692307692 0.026442307692307692
0 0.8173076923076923 0.34375 0.021634615384615384 0.028846153846153848
0 0.7860576923076923 0.359375 0.028846153846153848 0.026442307692307692
0 0.6430288461538461 0.546875 0.028846153846153848 0.028846153846153848
0 0.5612980769230769 0.12980769230769232 0.021634615384615384 0.026442307692307692
0 0.96875 0.19591346153846154 0.021634615384615384 0.03125
0 0.8293269230769231 0.10336538461538461 0.026442307692307692 0.036057692307692304
0 0.8293269230769231 0.05889423076923077 0.02403846153846154 0.03125
0 0.4170673076923077 0.08413461538461539 0.03125 0.03125
0 0.5024038461538461 0.17307692307692307 0.03365384615384615 0.036057692307692304
0 0.8245192307692307 0.5444711538461539 0.02403846153846154 0.026442307692307692
0 0.8497596153846154 0.5793269230769231 0.03125 0.026442307692307692
0 0.8882211538461539 0.6189903846153846 0.02403846153846154 0.036057692307692304
0 0.7475961538461539 0.8233173076923077 0.038461538461538464 0.04326923076923077
0 0.6971153846153846 0.7560096153846154 0.028846153846153848 0.036057692307692304
0 0.9387019230769231 0.5 0.021634615384615384 0.036057692307692304
0 0.6442307692307693 0.9182692307692307 0.021634615384615384 0.026442307692307692
0 0.90625 0.16346153846153846 0.019230769230769232 0.019230769230769232
0 0.9266826923076923 0.18269230769230768 0.021634615384615384 0.028846153846153848
0 0.9651442307692307 0.6947115384615384 0.02403846153846154 0.028846153846153848
0 0.41346153846153844 0.5036057692307693 0.04326923076923077 0.040865384615384616