1 0.17067307692307693 0.15144230769230768 0.038461538461538464 0.04807692307692308
1 0.21394230769230768 0.43149038461538464 0.019230769230769232 0.026442307692307692
1 0.28725961538461536 0.42788461538461536 0.021634615384615384 0.02403846153846154
1 0.3449519230769231 0.42908653846153844 0.026442307692307692 0.03125
1 0.3233173076923077 0.5841346153846154 0.016826923076923076 0.02403846153846154
1 0.3954326923076923 0.6430288461538461 0.028846153846153848 0.036057692307692304
1 0.28846153846153844 0.49759615384615385 0.014423076923076924 0.019230769230769232
1 0.39783653846153844 0.8040865384615384 0.016826923076923076 0.019230769230769232
1 0.41586538461538464 0.8137019230769231 0.01201923076923077 0.014423076923076924
1 0.4891826923076923 0.9134615384615384 0.014423076923076924 0.019230769230769232
1 0.23557692307692307 0.7524038461538461 0.03365384615384615 0.038461538461538464
1 0.4831730769230769 0.75 0.01201923076923077 0.016826923076923076
1 0.27403846153846156 0.5528846153846154 0.016826923076923076 0.019230769230769232
1 0.42788461538461536 0.5576923076923077 0.016826923076923076 0.019230769230769232
1 0.6862980769230769 0.5240384615384616 0.016826923076923076 0.02403846153846154
1 0.25240384615384615 0.2247596153846154 0.01201923076923077 0.016826923076923076