1 0.0673076923076923 0.2920673076923077 0.03365384615384615 0.04567307692307692
1 0.20793269230769232 0.5384615384615384 0.016826923076923076 0.026442307692307692
1 0.27524038461538464 0.5084134615384616 0.019230769230769232 0.02403846153846154
1 0.3293269230769231 0.49038461538461536 0.02403846153846154 0.028846153846153848
1 0.3641826923076923 0.6418269230769231 0.014423076923076924 0.02403846153846154
1 0.453125 0.671875 0.026442307692307692 0.036057692307692304
1 0.3016826923076923 0.5745192307692307 0.014423076923076924 0.019230769230769232
1 0.5132211538461539 0.8209134615384616 0.014423076923076924 0.019230769230769232
1 0.5336538461538461 0.8233173076923077 0.009615384615384616 0.01201923076923077
1 0.6382211538461539 0.8894230769230769 0.014423076923076924 0.019230769230769232
1 0.34375 0.8305288461538461 0.03125 0.036057692307692304
1 0.5733173076923077 0.7391826923076923 0.01201923076923077 0.014423076923076924
1 0.3088942307692308 0.6298076923076923 0.014423076923076924 0.019230769230769232
1 0.453125 0.5793269230769231 0.014423076923076924 0.019230769230769232
1 0.6826923076923077 0.45552884615384615 0.016826923076923076 0.02403846153846154
1 0.17067307692307693 0.3317307692307692 0.009615384615384616 0.014423076923076924