1 0.28125 0.6189903846153846 0.03125 0.05048076923076923
1 0.40625 0.5012019230769231 0.03125 0.052884615384615384
1 0.27403846153846156 0.47596153846153844 0.03365384615384615 0.04567307692307692
1 0.36778846153846156 0.31971153846153844 0.026442307692307692 0.03365384615384615
1 0.21033653846153846 0.4879807692307692 0.03125 0.04567307692307692
1 0.5612980769230769 0.3870192307692308 0.026442307692307692 0.04567307692307692
1 0.5288461538461539 0.2704326923076923 0.019230769230769232 0.03125
1 0.5673076923076923 0.13221153846153846 0.02403846153846154 0.038461538461538464
1 0.2439903846153846 0.27163461538461536 0.019230769230769232 0.026442307692307692
1 0.28846153846153844 0.78125 0.021634615384615384 0.04567307692307692
1 0.12620192307692307 0.49038461538461536 0.019230769230769232 0.036057692307692304
1 0.17427884615384615 0.5228365384615384 0.02403846153846154 0.036057692307692304
1 0.18870192307692307 0.36899038461538464 0.021634615384615384 0.026442307692307692
1 0.2512019230769231 0.4026442307692308 0.021634615384615384 0.03125
1 0.3088942307692308 0.44591346153846156 0.019230769230769232 0.03125
1 0.32091346153846156 0.4831730769230769 0.021634615384615384 0.03125
1 0.47115384615384615 0.15865384615384615 0.016826923076923076 0.026442307692307692
1 0.49278846153846156 0.17067307692307693 0.019230769230769232 0.028846153846153848
1 0.3425480769230769 0.3245192307692308 0.016826923076923076 0.026442307692307692
1 0.31490384615384615 0.3629807692307692 0.021634615384615384 0.028846153846153848
1 0.4362980769230769 0.2824519230769231 0.019230769230769232 0.028846153846153848
1 0.45913461538461536 0.3173076923076923 0.01201923076923077 0.014423076923076924
1 0.5228365384615384 0.3161057692307692 0.01201923076923077 0.019230769230769232
1 0.53125 0.3485576923076923 0.014423076923076924 0.021634615384615384
1 0.5625 0.3557692307692308 0.014423076923076924 0.019230769230769232
1 0.5961538461538461 0.3894230769230769 0.019230769230769232 0.03125
1 0.5564903846153846 0.578125 0.02403846153846154 0.04567307692307692
1 0.4831730769230769 0.4375 0.019230769230769232 0.03125
1 0.4987980769230769 0.5901442307692307 0.016826923076923076 0.021634615384615384
1 0.5288461538461539 0.5877403846153846 0.01201923076923077 0.019230769230769232
1 0.5961538461538461 0.21634615384615385 0.016826923076923076 0.026442307692307692
1 0.3894230769230769 0.14182692307692307 0.016826923076923076 0.02403846153846154
1 0.6105769230769231 0.1141826923076923 0.016826923076923076 0.02403846153846154
1 0.2932692307692308 0.2956730769230769 0.01201923076923077 0.016826923076923076
1 0.2800480769230769 0.19951923076923078 0.016826923076923076 0.026442307692307692
1 0.3581730769230769 0.25 0.016826923076923076 0.021634615384615384
1 0.5288461538461539 0.10576923076923077 0.016826923076923076 0.02403846153846154
1 0.6418269230769231 0.15625 0.016826923076923076 0.03125
1 0.5264423076923077 0.1935096153846154 0.01201923076923077 0.019230769230769232
1 0.4074519230769231 0.265625 0.014423076923076924 0.02403846153846154
1 0.46274038461538464 0.3605769230769231 0.014423076923076924 0.021634615384615384
1 0.47716346153846156 0.28966346153846156 0.016826923076923076 0.021634615384615384
1 0.49399038461538464 0.2980769230769231 0.014423076923076924 0.021634615384615384
1 0.4074519230769231 0.21634615384615385 0.016826923076923076 0.02403846153846154
1 0.5216346153846154 0.49038461538461536 0.016826923076923076 0.021634615384615384
1 0.5264423076923077 0.46033653846153844 0.016826923076923076 0.019230769230769232
1 0.5661057692307693 0.4206730769230769 0.016826923076923076 0.02403846153846154
1 0.25600961538461536 0.8846153846153846 0.009615384615384616 0.016826923076923076
1 0.27524038461538464 0.8677884615384616 0.016826923076923076 0.02403846153846154
1 0.4338942307692308 0.6586538461538461 0.014423076923076924 0.028846153846153848
1 0.484375 0.6466346153846154 0.014423076923076924 0.026442307692307692
1 0.44711538461538464 0.5997596153846154 0.016826923076923076 0.021634615384615384
1 0.35697115384615385 0.39302884615384615 0.014423076923076924 0.026442307692307692
1 0.3641826923076923 0.4519230769230769 0.016826923076923076 0.028846153846153848
1 0.4579326923076923 0.46033653846153844 0.016826923076923076 0.02403846153846154
1 0.4206730769230769 0.37259615384615385 0.01201923076923077 0.016826923076923076
1 0.3858173076923077 0.4495192307692308 0.01201923076923077 0.019230769230769232