1 0.27283653846153844 0.5997596153846154 0.03365384615384615 0.05048076923076923
1 0.40625 0.49278846153846156 0.03365384615384615 0.052884615384615384
1 0.2764423076923077 0.45552884615384615 0.038461538461538464 0.04807692307692308
1 0.38341346153846156 0.3088942307692308 0.028846153846153848 0.03365384615384615
1 0.2127403846153846 0.46274038461538464 0.036057692307692304 0.04807692307692308
1 0.5709134615384616 0.39302884615384615 0.028846153846153848 0.04567307692307692
1 0.5480769230769231 0.27403846153846156 0.021634615384615384 0.03125
1 0.5997596153846154 0.13942307692307693 0.026442307692307692 0.038461538461538464
1 0.265625 0.25 0.021634615384615384 0.026442307692307692
1 0.2644230769230769 0.7608173076923077 0.02403846153846154 0.04567307692307692
1 0.12860576923076922 0.4579326923076923 0.021634615384615384 0.036057692307692304
1 0.17307692307692307 0.4951923076923077 0.026442307692307692 0.038461538461538464
1 0.20072115384615385 0.3425480769230769 0.02403846153846154 0.028846153846153848
1 0.2608173076923077 0.38221153846153844 0.02403846153846154 0.03365384615384615
1 0.3137019230769231 0.43028846153846156 0.021634615384615384 0.03125
1 0.3233173076923077 0.4675480769230769 0.02403846153846154 0.03365384615384615
1 0.5012019230769231 0.15745192307692307 0.019230769230769232 0.026442307692307692
1 0.5216346153846154 0.17067307692307693 0.021634615384615384 0.028846153846153848
1 0.3581730769230769 0.3112980769230769 0.019230769230769232 0.026442307692307692
1 0.328125 0.3473557692307692 0.02403846153846154 0.03125
1 0.45552884615384615 0.2776442307692308 0.021634615384615384 0.028846153846153848
1 0.47475961538461536 0.3137019230769231 0.014423076923076924 0.014423076923076924
1 0.5396634615384616 0.31850961538461536 0.014423076923076924 0.019230769230769232
1 0.5444711538461539 0.35216346153846156 0.014423076923076924 0.021634615384615384
1 0.5745192307692307 0.36177884615384615 0.014423076923076924 0.019230769230769232
1 0.6045673076923077 0.39783653846153844 0.021634615384615384 0.03125
1 0.5504807692307693 0.5829326923076923 0.026442307692307692 0.04567307692307692
1 0.4891826923076923 0.4362980769230769 0.021634615384615384 0.03365384615384615
1 0.49038461538461536 0.5889423076923077 0.016826923076923076 0.02403846153846154
1 0.5216346153846154 0.5901442307692307 0.014423076923076924 0.019230769230769232
1 0.6201923076923077 0.22596153846153846 0.019230769230769232 0.026442307692307692
1 0.4206730769230769 0.13341346153846154 0.019230769230769232 0.026442307692307692
1 0.6430288461538461 0.125 0.019230769230769232 0.026442307692307692
1 0.3112980769230769 0.27884615384615385 0.01201923076923077 0.016826923076923076
1 0.30649038461538464 0.1814903846153846 0.019230769230769232 0.026442307692307692
1 0.3798076923076923 0.23798076923076922 0.019230769230769232 0.02403846153846154
1 0.5625 0.109375 0.019230769230769232 0.026442307692307692
1 0.671875 0.16947115384615385 0.019230769230769232 0.03125
1 0.5528846153846154 0.19591346153846154 0.014423076923076924 0.019230769230769232
1 0.42908653846153844 0.25841346153846156 0.016826923076923076 0.02403846153846154
1 0.47475961538461536 0.35697115384615385 0.016826923076923076 0.021634615384615384
1 0.4963942307692308 0.28846153846153844 0.016826923076923076 0.02403846153846154
1 0.5120192307692307 0.2980769230769231 0.014423076923076924 0.021634615384615384
1 0.4326923076923077 0.2091346153846154 0.019230769230769232 0.026442307692307692
1 0.5228365384615384 0.49278846153846156 0.016826923076923076 0.021634615384615384
1 0.5300480769230769 0.46274038461538464 0.016826923076923076 0.019230769230769232
1 0.5721153846153846 0.4266826923076923 0.019230769230769232 0.026442307692307692
1 0.22235576923076922 0.8617788461538461 0.009615384615384616 0.016826923076923076
1 0.2439903846153846 0.8461538461538461 0.019230769230769232 0.026442307692307692
1 0.4206730769230769 0.6514423076923077 0.016826923076923076 0.028846153846153848
1 0.47115384615384615 0.6454326923076923 0.016826923076923076 0.026442307692307692
1 0.4387019230769231 0.5949519230769231 0.019230769230769232 0.02403846153846154
1 0.36778846153846156 0.38100961538461536 0.016826923076923076 0.026442307692307692
1 0.36899038461538464 0.43990384615384615 0.019230769230769232 0.028846153846153848
1 0.46153846153846156 0.4567307692307692 0.019230769230769232 0.026442307692307692
1 0.4326923076923077 0.36538461538461536 0.01201923076923077 0.019230769230769232
1 0.390625 0.43990384615384615 0.014423076923076924 0.019230769230769232