0 0.07091346153846154 0.6081730769230769 0.057692307692307696 0.052884615384615384
0 0.17548076923076922 0.5625 0.036057692307692304 0.036057692307692304
0 0.25 0.5288461538461539 0.057692307692307696 0.06009615384615385
0 0.3125 0.6850961538461539 0.057692307692307696 0.07692307692307693
0 0.21033653846153846 0.6189903846153846 0.055288461538461536 0.040865384615384616
0 0.20192307692307693 0.6526442307692307 0.026442307692307692 0.019230769230769232
0 0.22716346153846154 0.6766826923076923 0.04567307692307692 0.036057692307692304
0 0.4338942307692308 0.5949519230769231 0.04567307692307692 0.04567307692307692
0 0.4411057692307692 0.6838942307692307 0.038461538461538464 0.036057692307692304
0 0.7752403846153846 0.4170673076923077 0.04326923076923077 0.038461538461538464
0 0.5336538461538461 0.8221153846153846 0.038461538461538464 0.03125