0 0.06370192307692307 0.5709134615384616 0.052884615384615384 0.04807692307692308
0 0.17067307692307693 0.5336538461538461 0.03365384615384615 0.03365384615384615
0 0.24759615384615385 0.5072115384615384 0.055288461538461536 0.057692307692307696
0 0.296875 0.6682692307692307 0.052884615384615384 0.07451923076923077
0 0.20072115384615385 0.59375 0.055288461538461536 0.038461538461538464
0 0.18990384615384615 0.6262019230769231 0.02403846153846154 0.016826923076923076
0 0.2127403846153846 0.6526442307692307 0.04326923076923077 0.03365384615384615
0 0.4266826923076923 0.5877403846153846 0.04326923076923077 0.04326923076923077
0 0.42427884615384615 0.6790865384615384 0.036057692307692304 0.03365384615384615
0 0.78125 0.4411057692307692 0.040865384615384616 0.036057692307692304
0 0.5048076923076923 0.8245192307692307 0.038461538461538464 0.028846153846153848