0 0.06610576923076923 0.5853365384615384 0.055288461538461536 0.05048076923076923
0 0.171875 0.5456730769230769 0.036057692307692304 0.036057692307692304
0 0.24879807692307693 0.515625 0.057692307692307696 0.057692307692307696
0 0.30288461538461536 0.6754807692307693 0.055288461538461536 0.07692307692307693
0 0.20432692307692307 0.6045673076923077 0.055288461538461536 0.038461538461538464
0 0.19471153846153846 0.6370192307692307 0.02403846153846154 0.019230769230769232
0 0.21754807692307693 0.6622596153846154 0.04326923076923077 0.03365384615384615
0 0.42908653846153844 0.5913461538461539 0.04326923076923077 0.04326923076923077
0 0.43149038461538464 0.6814903846153846 0.038461538461538464 0.036057692307692304
0 0.7788461538461539 0.43149038461538464 0.04326923076923077 0.036057692307692304
0 0.5168269230769231 0.8233173076923077 0.038461538461538464 0.028846153846153848