0 0.45913461538461536 0.7259615384615384 0.021634615384615384 0.038461538461538464
0 0.36658653846153844 0.39663461538461536 0.03365384615384615 0.038461538461538464
0 0.2848557692307692 0.4651442307692308 0.019230769230769232 0.03125
0 0.002403846153846154 0.33052884615384615 0.004807692307692308 0.021634615384615384
0 0.32091346153846156 0.640625 0.021634615384615384 0.021634615384615384
0 0.0985576923076923 0.6177884615384616 0.028846153846153848 0.028846153846153848
0 0.052884615384615384 0.46153846153846156 0.026442307692307692 0.036057692307692304
0 0.05048076923076923 0.34615384615384615 0.019230769230769232 0.03365384615384615
0 0.5480769230769231 0.3485576923076923 0.028846153846153848 0.03365384615384615
0 0.5625 0.21153846153846154 0.03125 0.03125
0 0.6454326923076923 0.10697115384615384 0.03125 0.036057692307692304
0 0.5492788461538461 0.39903846153846156 0.019230769230769232 0.019230769230769232
0 0.4723557692307692 0.7572115384615384 0.026442307692307692 0.028846153846153848
0 0.4266826923076923 0.6454326923076923 0.02403846153846154 0.028846153846153848
0 0.34975961538461536 0.71875 0.021634615384615384 0.026442307692307692
0 0.24879807692307693 0.18509615384615385 0.016826923076923076 0.019230769230769232
0 0.5060096153846154 0.5649038461538461 0.019230769230769232 0.028846153846153848
0 0.5961538461538461 0.5024038461538461 0.02403846153846154 0.02403846153846154
0 0.41346153846153844 0.5865384615384616 0.021634615384615384 0.026442307692307692
0 0.3798076923076923 0.4639423076923077 0.02403846153846154 0.026442307692307692
0 0.34375 0.3245192307692308 0.026442307692307692 0.028846153846153848
0 0.23197115384615385 0.24278846153846154 0.02403846153846154 0.03365384615384615
0 0.2403846153846154 0.08173076923076923 0.021634615384615384 0.02403846153846154
0 0.03125 0.12259615384615384 0.014423076923076924 0.021634615384615384
0 0.32572115384615385 0.8064903846153846 0.019230769230769232 0.019230769230769232
0 0.46274038461538464 0.6646634615384616 0.021634615384615384 0.021634615384615384
0 0.44711538461538464 0.5853365384615384 0.016826923076923076 0.019230769230769232
0 0.39663461538461536 0.7487980769230769 0.016826923076923076 0.021634615384615384
0 0.29927884615384615 0.5805288461538461 0.019230769230769232 0.019230769230769232
0 0.24278846153846154 0.4266826923076923 0.016826923076923076 0.014423076923076924
0 0.2608173076923077 0.23677884615384615 0.019230769230769232 0.028846153846153848
0 0.5024038461538461 0.7463942307692307 0.019230769230769232 0.03125
0 0.5769230769230769 0.5673076923076923 0.02403846153846154 0.03125
0 0.5480769230769231 0.5360576923076923 0.019230769230769232 0.019230769230769232
0 0.6033653846153846 0.36538461538461536 0.028846153846153848 0.03365384615384615
0 0.5072115384615384 0.21754807692307693 0.02403846153846154 0.03365384615384615
0 0.40024038461538464 0.7163461538461539 0.021634615384615384 0.02403846153846154
0 0.5252403846153846 0.7403846153846154 0.021634615384615384 0.026442307692307692
0 0.5516826923076923 0.7355769230769231 0.019230769230769232 0.02403846153846154
0 0.27884615384615385 0.3605769230769231 0.016826923076923076 0.02403846153846154
0 0.3762019230769231 0.22596153846153846 0.026442307692307692 0.03365384615384615
0 0.6646634615384616 0.31490384615384615 0.026442307692307692 0.02403846153846154
0 0.5360576923076923 0.6622596153846154 0.019230769230769232 0.026442307692307692
0 0.5588942307692307 0.5985576923076923 0.021634615384615384 0.026442307692307692
0 0.6201923076923077 0.6225961538461539 0.021634615384615384 0.026442307692307692
0 0.6730769230769231 0.5024038461538461 0.02403846153846154 0.03365384615384615
0 0.6646634615384616 0.36658653846153844 0.028846153846153848 0.03365384615384615
0 0.7271634615384616 0.2932692307692308 0.028846153846153848 0.028846153846153848
0 0.7367788461538461 0.23557692307692307 0.02403846153846154 0.021634615384615384
0 0.43028846153846156 0.45552884615384615 0.019230769230769232 0.019230769230769232
0 0.36778846153846156 0.5372596153846154 0.016826923076923076 0.019230769230769232
0 0.5012019230769231 0.6177884615384616 0.016826923076923076 0.016826923076923076
0 0.27283653846153844 0.7271634615384616 0.019230769230769232 0.019230769230769232
0 0.14783653846153846 0.5228365384615384 0.016826923076923076 0.019230769230769232
0 0.20072115384615385 0.47716346153846156 0.01201923076923077 0.019230769230769232
0 0.15625 0.5012019230769231 0.016826923076923076 0.019230769230769232
0 0.27403846153846156 0.65625 0.01201923076923077 0.021634615384615384
0 0.46274038461538464 0.6033653846153846 0.016826923076923076 0.019230769230769232
0 0.5048076923076923 0.6850961538461539 0.016826923076923076 0.02403846153846154
0 0.5420673076923077 0.7151442307692307 0.021634615384615384 0.019230769230769232
0 0.06129807692307692 0.1971153846153846 0.026442307692307692 0.028846153846153848
0 0.0625 0.14783653846153846 0.016826923076923076 0.021634615384615384
0 0.6706730769230769 0.41466346153846156 0.021634615384615384 0.021634615384615384
0 0.6430288461538461 0.7103365384615384 0.016826923076923076 0.026442307692307692
0 0.5528846153846154 0.4951923076923077 0.016826923076923076 0.021634615384615384
0 0.6189903846153846 0.5060096153846154 0.016826923076923076 0.021634615384615384
0 0.4855769230769231 0.007211538461538462 0.02403846153846154 0.014423076923076924
0 0.44591346153846156 0.7728365384615384 0.019230769230769232 0.028846153846153848
0 0.3485576923076923 0.8112980769230769 0.016826923076923076 0.019230769230769232