0 0.4026442307692308 0.7079326923076923 0.014423076923076924 0.038461538461538464
0 0.39783653846153844 0.36538461538461536 0.026442307692307692 0.03365384615384615
0 0.3004807692307692 0.4098557692307692 0.014423076923076924 0.03125
0 0.054086538461538464 0.20432692307692307 0.019230769230769232 0.014423076923076924
0 0.29086538461538464 0.5889423076923077 0.016826923076923076 0.019230769230769232
0 0.08173076923076923 0.5096153846153846 0.02403846153846154 0.02403846153846154
0 0.078125 0.3473557692307692 0.019230769230769232 0.03365384615384615
0 0.10576923076923077 0.234375 0.014423076923076924 0.03125
0 0.5853365384615384 0.36538461538461536 0.021634615384615384 0.028846153846153848
0 0.6346153846153846 0.23798076923076922 0.026442307692307692 0.026442307692307692
0 0.7427884615384616 0.15745192307692307 0.02403846153846154 0.03125
0 0.5733173076923077 0.41466346153846156 0.016826923076923076 0.016826923076923076
0 0.40625 0.7415865384615384 0.021634615384615384 0.02403846153846154
0 0.390625 0.6213942307692307 0.019230769230769232 0.026442307692307692
0 0.2980769230769231 0.671875 0.016826923076923076 0.02403846153846154
0 0.3389423076923077 0.1310096153846154 0.014423076923076924 0.016826923076923076
0 0.4891826923076923 0.5649038461538461 0.014423076923076924 0.026442307692307692
0 0.5925480769230769 0.5264423076923077 0.021634615384615384 0.019230769230769232
0 0.3942307692307692 0.5612980769230769 0.016826923076923076 0.02403846153846154
0 0.39302884615384615 0.4338942307692308 0.019230769230769232 0.02403846153846154
0 0.3942307692307692 0.28966346153846156 0.021634615384615384 0.02403846153846154
0 0.3076923076923077 0.1814903846153846 0.016826923076923076 0.03125
0 0.3581730769230769 0.028846153846153848 0.016826923076923076 0.021634615384615384
0 0.14543269230769232 0.014423076923076924 0.01201923076923077 0.019230769230769232
0 0.25240384615384615 0.75 0.014423076923076924 0.016826923076923076
0 0.421875 0.6490384615384616 0.016826923076923076 0.019230769230769232
0 0.4266826923076923 0.5685096153846154 0.014423076923076924 0.016826923076923076
0 0.33533653846153844 0.7139423076923077 0.014423076923076924 0.019230769230769232
0 0.2860576923076923 0.5264423076923077 0.016826923076923076 0.016826923076923076
0 0.2704326923076923 0.3629807692307692 0.014423076923076924 0.01201923076923077
0 0.33774038461538464 0.18389423076923078 0.014423076923076924 0.026442307692307692
0 0.4387019230769231 0.7379807692307693 0.014423076923076924 0.03125
0 0.5576923076923077 0.5853365384615384 0.016826923076923076 0.028846153846153848
0 0.5360576923076923 0.5480769230769231 0.016826923076923076 0.016826923076923076
0 0.6358173076923077 0.39663461538461536 0.021634615384615384 0.028846153846153848
0 0.5805288461538461 0.22956730769230768 0.019230769230769232 0.03125
0 0.3473557692307692 0.6838942307692307 0.016826923076923076 0.021634615384615384
0 0.46274038461538464 0.7379807692307693 0.016826923076923076 0.02403846153846154
0 0.4879807692307692 0.7415865384615384 0.014423076923076924 0.021634615384615384
0 0.32211538461538464 0.3076923076923077 0.014423076923076924 0.021634615384615384
0 0.45072115384615385 0.203125 0.019230769230769232 0.028846153846153848
0 0.7067307692307693 0.3641826923076923 0.021634615384615384 0.021634615384615384
0 0.49399038461538464 0.6658653846153846 0.014423076923076924 0.02403846153846154
0 0.53125 0.6105769230769231 0.016826923076923076 0.02403846153846154
0 0.5841346153846154 0.6490384615384616 0.016826923076923076 0.02403846153846154
0 0.6658653846153846 0.546875 0.016826923076923076 0.03125
0 0.6935096153846154 0.41346153846153844 0.021634615384615384 0.03125
0 0.7728365384615384 0.359375 0.02403846153846154 0.026442307692307692
0 0.796875 0.30528846153846156 0.019230769230769232 0.019230769230769232
0 0.44471153846153844 0.4387019230769231 0.016826923076923076 0.016826923076923076
0 0.3629807692307692 0.5024038461538461 0.014423076923076924 0.016826923076923076
0 0.4699519230769231 0.6141826923076923 0.014423076923076924 0.014423076923076924
0 0.22235576923076922 0.6610576923076923 0.014423076923076924 0.016826923076923076
0 0.15384615384615385 0.43149038461538464 0.01201923076923077 0.019230769230769232
0 0.21634615384615385 0.40024038461538464 0.009615384615384616 0.016826923076923076
0 0.16706730769230768 0.41225961538461536 0.01201923076923077 0.019230769230769232
0 0.24158653846153846 0.5925480769230769 0.009615384615384616 0.019230769230769232
0 0.4375 0.5901442307692307 0.014423076923076924 0.016826923076923076
0 0.4567307692307692 0.6790865384615384 0.01201923076923077 0.02403846153846154
0 0.4855769230769231 0.71875 0.019230769230769232 0.014423076923076924
0 0.15504807692307693 0.09375 0.021634615384615384 0.026442307692307692
0 0.16947115384615385 0.046875 0.01201923076923077 0.019230769230769232
0 0.6875 0.46153846153846156 0.016826923076923076 0.019230769230769232
0 0.5841346153846154 0.7403846153846154 0.01201923076923077 0.026442307692307692
0 0.5528846153846154 0.5096153846153846 0.014423076923076924 0.019230769230769232
0 0.6129807692307693 0.5372596153846154 0.014423076923076924 0.019230769230769232
0 0.6153846153846154 0.015625 0.019230769230769232 0.016826923076923076
0 0.37740384615384615 0.7487980769230769 0.014423076923076924 0.026442307692307692
0 0.27283653846153844 0.7620192307692307 0.01201923076923077 0.016826923076923076