0 0.375 0.6923076923076923 0.019230769230769232 0.038461538461538464
0 0.4170673076923077 0.35336538461538464 0.03125 0.038461538461538464
0 0.31490384615384615 0.38341346153846156 0.016826923076923076 0.03125
0 0.09975961538461539 0.14543269230769232 0.019230769230769232 0.016826923076923076
0 0.2800480769230769 0.5588942307692307 0.019230769230769232 0.021634615384615384
0 0.08413461538461539 0.45072115384615385 0.026442307692307692 0.026442307692307692
0 0.10336538461538461 0.28966346153846156 0.02403846153846154 0.036057692307692304
0 0.1466346153846154 0.18269230769230768 0.016826923076923076 0.03365384615384615
0 0.6033653846153846 0.3786057692307692 0.026442307692307692 0.03125
0 0.6694711538461539 0.25961538461538464 0.03125 0.03125
0 0.7884615384615384 0.19471153846153846 0.028846153846153848 0.03365384615384615
0 0.5853365384615384 0.4254807692307692 0.019230769230769232 0.019230769230769232
0 0.3737980769230769 0.7259615384615384 0.02403846153846154 0.026442307692307692
0 0.375 0.6057692307692307 0.021634615384615384 0.028846153846153848
0 0.2764423076923077 0.6418269230769231 0.019230769230769232 0.02403846153846154
0 0.3918269230769231 0.11177884615384616 0.016826923076923076 0.019230769230769232
0 0.4807692307692308 0.5625 0.016826923076923076 0.028846153846153848
0 0.5877403846153846 0.5396634615384616 0.02403846153846154 0.021634615384615384
0 0.3870192307692308 0.546875 0.019230769230769232 0.026442307692307692
0 0.4026442307692308 0.4206730769230769 0.021634615384615384 0.026442307692307692
0 0.42427884615384615 0.2776442307692308 0.02403846153846154 0.026442307692307692
0 0.35336538461538464 0.15745192307692307 0.021634615384615384 0.03125
0 0.4254807692307692 0.013221153846153846 0.019230769230769232 0.021634615384615384
0 0.21995192307692307 0.7139423076923077 0.016826923076923076 0.019230769230769232
0 0.4014423076923077 0.6370192307692307 0.019230769230769232 0.021634615384615384
0 0.4182692307692308 0.5576923076923077 0.016826923076923076 0.019230769230769232
0 0.30649038461538464 0.6887019230769231 0.016826923076923076 0.021634615384615384
0 0.28365384615384615 0.4963942307692308 0.019230769230769232 0.019230769230769232
0 0.2920673076923077 0.3317307692307692 0.016826923076923076 0.014423076923076924
0 0.38341346153846156 0.16346153846153846 0.019230769230769232 0.028846153846153848
0 0.4050480769230769 0.7271634615384616 0.016826923076923076 0.03125
0 0.5444711538461539 0.5925480769230769 0.021634615384615384 0.03125
0 0.5300480769230769 0.5516826923076923 0.019230769230769232 0.019230769230769232
0 0.6478365384615384 0.41586538461538464 0.026442307692307692 0.03125
0 0.6177884615384616 0.2439903846153846 0.021634615384615384 0.03365384615384615
0 0.3233173076923077 0.6610576923076923 0.019230769230769232 0.021634615384615384
0 0.42908653846153844 0.7307692307692307 0.019230769230769232 0.02403846153846154
0 0.45552884615384615 0.7379807692307693 0.016826923076923076 0.021634615384615384
0 0.34975961538461536 0.2848557692307692 0.016826923076923076 0.021634615384615384
0 0.49278846153846156 0.19951923076923078 0.02403846153846154 0.03125
0 0.7235576923076923 0.3942307692307692 0.02403846153846154 0.02403846153846154
0 0.4699519230769231 0.6634615384615384 0.016826923076923076 0.02403846153846154
0 0.515625 0.6141826923076923 0.019230769230769232 0.026442307692307692
0 0.5625 0.6598557692307693 0.019230769230769232 0.02403846153846154
0 0.6586538461538461 0.5697115384615384 0.021634615384615384 0.03125
0 0.7043269230769231 0.4411057692307692 0.026442307692307692 0.03365384615384615
0 0.7896634615384616 0.39903846153846156 0.026442307692307692 0.028846153846153848
0 0.8209134615384616 0.3485576923076923 0.021634615384615384 0.021634615384615384
0 0.453125 0.43149038461538464 0.019230769230769232 0.019230769230769232
0 0.3641826923076923 0.4831730769230769 0.016826923076923076 0.019230769230769232
0 0.4543269230769231 0.6081730769230769 0.014423076923076924 0.016826923076923076
0 0.20192307692307693 0.6201923076923077 0.016826923076923076 0.019230769230769232
0 0.16706730769230768 0.38341346153846156 0.014423076923076924 0.019230769230769232
0 0.23317307692307693 0.36177884615384615 0.01201923076923077 0.016826923076923076
0 0.18269230769230768 0.36658653846153844 0.014423076923076924 0.019230769230769232
0 0.23076923076923078 0.5564903846153846 0.01201923076923077 0.019230769230769232
0 0.4254807692307692 0.5805288461538461 0.016826923076923076 0.019230769230769232
0 0.4326923076923077 0.671875 0.014423076923076924 0.02403846153846154
0 0.45552884615384615 0.7139423076923077 0.019230769230769232 0.016826923076923076
0 0.21514423076923078 0.04927884615384615 0.026442307692307692 0.028846153846153848
0 0.23677884615384615 0.008413461538461538 0.016826923076923076 0.016826923076923076
0 0.6911057692307693 0.4879807692307692 0.019230769230769232 0.021634615384615384
0 0.5492788461538461 0.75 0.016826923076923076 0.026442307692307692
0 0.5504807692307693 0.5168269230769231 0.016826923076923076 0.021634615384615384
0 0.6069711538461539 0.5528846153846154 0.016826923076923076 0.019230769230769232
0 0.6814903846153846 0.036057692307692304 0.021634615384615384 0.019230769230769232
0 0.3449519230769231 0.7295673076923077 0.019230769230769232 0.026442307692307692
0 0.23918269230769232 0.7271634615384616 0.014423076923076924 0.019230769230769232