0 0.40865384615384615 0.19831730769230768 0.028846153846153848 0.019230769230769232
0 0.8149038461538461 0.7776442307692307 0.040865384615384616 0.03365384615384615
0 0.4891826923076923 0.5096153846153846 0.03125 0.021634615384615384
0 0.4266826923076923 0.8834134615384616 0.028846153846153848 0.021634615384615384
0 0.28125 0.90625 0.04807692307692308 0.028846153846153848
0 0.12139423076923077 0.32211538461538464 0.040865384615384616 0.026442307692307692
0 0.15745192307692307 0.8449519230769231 0.040865384615384616 0.026442307692307692
0 0.0625 0.7307692307692307 0.028846153846153848 0.016826923076923076
0 0.06971153846153846 0.5805288461538461 0.03365384615384615 0.02403846153846154
0 0.8557692307692307 0.36177884615384615 0.02403846153846154 0.02403846153846154
0 0.3293269230769231 0.30649038461538464 0.040865384615384616 0.021634615384615384
0 0.34615384615384615 0.5612980769230769 0.03125 0.026442307692307692
0 0.13581730769230768 0.5865384615384616 0.036057692307692304 0.026442307692307692
0 0.13221153846153846 0.703125 0.036057692307692304 0.03365384615384615
0 0.7524038461538461 0.3125 0.040865384615384616 0.038461538461538464
0 0.5048076923076923 0.042067307692307696 0.040865384615384616 0.019230769230769232
0 0.17908653846153846 0.22956730769230768 0.04326923076923077 0.028846153846153848
0 0.3016826923076923 0.6899038461538461 0.04807692307692308 0.040865384615384616
0 0.23076923076923078 0.038461538461538464 0.03365384615384615 0.028846153846153848
0 0.3293269230769231 0.3858173076923077 0.028846153846153848 0.021634615384615384