0 0.39903846153846156 0.20192307692307693 0.028846153846153848 0.016826923076923076
0 0.8245192307692307 0.7668269230769231 0.040865384615384616 0.03365384615384615
0 0.4891826923076923 0.5096153846153846 0.03125 0.021634615384615384
0 0.43990384615384615 0.8858173076923077 0.028846153846153848 0.021634615384615384
0 0.2956730769230769 0.9134615384615384 0.04567307692307692 0.026442307692307692
0 0.11538461538461539 0.33533653846153844 0.038461538461538464 0.026442307692307692
0 0.16947115384615385 0.8569711538461539 0.038461538461538464 0.026442307692307692
0 0.07091346153846154 0.7463942307692307 0.028846153846153848 0.016826923076923076
0 0.0733173076923077 0.5949519230769231 0.03365384615384615 0.02403846153846154
0 0.8497596153846154 0.34975961538461536 0.02403846153846154 0.02403846153846154
0 0.3233173076923077 0.3125 0.040865384615384616 0.021634615384615384
0 0.3473557692307692 0.5661057692307693 0.03125 0.02403846153846154
0 0.13942307692307693 0.5997596153846154 0.036057692307692304 0.026442307692307692
0 0.13942307692307693 0.7163461538461539 0.03365384615384615 0.03125
0 0.7451923076923077 0.30408653846153844 0.040865384615384616 0.038461538461538464
0 0.4879807692307692 0.042067307692307696 0.040865384615384616 0.016826923076923076
0 0.16947115384615385 0.24158653846153846 0.04326923076923077 0.028846153846153848
0 0.3088942307692308 0.6971153846153846 0.04807692307692308 0.038461538461538464
0 0.21514423076923078 0.04807692307692308 0.03365384615384615 0.028846153846153848
0 0.32572115384615385 0.3918269230769231 0.028846153846153848 0.019230769230769232