0 0.43509615384615385 0.19110576923076922 0.028846153846153848 0.019230769230769232
0 0.7896634615384616 0.8040865384615384 0.04326923076923077 0.036057692307692304
0 0.4879807692307692 0.5084134615384616 0.03125 0.02403846153846154
0 0.3942307692307692 0.8762019230769231 0.028846153846153848 0.02403846153846154
0 0.24639423076923078 0.8858173076923077 0.04807692307692308 0.03125
0 0.13822115384615385 0.28966346153846156 0.040865384615384616 0.028846153846153848
0 0.12860576923076922 0.8137019230769231 0.040865384615384616 0.028846153846153848
0 0.04447115384615385 0.6923076923076923 0.028846153846153848 0.019230769230769232
0 0.06490384615384616 0.5420673076923077 0.036057692307692304 0.026442307692307692
0 0.8665865384615384 0.39302884615384615 0.026442307692307692 0.026442307692307692
0 0.3473557692307692 0.2920673076923077 0.040865384615384616 0.026442307692307692
0 0.34134615384615385 0.546875 0.03365384615384615 0.028846153846153848
0 0.12980769230769232 0.5552884615384616 0.038461538461538464 0.028846153846153848
0 0.11538461538461539 0.6706730769230769 0.038461538461538464 0.036057692307692304
0 0.7680288461538461 0.33533653846153844 0.04326923076923077 0.040865384615384616
0 0.5444711538461539 0.04447115384615385 0.040865384615384616 0.021634615384615384
0 0.203125 0.203125 0.04326923076923077 0.03365384615384615
0 0.2860576923076923 0.671875 0.05048076923076923 0.04326923076923077
0 0.27283653846153844 0.016826923076923076 0.036057692307692304 0.03125
0 0.3401442307692308 0.3713942307692308 0.028846153846153848 0.021634615384615384