0 0.4326923076923077 0.6550480769230769 0.016826923076923076 0.021634615384615384
0 0.5228365384615384 0.8737980769230769 0.016826923076923076 0.019230769230769232
0 0.4795673076923077 0.4723557692307692 0.016826923076923076 0.026442307692307692
0 0.546875 0.7091346153846154 0.014423076923076924 0.021634615384615384
0 0.6165865384615384 0.625 0.014423076923076924 0.026442307692307692
0 0.6466346153846154 0.7019230769230769 0.014423076923076924 0.028846153846153848
0 0.46875 0.8401442307692307 0.01201923076923077 0.014423076923076924
0 0.49158653846153844 0.8389423076923077 0.016826923076923076 0.021634615384615384
0 0.5649038461538461 0.4879807692307692 0.014423076923076924 0.028846153846153848
0 0.10216346153846154 0.8581730769230769 0.009615384615384616 0.021634615384615384
0 0.4326923076923077 0.8257211538461539 0.009615384615384616 0.019230769230769232
0 0.5084134615384616 0.6213942307692307 0.016826923076923076 0.019230769230769232
0 0.5300480769230769 0.8088942307692307 0.019230769230769232 0.02403846153846154
0 0.3269230769230769 0.5192307692307693 0.016826923076923076 0.02403846153846154
0 0.25961538461538464 0.47475961538461536 0.01201923076923077 0.02403846153846154
0 0.140625 0.19110576923076922 0.009615384615384616 0.019230769230769232
0 0.05889423076923077 0.41466346153846156 0.009615384615384616 0.03125
0 0.1141826923076923 0.5985576923076923 0.009615384615384616 0.014423076923076924
0 0.06370192307692307 0.4699519230769231 0.014423076923076924 0.021634615384615384
0 0.8990384615384616 0.31009615384615385 0.01201923076923077 0.01201923076923077
0 0.9350961538461539 0.2091346153846154 0.014423076923076924 0.026442307692307692
0 0.90625 0.9579326923076923 0.014423076923076924 0.016826923076923076