0 0.43028846153846156 0.6538461538461539 0.016826923076923076 0.021634615384615384
0 0.515625 0.8737980769230769 0.016826923076923076 0.019230769230769232
0 0.4807692307692308 0.47115384615384615 0.016826923076923076 0.026442307692307692
0 0.5432692307692307 0.7091346153846154 0.014423076923076924 0.021634615384615384
0 0.6141826923076923 0.6262019230769231 0.014423076923076924 0.026442307692307692
0 0.6430288461538461 0.7043269230769231 0.014423076923076924 0.028846153846153848
0 0.46274038461538464 0.8401442307692307 0.01201923076923077 0.014423076923076924
0 0.4855769230769231 0.8389423076923077 0.016826923076923076 0.021634615384615384
0 0.5649038461538461 0.4891826923076923 0.014423076923076924 0.028846153846153848
0 0.09615384615384616 0.8509615384615384 0.009615384615384616 0.021634615384615384
0 0.42788461538461536 0.8245192307692307 0.009615384615384616 0.019230769230769232
0 0.5060096153846154 0.6213942307692307 0.016826923076923076 0.019230769230769232
0 0.5252403846153846 0.8100961538461539 0.019230769230769232 0.02403846153846154
0 0.3269230769230769 0.5168269230769231 0.016826923076923076 0.02403846153846154
0 0.2608173076923077 0.4699519230769231 0.01201923076923077 0.02403846153846154
0 0.14543269230769232 0.18509615384615385 0.009615384615384616 0.019230769230769232
0 0.06129807692307692 0.40625 0.009615384615384616 0.03125
0 0.11177884615384616 0.5925480769230769 0.009615384615384616 0.014423076923076924
0 0.06370192307692307 0.46153846153846156 0.014423076923076924 0.021634615384615384
0 0.9014423076923077 0.3173076923076923 0.01201923076923077 0.01201923076923077
0 0.9399038461538461 0.21754807692307693 0.014423076923076924 0.026442307692307692
0 0.8978365384615384 0.9651442307692307 0.014423076923076924 0.016826923076923076