0 0.4387019230769231 0.6574519230769231 0.019230769230769232 0.021634615384615384
0 0.5360576923076923 0.8725961538461539 0.016826923076923076 0.019230769230769232
0 0.47836538461538464 0.4723557692307692 0.019230769230769232 0.026442307692307692
0 0.5540865384615384 0.7067307692307693 0.014423076923076924 0.021634615384615384
0 0.6201923076923077 0.6201923076923077 0.014423076923076924 0.026442307692307692
0 0.6538461538461539 0.6959134615384616 0.014423076923076924 0.028846153846153848
0 0.4807692307692308 0.8413461538461539 0.01201923076923077 0.014423076923076924
0 0.5036057692307693 0.8389423076923077 0.019230769230769232 0.021634615384615384
0 0.5637019230769231 0.4855769230769231 0.014423076923076924 0.028846153846153848
0 0.11538461538461539 0.8713942307692307 0.01201923076923077 0.021634615384615384
0 0.44471153846153844 0.828125 0.009615384615384616 0.019230769230769232
0 0.5120192307692307 0.6213942307692307 0.019230769230769232 0.019230769230769232
0 0.5408653846153846 0.8076923076923077 0.019230769230769232 0.02403846153846154
0 0.328125 0.5252403846153846 0.019230769230769232 0.02403846153846154
0 0.25961538461538464 0.4831730769230769 0.014423076923076924 0.02403846153846154
0 0.12980769230769232 0.20432692307692307 0.01201923076923077 0.019230769230769232
0 0.056490384615384616 0.43028846153846156 0.01201923076923077 0.03125
0 0.11778846153846154 0.6117788461538461 0.009615384615384616 0.014423076923076924
0 0.0625 0.484375 0.014423076923076924 0.021634615384615384
0 0.8918269230769231 0.296875 0.01201923076923077 0.01201923076923077
0 0.9242788461538461 0.19471153846153846 0.014423076923076924 0.026442307692307692
0 0.921875 0.9435096153846154 0.014423076923076924 0.016826923076923076