1 0.31971153846153844 0.2920673076923077 0.021634615384615384 0.026442307692307692
1 0.44350961538461536 0.34615384615384615 0.016826923076923076 0.021634615384615384
1 0.4110576923076923 0.41586538461538464 0.021634615384615384 0.026442307692307692
1 0.6274038461538461 0.4254807692307692 0.021634615384615384 0.026442307692307692
1 0.6971153846153846 0.37259615384615385 0.016826923076923076 0.026442307692307692
1 0.6983173076923077 0.41947115384615385 0.021634615384615384 0.03125
1 0.27283653846153844 0.4699519230769231 0.038461538461538464 0.04807692307692308
1 0.4266826923076923 0.5480769230769231 0.016826923076923076 0.021634615384615384
1 0.5 0.4795673076923077 0.02403846153846154 0.02403846153846154
1 0.4855769230769231 0.6454326923076923 0.016826923076923076 0.021634615384615384
1 0.5997596153846154 0.5552884615384616 0.019230769230769232 0.021634615384615384
1 0.5745192307692307 0.4675480769230769 0.019230769230769232 0.03125
1 0.41466346153846156 0.4735576923076923 0.014423076923076924 0.019230769230769232
1 0.4699519230769231 0.5048076923076923 0.014423076923076924 0.019230769230769232
1 0.44471153846153844 0.49759615384615385 0.016826923076923076 0.021634615384615384
1 0.44711538461538464 0.43990384615384615 0.014423076923076924 0.019230769230769232
1 0.47115384615384615 0.5492788461538461 0.016826923076923076 0.026442307692307692
1 0.6466346153846154 0.5697115384615384 0.01201923076923077 0.014423076923076924
1 0.36899038461538464 0.5132211538461539 0.014423076923076924 0.016826923076923076
1 0.6021634615384616 0.34134615384615385 0.019230769230769232 0.02403846153846154
1 0.4807692307692308 0.4423076923076923 0.014423076923076924 0.019230769230769232
1 0.5492788461538461 0.3004807692307692 0.016826923076923076 0.021634615384615384
1 0.3713942307692308 0.421875 0.009615384615384616 0.01201923076923077
1 0.43990384615384615 0.6129807692307693 0.01201923076923077 0.01201923076923077
1 0.47596153846153844 0.5805288461538461 0.014423076923076924 0.014423076923076924
1 0.3233173076923077 0.5997596153846154 0.014423076923076924 0.02403846153846154
1 0.53125 0.6033653846153846 0.019230769230769232 0.019230769230769232
1 0.5300480769230769 0.6634615384615384 0.016826923076923076 0.019230769230769232
1 0.34615384615384615 0.48677884615384615 0.016826923076923076 0.021634615384615384
1 0.5588942307692307 0.4326923076923077 0.019230769230769232 0.021634615384615384
1 0.6274038461538461 0.49759615384615385 0.014423076923076924 0.019230769230769232
1 0.6153846153846154 0.5108173076923077 0.01201923076923077 0.014423076923076924
1 0.6610576923076923 0.5300480769230769 0.01201923076923077 0.014423076923076924
1 0.6298076923076923 0.53125 0.01201923076923077 0.014423076923076924
1 0.49399038461538464 0.5144230769230769 0.021634615384615384 0.02403846153846154
1 0.453125 0.5300480769230769 0.01201923076923077 0.014423076923076924
1 0.4230769230769231 0.2692307692307692 0.016826923076923076 0.019230769230769232
1 0.4230769230769231 0.3137019230769231 0.014423076923076924 0.019230769230769232
1 0.7740384615384616 0.4579326923076923 0.019230769230769232 0.02403846153846154
1 0.609375 0.6442307692307693 0.019230769230769232 0.016826923076923076
1 0.6069711538461539 0.6045673076923077 0.01201923076923077 0.014423076923076924
1 0.5564903846153846 0.5348557692307693 0.014423076923076924 0.021634615384615384
1 0.47836538461538464 0.33774038461538464 0.016826923076923076 0.019230769230769232
1 0.5108173076923077 0.31971153846153844 0.019230769230769232 0.021634615384615384
1 0.42788461538461536 0.5769230769230769 0.01201923076923077 0.014423076923076924