1 0.3798076923076923 0.25240384615384615 0.021634615384615384 0.026442307692307692
1 0.484375 0.33653846153846156 0.014423076923076924 0.021634615384615384
1 0.4362980769230769 0.3954326923076923 0.021634615384615384 0.026442307692307692
1 0.6430288461538461 0.46033653846153844 0.021634615384615384 0.026442307692307692
1 0.7235576923076923 0.42788461538461536 0.016826923076923076 0.026442307692307692
1 0.7127403846153846 0.4735576923076923 0.021634615384615384 0.03125
1 0.28846153846153844 0.41225961538461536 0.038461538461538464 0.04807692307692308
1 0.4170673076923077 0.5276442307692307 0.016826923076923076 0.021634615384615384
1 0.5048076923076923 0.4795673076923077 0.02403846153846154 0.02403846153846154
1 0.4483173076923077 0.6370192307692307 0.016826923076923076 0.021634615384615384
1 0.5817307692307693 0.5793269230769231 0.019230769230769232 0.021634615384615384
1 0.5805288461538461 0.4879807692307692 0.016826923076923076 0.03125
1 0.42427884615384615 0.4519230769230769 0.014423076923076924 0.019230769230769232
1 0.4699519230769231 0.49759615384615385 0.014423076923076924 0.019230769230769232
1 0.44711538461538464 0.484375 0.014423076923076924 0.021634615384615384
1 0.4639423076923077 0.42788461538461536 0.014423076923076924 0.019230769230769232
1 0.46033653846153844 0.5396634615384616 0.016826923076923076 0.026442307692307692
1 0.6237980769230769 0.6045673076923077 0.01201923076923077 0.01201923076923077
1 0.36899038461538464 0.4795673076923077 0.014423076923076924 0.016826923076923076
1 0.640625 0.37259615384615385 0.019230769230769232 0.02403846153846154
1 0.4963942307692308 0.4387019230769231 0.014423076923076924 0.019230769230769232
1 0.5997596153846154 0.31971153846153844 0.014423076923076924 0.021634615384615384
1 0.3954326923076923 0.3918269230769231 0.009615384615384616 0.01201923076923077
1 0.41225961538461536 0.59375 0.009615384615384616 0.009615384615384616
1 0.45552884615384615 0.5721153846153846 0.014423076923076924 0.014423076923076924
1 0.30408653846153844 0.5504807692307693 0.014423076923076924 0.02403846153846154
1 0.5036057692307693 0.6081730769230769 0.019230769230769232 0.019230769230769232
1 0.48677884615384615 0.6658653846153846 0.016826923076923076 0.019230769230769232
1 0.3545673076923077 0.44711538461538464 0.014423076923076924 0.021634615384615384
1 0.5745192307692307 0.4495192307692308 0.019230769230769232 0.021634615384615384
1 0.6237980769230769 0.53125 0.014423076923076924 0.019230769230769232
1 0.609375 0.5396634615384616 0.01201923076923077 0.014423076923076924
1 0.6478365384615384 0.5697115384615384 0.01201923076923077 0.014423076923076924
1 0.6165865384615384 0.5637019230769231 0.01201923076923077 0.014423076923076924
1 0.49038461538461536 0.5120192307692307 0.021634615384615384 0.02403846153846154
1 0.44711538461538464 0.5168269230769231 0.01201923076923077 0.01201923076923077
1 0.4855769230769231 0.25721153846153844 0.016826923076923076 0.019230769230769232
1 0.4735576923076923 0.3004807692307692 0.014423076923076924 0.019230769230769232
1 0.7764423076923077 0.5300480769230769 0.019230769230769232 0.02403846153846154
1 0.5673076923076923 0.6670673076923077 0.019230769230769232 0.016826923076923076
1 0.5757211538461539 0.6298076923076923 0.01201923076923077 0.01201923076923077
1 0.5456730769230769 0.5480769230769231 0.014423076923076924 0.021634615384615384
1 0.5216346153846154 0.33774038461538464 0.016826923076923076 0.019230769230769232
1 0.5576923076923077 0.3293269230769231 0.019230769230769232 0.021634615384615384
1 0.4110576923076923 0.5552884615384616 0.01201923076923077 0.014423076923076924