1 0.3713942307692308 0.25721153846153844 0.021634615384615384 0.026442307692307692
1 0.4795673076923077 0.33774038461538464 0.014423076923076924 0.019230769230769232
1 0.4326923076923077 0.39783653846153844 0.021634615384615384 0.026442307692307692
1 0.6418269230769231 0.45552884615384615 0.019230769230769232 0.026442307692307692
1 0.7199519230769231 0.4206730769230769 0.014423076923076924 0.02403846153846154
1 0.7115384615384616 0.46634615384615385 0.021634615384615384 0.03125
1 0.2848557692307692 0.41947115384615385 0.036057692307692304 0.04807692307692308
1 0.4182692307692308 0.5300480769230769 0.016826923076923076 0.019230769230769232
1 0.5036057692307693 0.4795673076923077 0.02403846153846154 0.02403846153846154
1 0.453125 0.6382211538461539 0.016826923076923076 0.019230769230769232
1 0.5853365384615384 0.5757211538461539 0.019230769230769232 0.021634615384615384
1 0.5793269230769231 0.4855769230769231 0.016826923076923076 0.028846153846153848
1 0.4230769230769231 0.4543269230769231 0.014423076923076924 0.016826923076923076
1 0.4699519230769231 0.4987980769230769 0.014423076923076924 0.016826923076923076
1 0.44711538461538464 0.4855769230769231 0.014423076923076924 0.019230769230769232
1 0.46153846153846156 0.42908653846153844 0.014423076923076924 0.016826923076923076
1 0.46153846153846156 0.5408653846153846 0.016826923076923076 0.02403846153846154
1 0.6274038461538461 0.6009615384615384 0.009615384615384616 0.01201923076923077
1 0.36899038461538464 0.4831730769230769 0.014423076923076924 0.014423076923076924
1 0.6358173076923077 0.36778846153846156 0.019230769230769232 0.02403846153846154
1 0.49399038461538464 0.4387019230769231 0.014423076923076924 0.016826923076923076
1 0.59375 0.3161057692307692 0.014423076923076924 0.019230769230769232
1 0.3918269230769231 0.3954326923076923 0.009615384615384616 0.01201923076923077
1 0.41586538461538464 0.5961538461538461 0.009615384615384616 0.009615384615384616
1 0.45913461538461536 0.5733173076923077 0.01201923076923077 0.01201923076923077
1 0.30528846153846156 0.5576923076923077 0.014423076923076924 0.021634615384615384
1 0.5072115384615384 0.6081730769230769 0.019230769230769232 0.019230769230769232
1 0.49278846153846156 0.6658653846153846 0.016826923076923076 0.016826923076923076
1 0.35336538461538464 0.4519230769230769 0.014423076923076924 0.019230769230769232
1 0.5721153846153846 0.44711538461538464 0.019230769230769232 0.021634615384615384
1 0.6237980769230769 0.5264423076923077 0.014423076923076924 0.016826923076923076
1 0.6105769230769231 0.5360576923076923 0.01201923076923077 0.014423076923076924
1 0.6502403846153846 0.5649038461538461 0.01201923076923077 0.014423076923076924
1 0.6189903846153846 0.5600961538461539 0.01201923076923077 0.014423076923076924
1 0.49038461538461536 0.5120192307692307 0.021634615384615384 0.02403846153846154
1 0.4483173076923077 0.5180288461538461 0.009615384615384616 0.01201923076923077
1 0.47596153846153844 0.25841346153846156 0.016826923076923076 0.016826923076923076
1 0.46634615384615385 0.3016826923076923 0.014423076923076924 0.016826923076923076
1 0.7764423076923077 0.5204326923076923 0.019230769230769232 0.02403846153846154
1 0.5733173076923077 0.6646634615384616 0.016826923076923076 0.016826923076923076
1 0.5805288461538461 0.6262019230769231 0.009615384615384616 0.01201923076923077
1 0.5480769230769231 0.546875 0.014423076923076924 0.019230769230769232
1 0.515625 0.33774038461538464 0.016826923076923076 0.016826923076923076
1 0.5516826923076923 0.3269230769230769 0.019230769230769232 0.021634615384615384
1 0.41225961538461536 0.5588942307692307 0.01201923076923077 0.014423076923076924