0 0.6298076923076923 0.7079326923076923 0.014423076923076924 0.014423076923076924
0 0.47115384615384615 0.16466346153846154 0.02403846153846154 0.014423076923076924
0 0.4543269230769231 0.5408653846153846 0.02403846153846154 0.019230769230769232
0 0.3762019230769231 0.48197115384615385 0.019230769230769232 0.01201923076923077
0 0.5961538461538461 0.4987980769230769 0.02403846153846154 0.02403846153846154
0 0.5528846153846154 0.7055288461538461 0.021634615384615384 0.014423076923076924
0 0.6021634615384616 0.7716346153846154 0.02403846153846154 0.009615384615384616
0 0.5985576923076923 0.8088942307692307 0.014423076923076924 0.019230769230769232
0 0.359375 0.23798076923076922 0.01201923076923077 0.014423076923076924
0 0.5012019230769231 0.6983173076923077 0.014423076923076924 0.01201923076923077
0 0.4579326923076923 0.6694711538461539 0.019230769230769232 0.009615384615384616
0 0.47836538461538464 0.7283653846153846 0.014423076923076924 0.019230769230769232
0 0.5649038461538461 0.6213942307692307 0.014423076923076924 0.014423076923076924
0 0.6201923076923077 0.6117788461538461 0.019230769230769232 0.014423076923076924
0 0.44350961538461536 0.265625 0.019230769230769232 0.014423076923076924
0 0.2860576923076923 0.24759615384615385 0.019230769230769232 0.019230769230769232
0 0.5432692307692307 0.6394230769230769 0.014423076923076924 0.021634615384615384
0 0.5588942307692307 0.5793269230769231 0.028846153846153848 0.014423076923076924
0 0.6694711538461539 0.7824519230769231 0.014423076923076924 0.02403846153846154
0 0.5877403846153846 0.7127403846153846 0.019230769230769232 0.02403846153846154
0 0.5961538461538461 0.6814903846153846 0.02403846153846154 0.019230769230769232
0 0.42427884615384615 0.38100961538461536 0.014423076923076924 0.019230769230769232
0 0.5252403846153846 0.5 0.01201923076923077 0.014423076923076924
0 0.45072115384615385 0.6394230769230769 0.019230769230769232 0.021634615384615384
0 0.6454326923076923 0.6382211538461539 0.021634615384615384 0.02403846153846154
0 0.5625 0.6670673076923077 0.019230769230769232 0.019230769230769232
0 0.7319711538461539 0.6514423076923077 0.014423076923076924 0.019230769230769232
0 0.7920673076923077 0.6622596153846154 0.014423076923076924 0.014423076923076924
0 0.7560096153846154 0.6370192307692307 0.02403846153846154 0.02403846153846154
0 0.5228365384615384 0.7355769230769231 0.014423076923076924 0.014423076923076924
0 0.5168269230769231 0.6045673076923077 0.014423076923076924 0.014423076923076924
0 0.5216346153846154 0.5649038461538461 0.014423076923076924 0.014423076923076924
0 0.8028846153846154 0.7067307692307693 0.014423076923076924 0.02403846153846154
0 0.32091346153846156 0.3293269230769231 0.019230769230769232 0.014423076923076924
0 0.375 0.6177884615384616 0.014423076923076924 0.02403846153846154
0 0.31009615384615385 0.3605769230769231 0.02403846153846154 0.009615384615384616
0 0.25961538461538464 0.4026442307692308 0.019230769230769232 0.019230769230769232
0 0.4110576923076923 0.4338942307692308 0.009615384615384616 0.02403846153846154
0 0.2920673076923077 0.6069711538461539 0.014423076923076924 0.019230769230769232
0 0.5829326923076923 0.8401442307692307 0.019230769230769232 0.019230769230769232
0 0.6814903846153846 0.7079326923076923 0.014423076923076924 0.009615384615384616
0 0.6658653846153846 0.7451923076923077 0.014423076923076924 0.014423076923076924
0 0.3076923076923077 0.4951923076923077 0.01201923076923077 0.014423076923076924
0 0.24759615384615385 0.33774038461538464 0.014423076923076924 0.019230769230769232
0 0.6826923076923077 0.8088942307692307 0.019230769230769232 0.014423076923076924
0 0.6370192307692307 0.47596153846153844 0.021634615384615384 0.019230769230769232
0 0.4206730769230769 0.3473557692307692 0.02403846153846154 0.014423076923076924
0 0.24879807692307693 0.3737980769230769 0.019230769230769232 0.014423076923076924
0 0.18629807692307693 0.5997596153846154 0.014423076923076924 0.014423076923076924
0 0.21514423076923078 0.5649038461538461 0.009615384615384616 0.014423076923076924
0 0.18629807692307693 0.5528846153846154 0.019230769230769232 0.009615384615384616
0 0.5276442307692307 0.8100961538461539 0.019230769230769232 0.014423076923076924
0 0.40865384615384615 0.6274038461538461 0.014423076923076924 0.01201923076923077
0 0.765625 0.7956730769230769 0.019230769230769232 0.014423076923076924
0 0.5132211538461539 0.44350961538461536 0.009615384615384616 0.019230769230769232
0 0.49399038461538464 0.3701923076923077 0.028846153846153848 0.014423076923076924
0 0.32572115384615385 0.5649038461538461 0.019230769230769232 0.014423076923076924
0 0.15264423076923078 0.5180288461538461 0.009615384615384616 0.019230769230769232
0 0.3425480769230769 0.5925480769230769 0.014423076923076924 0.019230769230769232
0 0.7055288461538461 0.75 0.009615384615384616 0.02403846153846154
0 0.6201923076923077 0.6418269230769231 0.019230769230769232 0.01201923076923077
0 0.6802884615384616 0.6370192307692307 0.019230769230769232 0.019230769230769232
0 0.6598557692307693 0.5228365384615384 0.014423076923076924 0.01201923076923077
0 0.5769230769230769 0.453125 0.014423076923076924 0.02403846153846154
0 0.39903846153846156 0.5048076923076923 0.021634615384615384 0.019230769230769232
0 0.25841346153846156 0.5180288461538461 0.02403846153846154 0.014423076923076924
0 0.22596153846153846 0.4951923076923077 0.014423076923076924 0.01201923076923077
0 0.27884615384615385 0.4411057692307692 0.014423076923076924 0.014423076923076924
0 0.2548076923076923 0.46274038461538464 0.014423076923076924 0.014423076923076924
0 0.18990384615384615 0.45072115384615385 0.01201923076923077 0.009615384615384616
0 0.14903846153846154 0.47115384615384615 0.014423076923076924 0.02403846153846154
0 0.6574519230769231 0.6947115384615384 0.014423076923076924 0.019230769230769232