0 0.6334134615384616 0.7055288461538461 0.016826923076923076 0.016826923076923076
0 0.4651442307692308 0.16466346153846154 0.026442307692307692 0.014423076923076924
0 0.45552884615384615 0.5420673076923077 0.026442307692307692 0.019230769230769232
0 0.3762019230769231 0.484375 0.019230769230769232 0.01201923076923077
0 0.5961538461538461 0.49759615384615385 0.026442307692307692 0.026442307692307692
0 0.5564903846153846 0.7043269230769231 0.021634615384615384 0.014423076923076924
0 0.6069711538461539 0.7692307692307693 0.02403846153846154 0.009615384615384616
0 0.6033653846153846 0.8076923076923077 0.016826923076923076 0.019230769230769232
0 0.3545673076923077 0.2403846153846154 0.01201923076923077 0.016826923076923076
0 0.5048076923076923 0.6983173076923077 0.014423076923076924 0.01201923076923077
0 0.46033653846153844 0.6706730769230769 0.019230769230769232 0.01201923076923077
0 0.48197115384615385 0.7283653846153846 0.016826923076923076 0.019230769230769232
0 0.5673076923076923 0.6201923076923077 0.016826923076923076 0.016826923076923076
0 0.6225961538461539 0.609375 0.019230769230769232 0.014423076923076924
0 0.43990384615384615 0.2668269230769231 0.019230769230769232 0.016826923076923076
0 0.28125 0.2512019230769231 0.019230769230769232 0.019230769230769232
0 0.5456730769230769 0.6382211538461539 0.016826923076923076 0.021634615384615384
0 0.5600961538461539 0.578125 0.03125 0.014423076923076924
0 0.6742788461538461 0.7800480769230769 0.014423076923076924 0.026442307692307692
0 0.5913461538461539 0.7115384615384616 0.019230769230769232 0.026442307692307692
0 0.5997596153846154 0.6802884615384616 0.02403846153846154 0.019230769230769232
0 0.421875 0.38221153846153844 0.016826923076923076 0.019230769230769232
0 0.5252403846153846 0.5 0.01201923076923077 0.016826923076923076
0 0.453125 0.640625 0.019230769230769232 0.021634615384615384
0 0.6478365384615384 0.6358173076923077 0.021634615384615384 0.02403846153846154
0 0.5649038461538461 0.6658653846153846 0.019230769230769232 0.019230769230769232
0 0.734375 0.6478365384615384 0.016826923076923076 0.019230769230769232
0 0.7944711538461539 0.6574519230769231 0.014423076923076924 0.014423076923076924
0 0.7584134615384616 0.6322115384615384 0.02403846153846154 0.02403846153846154
0 0.5264423076923077 0.7355769230769231 0.016826923076923076 0.014423076923076924
0 0.5192307692307693 0.6045673076923077 0.016826923076923076 0.014423076923076924
0 0.5228365384615384 0.5649038461538461 0.016826923076923076 0.014423076923076924
0 0.8064903846153846 0.7019230769230769 0.016826923076923076 0.02403846153846154
0 0.31850961538461536 0.3329326923076923 0.019230769230769232 0.014423076923076924
0 0.37740384615384615 0.6201923076923077 0.014423076923076924 0.026442307692307692
0 0.3076923076923077 0.3641826923076923 0.02403846153846154 0.01201923076923077
0 0.25841346153846156 0.4074519230769231 0.019230769230769232 0.019230769230769232
0 0.4098557692307692 0.43509615384615385 0.01201923076923077 0.026442307692307692
0 0.29447115384615385 0.6105769230769231 0.016826923076923076 0.019230769230769232
0 0.5889423076923077 0.8389423076923077 0.019230769230769232 0.019230769230769232
0 0.6850961538461539 0.7043269230769231 0.014423076923076924 0.01201923076923077
0 0.6706730769230769 0.7427884615384616 0.014423076923076924 0.016826923076923076
0 0.3076923076923077 0.4987980769230769 0.01201923076923077 0.016826923076923076
0 0.24519230769230768 0.3425480769230769 0.016826923076923076 0.019230769230769232
0 0.6875 0.8052884615384616 0.019230769230769232 0.014423076923076924
0 0.6370192307692307 0.4735576923076923 0.021634615384615384 0.019230769230769232
0 0.4182692307692308 0.3485576923076923 0.02403846153846154 0.016826923076923076
0 0.24639423076923078 0.3786057692307692 0.019230769230769232 0.016826923076923076
0 0.1875 0.6057692307692307 0.016826923076923076 0.016826923076923076
0 0.21634615384615385 0.5697115384615384 0.01201923076923077 0.016826923076923076
0 0.1875 0.5588942307692307 0.019230769230769232 0.01201923076923077
0 0.5324519230769231 0.8100961538461539 0.019230769230769232 0.016826923076923076
0 0.4110576923076923 0.6286057692307693 0.016826923076923076 0.01201923076923077
0 0.7704326923076923 0.7908653846153846 0.019230769230769232 0.016826923076923076
0 0.5120192307692307 0.44350961538461536 0.01201923076923077 0.019230769230769232
0 0.49158653846153844 0.3701923076923077 0.028846153846153848 0.016826923076923076
0 0.3269230769230769 0.5685096153846154 0.019230769230769232 0.016826923076923076
0 0.15264423076923078 0.5240384615384616 0.01201923076923077 0.019230769230769232
0 0.34375 0.5949519230769231 0.014423076923076924 0.019230769230769232
0 0.7103365384615384 0.7463942307692307 0.01201923076923077 0.026442307692307692
0 0.6225961538461539 0.6394230769230769 0.019230769230769232 0.01201923076923077
0 0.6826923076923077 0.6334134615384616 0.019230769230769232 0.019230769230769232
0 0.6598557692307693 0.5204326923076923 0.016826923076923076 0.01201923076923077
0 0.5757211538461539 0.4519230769230769 0.016826923076923076 0.02403846153846154
0 0.39903846153846156 0.5060096153846154 0.021634615384615384 0.019230769230769232
0 0.25841346153846156 0.5228365384615384 0.02403846153846154 0.016826923076923076
0 0.22596153846153846 0.5 0.014423076923076924 0.01201923076923077
0 0.2776442307692308 0.44471153846153844 0.016826923076923076 0.016826923076923076
0 0.2536057692307692 0.4675480769230769 0.014423076923076924 0.014423076923076924
0 0.18870192307692307 0.4567307692307692 0.01201923076923077 0.009615384615384616
0 0.14903846153846154 0.47716346153846156 0.014423076923076924 0.026442307692307692
0 0.6610576923076923 0.6923076923076923 0.014423076923076924 0.019230769230769232