0 0.5841346153846154 0.7307692307692307 0.019230769230769232 0.019230769230769232
0 0.5420673076923077 0.1658653846153846 0.028846153846153848 0.019230769230769232
0 0.44711538461538464 0.5300480769230769 0.028846153846153848 0.02403846153846154
0 0.38221153846153844 0.4567307692307692 0.019230769230769232 0.014423076923076924
0 0.59375 0.5192307692307693 0.028846153846153848 0.028846153846153848
0 0.5084134615384616 0.7115384615384616 0.02403846153846154 0.019230769230769232
0 0.5432692307692307 0.7872596153846154 0.02403846153846154 0.01201923076923077
0 0.5324519230769231 0.8221153846153846 0.019230769230769232 0.021634615384615384
0 0.4170673076923077 0.21394230769230768 0.014423076923076924 0.016826923076923076
0 0.46033653846153844 0.6947115384615384 0.016826923076923076 0.014423076923076924
0 0.4230769230769231 0.6574519230769231 0.019230769230769232 0.014423076923076924
0 0.43149038461538464 0.71875 0.019230769230769232 0.021634615384615384
0 0.5384615384615384 0.6322115384615384 0.019230769230769232 0.019230769230769232
0 0.59375 0.6346153846153846 0.021634615384615384 0.019230769230769232
0 0.49399038461538464 0.25841346153846156 0.021634615384615384 0.019230769230769232
0 0.34375 0.2091346153846154 0.021634615384615384 0.021634615384615384
0 0.5132211538461539 0.6454326923076923 0.019230769230769232 0.02403846153846154
0 0.5408653846153846 0.5901442307692307 0.03125 0.019230769230769232
0 0.6069711538461539 0.8112980769230769 0.019230769230769232 0.028846153846153848
0 0.5420673076923077 0.7259615384615384 0.02403846153846154 0.028846153846153848
0 0.5564903846153846 0.6971153846153846 0.026442307692307692 0.021634615384615384
0 0.45072115384615385 0.36778846153846156 0.019230769230769232 0.021634615384615384
0 0.5252403846153846 0.5048076923076923 0.014423076923076924 0.016826923076923076
0 0.4230769230769231 0.6262019230769231 0.021634615384615384 0.02403846153846154
0 0.6129807692307693 0.6658653846153846 0.026442307692307692 0.026442307692307692
0 0.5264423076923077 0.6766826923076923 0.021634615384615384 0.021634615384615384
0 0.6959134615384616 0.6959134615384616 0.019230769230769232 0.021634615384615384
0 0.7524038461538461 0.7199519230769231 0.016826923076923076 0.016826923076923076
0 0.7223557692307693 0.6875 0.026442307692307692 0.026442307692307692
0 0.4735576923076923 0.7355769230769231 0.019230769230769232 0.016826923076923076
0 0.4951923076923077 0.6057692307692307 0.019230769230769232 0.016826923076923076
0 0.5072115384615384 0.5685096153846154 0.019230769230769232 0.016826923076923076
0 0.7536057692307693 0.765625 0.019230769230769232 0.026442307692307692
0 0.3605769230769231 0.2956730769230769 0.021634615384615384 0.016826923076923076
0 0.35336538461538464 0.5889423076923077 0.019230769230769232 0.028846153846153848
0 0.34375 0.3245192307692308 0.02403846153846154 0.014423076923076924
0 0.2848557692307692 0.3545673076923077 0.021634615384615384 0.021634615384615384
0 0.4266826923076923 0.4170673076923077 0.016826923076923076 0.026442307692307692
0 0.27403846153846156 0.5612980769230769 0.019230769230769232 0.021634615384615384
0 0.5108173076923077 0.8497596153846154 0.021634615384615384 0.021634615384615384
0 0.6346153846153846 0.7415865384615384 0.016826923076923076 0.014423076923076924
0 0.6117788461538461 0.7740384615384616 0.016826923076923076 0.019230769230769232
0 0.3125 0.45552884615384615 0.014423076923076924 0.016826923076923076
0 0.28725961538461536 0.28846153846153844 0.019230769230769232 0.021634615384615384
0 0.6141826923076923 0.8401442307692307 0.021634615384615384 0.019230769230769232
0 0.6394230769230769 0.5048076923076923 0.02403846153846154 0.021634615384615384
0 0.4543269230769231 0.33413461538461536 0.026442307692307692 0.019230769230769232
0 0.2800480769230769 0.3245192307692308 0.021634615384615384 0.019230769230769232
0 0.171875 0.5324519230769231 0.019230769230769232 0.019230769230769232
0 0.20793269230769232 0.5048076923076923 0.014423076923076924 0.016826923076923076
0 0.18269230769230768 0.48677884615384615 0.021634615384615384 0.014423076923076924
0 0.46274038461538464 0.8088942307692307 0.021634615384615384 0.019230769230769232
0 0.38461538461538464 0.6057692307692307 0.016826923076923076 0.014423076923076924
0 0.6983173076923077 0.8449519230769231 0.021634615384615384 0.019230769230769232
0 0.5252403846153846 0.44711538461538464 0.014423076923076924 0.019230769230769232
0 0.5216346153846154 0.3713942307692308 0.03125 0.021634615384615384
0 0.3161057692307692 0.5276442307692307 0.021634615384615384 0.019230769230769232
0 0.15625 0.44591346153846156 0.014423076923076924 0.019230769230769232
0 0.3269230769230769 0.5576923076923077 0.016826923076923076 0.021634615384615384
0 0.6490384615384616 0.7872596153846154 0.016826923076923076 0.026442307692307692
0 0.5877403846153846 0.6634615384615384 0.021634615384615384 0.016826923076923076
0 0.6478365384615384 0.671875 0.021634615384615384 0.021634615384615384
0 0.6514423076923077 0.5552884615384616 0.016826923076923076 0.014423076923076924
0 0.5853365384615384 0.4699519230769231 0.019230769230769232 0.026442307692307692
0 0.40024038461538464 0.4831730769230769 0.02403846153846154 0.02403846153846154
0 0.25961538461538464 0.4675480769230769 0.026442307692307692 0.019230769230769232
0 0.23317307692307693 0.4387019230769231 0.016826923076923076 0.014423076923076924
0 0.2956730769230769 0.39663461538461536 0.019230769230769232 0.019230769230769232
0 0.26802884615384615 0.41225961538461536 0.016826923076923076 0.016826923076923076
0 0.20673076923076922 0.3870192307692308 0.014423076923076924 0.009615384615384616
0 0.1622596153846154 0.39903846153846156 0.019230769230769232 0.028846153846153848
0 0.6129807692307693 0.7235576923076923 0.019230769230769232 0.021634615384615384