0 0.6394230769230769 0.4170673076923077 0.02403846153846154 0.06009615384615385
0 0.7295673076923077 0.43990384615384615 0.03125 0.040865384615384616
0 0.7379807692307693 0.36899038461538464 0.02403846153846154 0.03125
0 0.6418269230769231 0.28725961538461536 0.026442307692307692 0.038461538461538464
0 0.31850961538461536 0.13701923076923078 0.019230769230769232 0.04567307692307692
0 0.3557692307692308 0.5108173076923077 0.03125 0.040865384615384616
0 0.3894230769230769 0.671875 0.03125 0.040865384615384616
0 0.4639423076923077 0.43990384615384615 0.02403846153846154 0.03125
0 0.19831730769230768 0.3629807692307692 0.03365384615384615 0.055288461538461536
0 0.5588942307692307 0.45552884615384615 0.026442307692307692 0.038461538461538464
0 0.3629807692307692 0.4170673076923077 0.02403846153846154 0.052884615384615384
0 0.39903846153846156 0.46274038461538464 0.019230769230769232 0.04567307692307692
0 0.4495192307692308 0.5012019230769231 0.016826923076923076 0.03125
0 0.41586538461538464 0.375 0.028846153846153848 0.03125
0 0.4387019230769231 0.7151442307692307 0.03125 0.040865384615384616
0 0.5564903846153846 0.5913461538461539 0.026442307692307692 0.038461538461538464
0 0.6165865384615384 0.5180288461538461 0.021634615384615384 0.03125
0 0.5528846153846154 0.6574519230769231 0.02403846153846154 0.03125
0 0.21153846153846154 0.5492788461538461 0.03125 0.040865384615384616
0 0.3449519230769231 0.5588942307692307 0.036057692307692304 0.026442307692307692
0 0.4050480769230769 0.5769230769230769 0.026442307692307692 0.038461538461538464
0 0.6081730769230769 0.5685096153846154 0.016826923076923076 0.03125
0 0.6117788461538461 0.6286057692307693 0.026442307692307692 0.038461538461538464
0 0.6442307692307693 0.5805288461538461 0.03125 0.04807692307692308
0 0.41947115384615385 0.47596153846153844 0.028846153846153848 0.03125
0 0.45913461538461536 0.6322115384615384 0.02403846153846154 0.03125
0 0.43149038461538464 0.19831730769230768 0.021634615384615384 0.03125
0 0.4519230769230769 0.13822115384615385 0.021634615384615384 0.038461538461538464
0 0.29927884615384615 0.24879807692307693 0.028846153846153848 0.03125
0 0.4098557692307692 0.5372596153846154 0.021634615384615384 0.038461538461538464
0 0.38100961538461536 0.32572115384615385 0.02403846153846154 0.03125
0 0.44471153846153844 0.24879807692307693 0.038461538461538464 0.040865384615384616