0 0.6478365384615384 0.43149038461538464 0.03125 0.0625
0 0.734375 0.4639423076923077 0.03365384615384615 0.04326923076923077
0 0.75 0.3954326923076923 0.026442307692307692 0.03365384615384615
0 0.6634615384615384 0.30288461538461536 0.028846153846153848 0.040865384615384616
0 0.35697115384615385 0.1201923076923077 0.02403846153846154 0.04567307692307692
0 0.3557692307692308 0.4963942307692308 0.03365384615384615 0.04326923076923077
0 0.3713942307692308 0.6586538461538461 0.03365384615384615 0.04326923076923077
0 0.4699519230769231 0.4362980769230769 0.026442307692307692 0.03365384615384615
0 0.21394230769230768 0.3317307692307692 0.038461538461538464 0.055288461538461536
0 0.5637019230769231 0.46153846153846156 0.028846153846153848 0.040865384615384616
0 0.3713942307692308 0.4026442307692308 0.028846153846153848 0.055288461538461536
0 0.40384615384615385 0.4519230769230769 0.02403846153846154 0.04567307692307692
0 0.4495192307692308 0.4951923076923077 0.019230769230769232 0.03125
0 0.42908653846153844 0.36658653846153844 0.03125 0.03365384615384615
0 0.41586538461538464 0.7079326923076923 0.03365384615384615 0.04326923076923077
0 0.546875 0.5973557692307693 0.028846153846153848 0.040865384615384616
0 0.6141826923076923 0.5300480769230769 0.02403846153846154 0.03125
0 0.5360576923076923 0.6622596153846154 0.026442307692307692 0.03365384615384615
0 0.20793269230769232 0.5192307692307693 0.03365384615384615 0.04326923076923077
0 0.3401442307692308 0.5420673076923077 0.038461538461538464 0.028846153846153848
0 0.39663461538461536 0.5661057692307693 0.028846153846153848 0.040865384615384616
0 0.5997596153846154 0.5793269230769231 0.019230769230769232 0.03125
0 0.5973557692307693 0.6394230769230769 0.028846153846153848 0.040865384615384616
0 0.6346153846153846 0.5949519230769231 0.036057692307692304 0.05048076923076923
0 0.421875 0.4675480769230769 0.03125 0.03365384615384615
0 0.44591346153846156 0.6274038461538461 0.026442307692307692 0.03365384615384615
0 0.4639423076923077 0.1935096153846154 0.02403846153846154 0.03125
0 0.49038461538461536 0.1346153846153846 0.026442307692307692 0.040865384615384616
0 0.3269230769230769 0.22956730769230768 0.03125 0.03365384615384615
0 0.40625 0.5276442307692307 0.026442307692307692 0.040865384615384616
0 0.40024038461538464 0.3137019230769231 0.026442307692307692 0.03365384615384615
0 0.47115384615384615 0.2439903846153846 0.04326923076923077 0.04326923076923077