0 0.6286057692307693 0.40024038461538464 0.019230769230769232 0.057692307692307696
0 0.7199519230769231 0.41225961538461536 0.026442307692307692 0.038461538461538464
0 0.7199519230769231 0.34134615384615385 0.021634615384615384 0.028846153846153848
0 0.6153846153846154 0.27163461538461536 0.021634615384615384 0.038461538461538464
0 0.27524038461538464 0.1622596153846154 0.014423076923076924 0.04326923076923077
0 0.3581730769230769 0.5288461538461539 0.026442307692307692 0.038461538461538464
0 0.4110576923076923 0.6838942307692307 0.026442307692307692 0.038461538461538464
0 0.4567307692307692 0.44471153846153844 0.021634615384615384 0.028846153846153848
0 0.18389423076923078 0.40024038461538464 0.026442307692307692 0.052884615384615384
0 0.5528846153846154 0.4483173076923077 0.021634615384615384 0.038461538461538464
0 0.35336538461538464 0.4338942307692308 0.019230769230769232 0.052884615384615384
0 0.3954326923076923 0.47475961538461536 0.014423076923076924 0.04326923076923077
0 0.4495192307692308 0.5072115384615384 0.014423076923076924 0.028846153846153848
0 0.4014423076923077 0.3858173076923077 0.026442307692307692 0.028846153846153848
0 0.4651442307692308 0.7211538461538461 0.026442307692307692 0.038461538461538464
0 0.5673076923076923 0.5841346153846154 0.021634615384615384 0.038461538461538464
0 0.6177884615384616 0.5036057692307693 0.019230769230769232 0.028846153846153848
0 0.5721153846153846 0.6502403846153846 0.021634615384615384 0.028846153846153848
0 0.21995192307692307 0.5841346153846154 0.026442307692307692 0.038461538461538464
0 0.35336538461538464 0.5769230769230769 0.03365384615384615 0.021634615384615384
0 0.41466346153846156 0.5877403846153846 0.021634615384615384 0.038461538461538464
0 0.6153846153846154 0.5552884615384616 0.014423076923076924 0.028846153846153848
0 0.6262019230769231 0.6141826923076923 0.021634615384615384 0.038461538461538464
0 0.6526442307692307 0.5625 0.026442307692307692 0.04326923076923077
0 0.4170673076923077 0.4855769230769231 0.026442307692307692 0.028846153846153848
0 0.47596153846153844 0.6358173076923077 0.021634615384615384 0.028846153846153848
0 0.3954326923076923 0.2091346153846154 0.019230769230769232 0.028846153846153848
0 0.40865384615384615 0.1466346153846154 0.019230769230769232 0.038461538461538464
0 0.2704326923076923 0.27524038461538464 0.026442307692307692 0.028846153846153848
0 0.41466346153846156 0.5480769230769231 0.019230769230769232 0.038461538461538464
0 0.3605769230769231 0.34134615384615385 0.021634615384615384 0.028846153846153848
0 0.41466346153846156 0.25721153846153844 0.03365384615384615 0.038461538461538464