0 0.16706730769230768 0.5625 0.03365384615384615 0.04567307692307692
0 0.44350961538461536 0.5372596153846154 0.03125 0.04567307692307692
0 0.49399038461538464 0.10216346153846154 0.03125 0.04567307692307692
0 0.6057692307692307 0.17668269230769232 0.03365384615384615 0.038461538461538464
0 0.7644230769230769 0.4098557692307692 0.026442307692307692 0.038461538461538464
0 0.44711538461538464 0.33413461538461536 0.036057692307692304 0.04567307692307692
0 0.4951923076923077 0.15625 0.040865384615384616 0.038461538461538464
0 0.5600961538461539 0.296875 0.026442307692307692 0.04567307692307692
0 0.6730769230769231 0.4831730769230769 0.03365384615384615 0.04326923076923077
0 0.8425480769230769 0.5757211538461539 0.028846153846153848 0.03365384615384615
0 0.5072115384615384 0.49278846153846156 0.03125 0.04326923076923077
0 0.38221153846153844 0.34975961538461536 0.026442307692307692 0.03365384615384615
0 0.5985576923076923 0.6538461538461539 0.02403846153846154 0.04326923076923077