0 0.16105769230769232 0.5216346153846154 0.038461538461538464 0.05048076923076923
0 0.4387019230769231 0.5300480769230769 0.036057692307692304 0.04807692307692308
0 0.5420673076923077 0.1045673076923077 0.036057692307692304 0.04807692307692308
0 0.6442307692307693 0.19230769230769232 0.036057692307692304 0.040865384615384616
0 0.7728365384615384 0.4423076923076923 0.03125 0.040865384615384616
0 0.4675480769230769 0.328125 0.040865384615384616 0.05048076923076923
0 0.5372596153846154 0.15865384615384615 0.04326923076923077 0.04326923076923077
0 0.5841346153846154 0.30528846153846156 0.03125 0.04807692307692308
0 0.6742788461538461 0.5048076923076923 0.038461538461538464 0.04567307692307692
0 0.8305288461538461 0.6165865384615384 0.03365384615384615 0.036057692307692304
0 0.5084134615384616 0.49399038461538464 0.036057692307692304 0.04567307692307692
0 0.4014423076923077 0.33653846153846156 0.028846153846153848 0.036057692307692304
0 0.5793269230769231 0.6646634615384616 0.028846153846153848 0.04326923076923077