0 0.16105769230769232 0.5036057692307693 0.040865384615384616 0.05048076923076923
0 0.4375 0.5264423076923077 0.038461538461538464 0.05048076923076923
0 0.5637019230769231 0.10697115384615384 0.038461538461538464 0.05048076923076923
0 0.6598557692307693 0.20072115384615385 0.038461538461538464 0.04326923076923077
0 0.7752403846153846 0.4567307692307692 0.03125 0.040865384615384616
0 0.47596153846153844 0.3269230769230769 0.04326923076923077 0.05048076923076923
0 0.5552884615384616 0.16105769230769232 0.04567307692307692 0.04326923076923077
0 0.59375 0.31009615384615385 0.03365384615384615 0.04807692307692308
0 0.6742788461538461 0.5132211538461539 0.038461538461538464 0.04807692307692308
0 0.8245192307692307 0.6346153846153846 0.03365384615384615 0.036057692307692304
0 0.5084134615384616 0.4951923076923077 0.036057692307692304 0.04567307692307692
0 0.4110576923076923 0.3317307692307692 0.03125 0.036057692307692304
0 0.5709134615384616 0.6682692307692307 0.028846153846153848 0.04567307692307692