0 0.35216346153846156 0.8617788461538461 0.028846153846153848 0.04567307692307692
0 0.28846153846153844 0.9555288461538461 0.026442307692307692 0.03365384615384615
0 0.25 0.8317307692307693 0.026442307692307692 0.03365384615384615
0 0.33533653846153844 0.49399038461538464 0.03125 0.04326923076923077
0 0.28365384615384615 0.4098557692307692 0.03125 0.04567307692307692
0 0.45552884615384615 0.24158653846153846 0.040865384615384616 0.057692307692307696
0 0.5372596153846154 0.3701923076923077 0.03125 0.038461538461538464
0 0.5817307692307693 0.4387019230769231 0.04326923076923077 0.06490384615384616
0 0.71875 0.4266826923076923 0.02403846153846154 0.038461538461538464
0 0.7644230769230769 0.6442307692307693 0.02403846153846154 0.04567307692307692
0 0.5649038461538461 0.6730769230769231 0.03365384615384615 0.052884615384615384
0 0.4387019230769231 0.7872596153846154 0.03365384615384615 0.03365384615384615
0 0.4675480769230769 0.7872596153846154 0.02403846153846154 0.038461538461538464
0 0.40865384615384615 0.8293269230769231 0.03365384615384615 0.04807692307692308
0 0.7331730769230769 0.38100961538461536 0.040865384615384616 0.038461538461538464
0 0.8557692307692307 0.5480769230769231 0.038461538461538464 0.052884615384615384
0 0.59375 0.5901442307692307 0.036057692307692304 0.04326923076923077
0 0.5817307692307693 0.7776442307692307 0.038461538461538464 0.04807692307692308
0 0.6201923076923077 0.828125 0.02403846153846154 0.038461538461538464
0 0.3557692307692308 0.9242788461538461 0.02403846153846154 0.038461538461538464
0 0.18269230769230768 0.8822115384615384 0.02403846153846154 0.03365384615384615
0 0.20793269230769232 0.7920673076923077 0.03125 0.038461538461538464
0 0.7163461538461539 0.6153846153846154 0.03125 0.026442307692307692