0 0.39663461538461536 0.8774038461538461 0.03365384615384615 0.04807692307692308
0 0.34615384615384615 0.9771634615384616 0.028846153846153848 0.036057692307692304
0 0.2920673076923077 0.859375 0.028846153846153848 0.036057692307692304
0 0.33533653846153844 0.5144230769230769 0.036057692307692304 0.04567307692307692
0 0.27403846153846156 0.4375 0.036057692307692304 0.04807692307692308
0 0.42427884615384615 0.24879807692307693 0.04807692307692308 0.06009615384615385
0 0.5204326923076923 0.36658653846153844 0.03365384615384615 0.040865384615384616
0 0.5733173076923077 0.42908653846153844 0.05048076923076923 0.06971153846153846
0 0.7091346153846154 0.40024038461538464 0.026442307692307692 0.038461538461538464
0 0.7800480769230769 0.6117788461538461 0.028846153846153848 0.04807692307692308
0 0.5853365384615384 0.6634615384615384 0.038461538461538464 0.055288461538461536
0 0.4735576923076923 0.7932692307692307 0.036057692307692304 0.036057692307692304
0 0.5024038461538461 0.7896634615384616 0.026442307692307692 0.038461538461538464
0 0.4483173076923077 0.8377403846153846 0.038461538461538464 0.05048076923076923
0 0.7175480769230769 0.35336538461538464 0.04326923076923077 0.04326923076923077
0 0.8581730769230769 0.5048076923076923 0.04326923076923077 0.055288461538461536
0 0.6033653846153846 0.5769230769230769 0.040865384615384616 0.04807692307692308
0 0.6153846153846154 0.765625 0.04326923076923077 0.05048076923076923
0 0.6598557692307693 0.8112980769230769 0.026442307692307692 0.038461538461538464
0 0.40865384615384615 0.9387019230769231 0.026442307692307692 0.038461538461538464
0 0.23076923076923078 0.9182692307692307 0.026442307692307692 0.03365384615384615
0 0.24639423076923078 0.8257211538461539 0.03365384615384615 0.040865384615384616
0 0.7283653846153846 0.5877403846153846 0.03365384615384615 0.028846153846153848