0 0.2800480769230769 0.8233173076923077 0.028846153846153848 0.04807692307692308
0 0.19831730769230768 0.9014423076923077 0.028846153846153848 0.03365384615384615
0 0.18629807692307693 0.7728365384615384 0.028846153846153848 0.03365384615384615
0 0.3401442307692308 0.46033653846153844 0.03125 0.04326923076923077
0 0.30649038461538464 0.36778846153846156 0.03365384615384615 0.04807692307692308
0 0.5108173076923077 0.23798076923076922 0.04326923076923077 0.057692307692307696
0 0.5625 0.38100961538461536 0.03125 0.038461538461538464
0 0.5925480769230769 0.4567307692307692 0.04567307692307692 0.0673076923076923
0 0.7295673076923077 0.4735576923076923 0.02403846153846154 0.038461538461538464
0 0.7295673076923077 0.6959134615384616 0.026442307692307692 0.04567307692307692
0 0.5276442307692307 0.6826923076923077 0.036057692307692304 0.052884615384615384
0 0.3798076923076923 0.7680288461538461 0.03365384615384615 0.03365384615384615
0 0.40865384615384615 0.7740384615384616 0.02403846153846154 0.038461538461538464
0 0.34134615384615385 0.8028846153846154 0.036057692307692304 0.04807692307692308
0 0.7524038461538461 0.43149038461538464 0.040865384615384616 0.040865384615384616
0 0.8377403846153846 0.6213942307692307 0.038461538461538464 0.052884615384615384
0 0.5733173076923077 0.6069711538461539 0.038461538461538464 0.04567307692307692
0 0.5228365384615384 0.7884615384615384 0.038461538461538464 0.04807692307692308
0 0.5492788461538461 0.8461538461538461 0.02403846153846154 0.038461538461538464
0 0.27163461538461536 0.8846153846153846 0.02403846153846154 0.038461538461538464
0 0.109375 0.8076923076923077 0.02403846153846154 0.03365384615384615
0 0.15384615384615385 0.7247596153846154 0.03125 0.038461538461538464
0 0.6875 0.6574519230769231 0.03365384615384615 0.026442307692307692