0 0.19951923076923078 0.5480769230769231 0.038461538461538464 0.06009615384615385
0 0.5288461538461539 0.16105769230769232 0.028846153846153848 0.028846153846153848
0 0.5745192307692307 0.3004807692307692 0.028846153846153848 0.05048076923076923
0 0.46634615384615385 0.3317307692307692 0.03125 0.036057692307692304
0 0.65625 0.49278846153846156 0.026442307692307692 0.04326923076923077
0 0.7439903846153846 0.4423076923076923 0.038461538461538464 0.06009615384615385
0 0.6201923076923077 0.19591346153846154 0.03125 0.036057692307692304
0 0.44711538461538464 0.5348557692307693 0.036057692307692304 0.036057692307692304
0 0.5060096153846154 0.49278846153846156 0.036057692307692304 0.04326923076923077
0 0.5288461538461539 0.10576923076923077 0.021634615384615384 0.040865384615384616
0 0.7908653846153846 0.5985576923076923 0.04326923076923077 0.052884615384615384