0 0.22355769230769232 0.6298076923076923 0.038461538461538464 0.057692307692307696
0 0.43509615384615385 0.16706730769230768 0.028846153846153848 0.026442307692307692
0 0.5168269230769231 0.28725961538461536 0.026442307692307692 0.04807692307692308
0 0.4206730769230769 0.3473557692307692 0.03125 0.03365384615384615
0 0.6478365384615384 0.45072115384615385 0.026442307692307692 0.040865384615384616
0 0.71875 0.37740384615384615 0.038461538461538464 0.057692307692307696
0 0.53125 0.17548076923076922 0.03125 0.03365384615384615
0 0.45913461538461536 0.5480769230769231 0.03365384615384615 0.03365384615384615
0 0.5036057692307693 0.49158653846153844 0.036057692307692304 0.04326923076923077
0 0.4182692307692308 0.11298076923076923 0.019230769230769232 0.040865384615384616
0 0.8064903846153846 0.5144230769230769 0.04326923076923077 0.05048076923076923