0 0.20673076923076922 0.5853365384615384 0.03365384615384615 0.055288461538461536
0 0.4879807692307692 0.15985576923076922 0.026442307692307692 0.02403846153846154
0 0.5492788461538461 0.2920673076923077 0.02403846153846154 0.04807692307692308
0 0.44591346153846156 0.33653846153846156 0.026442307692307692 0.03125
0 0.6538461538461539 0.4735576923076923 0.02403846153846154 0.040865384615384616
0 0.7355769230769231 0.41346153846153844 0.03365384615384615 0.055288461538461536
0 0.5817307692307693 0.18389423076923078 0.026442307692307692 0.03125
0 0.4519230769230769 0.5420673076923077 0.03125 0.03125
0 0.5048076923076923 0.49158653846153844 0.03365384615384615 0.040865384615384616
0 0.4795673076923077 0.1045673076923077 0.016826923076923076 0.040865384615384616
0 0.8004807692307693 0.5625 0.038461538461538464 0.04807692307692308