0 0.7920673076923077 0.6862980769230769 0.026442307692307692 0.036057692307692304
0 0.8149038461538461 0.6887019230769231 0.016826923076923076 0.021634615384615384
0 0.8245192307692307 0.7115384615384616 0.02403846153846154 0.016826923076923076
0 0.20552884615384615 0.6033653846153846 0.028846153846153848 0.03125
0 0.7560096153846154 0.0985576923076923 0.040865384615384616 0.038461538461538464
0 0.28846153846153844 0.11778846153846154 0.04807692307692308 0.04326923076923077
0 0.2127403846153846 0.1935096153846154 0.021634615384615384 0.028846153846153848
0 0.09134615384615384 0.42908653846153844 0.03365384615384615 0.03125
0 0.056490384615384616 0.3954326923076923 0.03365384615384615 0.036057692307692304
0 0.07211538461538461 0.49158653846153844 0.04326923076923077 0.038461538461538464
0 0.07451923076923077 0.8882211538461539 0.03365384615384615 0.03125
0 0.11177884615384616 0.8677884615384616 0.04567307692307692 0.036057692307692304
0 0.4050480769230769 0.5661057692307693 0.036057692307692304 0.05048076923076923
0 0.8990384615384616 0.5360576923076923 0.04567307692307692 0.052884615384615384
0 0.4338942307692308 0.21995192307692307 0.021634615384615384 0.026442307692307692
0 0.21153846153846154 0.23918269230769232 0.03365384615384615 0.03125
0 0.24519230769230768 0.21875 0.04326923076923077 0.03365384615384615
0 0.2776442307692308 0.21514423076923078 0.03365384615384615 0.04567307692307692
0 0.4855769230769231 0.23798076923076922 0.021634615384615384 0.028846153846153848
0 0.5168269230769231 0.19230769230769232 0.036057692307692304 0.036057692307692304
0 0.578125 0.04927884615384615 0.038461538461538464 0.04567307692307692
0 0.2620192307692308 0.609375 0.026442307692307692 0.036057692307692304
0 0.1658653846153846 0.6033653846153846 0.026442307692307692 0.03125
0 0.8016826923076923 0.8701923076923077 0.036057692307692304 0.040865384615384616
0 0.3317307692307692 0.8269230769230769 0.014423076923076924 0.028846153846153848
0 0.6899038461538461 0.42427884615384615 0.04326923076923077 0.0673076923076923
0 0.6574519230769231 0.39783653846153844 0.026442307692307692 0.04807692307692308
0 0.6189903846153846 0.4170673076923077 0.036057692307692304 0.03365384615384615
0 0.6201923076923077 0.3605769230769231 0.04567307692307692 0.06009615384615385
0 0.8509615384615384 0.41466346153846156 0.036057692307692304 0.05048076923076923
0 0.6213942307692307 0.5096153846153846 0.021634615384615384 0.028846153846153848
0 0.6033653846153846 0.546875 0.03365384615384615 0.03125
0 0.9495192307692307 0.5576923076923077 0.038461538461538464 0.040865384615384616
0 0.34375 0.4987980769230769 0.02403846153846154 0.026442307692307692