0 0.8425480769230769 0.5504807692307693 0.026442307692307692 0.03365384615384615
0 0.8653846153846154 0.5444711538461539 0.016826923076923076 0.019230769230769232
0 0.8834134615384616 0.5612980769230769 0.021634615384615384 0.016826923076923076
0 0.27403846153846156 0.7139423076923077 0.028846153846153848 0.03125
0 0.5709134615384616 0.028846153846153848 0.038461538461538464 0.036057692307692304
0 0.15144230769230768 0.23677884615384615 0.04807692307692308 0.04326923076923077
0 0.11298076923076923 0.33653846153846156 0.021634615384615384 0.028846153846153848
0 0.09735576923076923 0.6009615384615384 0.03125 0.03125
0 0.052884615384615384 0.5841346153846154 0.03365384615384615 0.036057692307692304
0 0.1045673076923077 0.6658653846153846 0.04326923076923077 0.038461538461538464
0 0.2956730769230769 0.9867788461538461 0.04807692307692308 0.021634615384615384
0 0.43990384615384615 0.5985576923076923 0.036057692307692304 0.04807692307692308
0 0.8798076923076923 0.0889423076923077 0.036057692307692304 0.036057692307692304
0 0.8786057692307693 0.3713942307692308 0.04567307692307692 0.05048076923076923
0 0.32572115384615385 0.2704326923076923 0.021634615384615384 0.026442307692307692
0 0.12980769230769232 0.3798076923076923 0.03125 0.03125
0 0.15264423076923078 0.3473557692307692 0.040865384615384616 0.03365384615384615
0 0.1814903846153846 0.33052884615384615 0.03125 0.04567307692307692
0 0.3798076923076923 0.265625 0.021634615384615384 0.028846153846153848
0 0.390625 0.21153846153846154 0.036057692307692304 0.036057692307692304
0 0.38822115384615385 0.056490384615384616 0.038461538461538464 0.04567307692307692
0 0.3269230769230769 0.6971153846153846 0.026442307692307692 0.03365384615384615
0 0.23557692307692307 0.7295673076923077 0.02403846153846154 0.028846153846153848
0 0.9266826923076923 0.7163461538461539 0.03365384615384615 0.040865384615384616
0 0.4795673076923077 0.8665865384615384 0.014423076923076924 0.028846153846153848
0 0.6430288461538461 0.35336538461538464 0.040865384615384616 0.0673076923076923
0 0.6033653846153846 0.3425480769230769 0.02403846153846154 0.04567307692307692
0 0.5745192307692307 0.375 0.03365384615384615 0.03125
0 0.5528846153846154 0.3245192307692308 0.04326923076923077 0.06009615384615385
0 0.7860576923076923 0.27884615384615385 0.036057692307692304 0.04807692307692308
0 0.6141826923076923 0.45913461538461536 0.021634615384615384 0.028846153846153848
0 0.6141826923076923 0.5012019230769231 0.03125 0.03125
0 0.9338942307692307 0.3701923076923077 0.036057692307692304 0.040865384615384616
0 0.35697115384615385 0.5625 0.02403846153846154 0.026442307692307692