0 0.8425480769230769 0.5564903846153846 0.026442307692307692 0.03365384615384615
0 0.8641826923076923 0.5504807692307693 0.016826923076923076 0.019230769230769232
0 0.8822115384615384 0.5685096153846154 0.021634615384615384 0.016826923076923076
0 0.2692307692307692 0.7103365384615384 0.028846153846153848 0.03125
0 0.5793269230769231 0.03125 0.038461538461538464 0.036057692307692304
0 0.15625 0.23076923076923078 0.04567307692307692 0.04326923076923077
0 0.11658653846153846 0.3293269230769231 0.021634615384615384 0.028846153846153848
0 0.09615384615384616 0.5949519230769231 0.03125 0.03125
0 0.05048076923076923 0.5769230769230769 0.03365384615384615 0.036057692307692304
0 0.10216346153846154 0.6586538461538461 0.04326923076923077 0.036057692307692304
0 0.2860576923076923 0.9855769230769231 0.04807692307692308 0.02403846153846154
0 0.4375 0.5973557692307693 0.036057692307692304 0.04807692307692308
0 0.8870192307692307 0.09615384615384616 0.036057692307692304 0.036057692307692304
0 0.8810096153846154 0.37740384615384615 0.04326923076923077 0.05048076923076923
0 0.3293269230769231 0.26802884615384615 0.021634615384615384 0.026442307692307692
0 0.13221153846153846 0.3737980769230769 0.03125 0.03125
0 0.15625 0.34134615384615385 0.040865384615384616 0.03365384615384615
0 0.18509615384615385 0.3245192307692308 0.03125 0.04326923076923077
0 0.38341346153846156 0.2644230769230769 0.021634615384615384 0.028846153846153848
0 0.3954326923076923 0.2091346153846154 0.036057692307692304 0.036057692307692304
0 0.3954326923076923 0.054086538461538464 0.036057692307692304 0.04567307692307692
0 0.3233173076923077 0.6935096153846154 0.026442307692307692 0.03365384615384615
0 0.23197115384615385 0.7259615384615384 0.02403846153846154 0.028846153846153848
0 0.9230769230769231 0.7235576923076923 0.03365384615384615 0.040865384615384616
0 0.4735576923076923 0.8665865384615384 0.014423076923076924 0.028846153846153848
0 0.6454326923076923 0.3557692307692308 0.040865384615384616 0.0673076923076923
0 0.6057692307692307 0.3449519230769231 0.02403846153846154 0.04567307692307692
0 0.5769230769230769 0.3762019230769231 0.03365384615384615 0.03125
0 0.5552884615384616 0.32572115384615385 0.04326923076923077 0.06009615384615385
0 0.7896634615384616 0.28365384615384615 0.036057692307692304 0.04807692307692308
0 0.6153846153846154 0.46153846153846156 0.021634615384615384 0.028846153846153848
0 0.6141826923076923 0.5036057692307693 0.03125 0.03125
0 0.9362980769230769 0.37740384615384615 0.036057692307692304 0.040865384615384616
0 0.3557692307692308 0.5600961538461539 0.02403846153846154 0.026442307692307692