0 0.3737980769230769 0.34375 0.019230769230769232 0.016826923076923076
0 0.33774038461538464 0.3894230769230769 0.016826923076923076 0.01201923076923077
0 0.5757211538461539 0.5793269230769231 0.007211538461538462 0.014423076923076924
0 0.5552884615384616 0.6358173076923077 0.009615384615384616 0.01201923076923077
0 0.4639423076923077 0.4987980769230769 0.007211538461538462 0.009615384615384616
0 0.484375 0.49278846153846156 0.01201923076923077 0.016826923076923076
0 0.34615384615384615 0.33774038461538464 0.009615384615384616 0.01201923076923077
0 0.3762019230769231 0.3016826923076923 0.009615384615384616 0.01201923076923077
0 0.5697115384615384 0.6165865384615384 0.007211538461538462 0.009615384615384616
0 0.36899038461538464 0.5516826923076923 0.009615384615384616 0.014423076923076924
0 0.40024038461538464 0.5228365384615384 0.01201923076923077 0.01201923076923077
0 0.5108173076923077 0.5757211538461539 0.01201923076923077 0.014423076923076924
0 0.5576923076923077 0.5420673076923077 0.009615384615384616 0.01201923076923077
0 0.5552884615384616 0.5949519230769231 0.009615384615384616 0.016826923076923076
0 0.9194711538461539 0.6887019230769231 0.016826923076923076 0.021634615384615384
0 0.90625 0.7908653846153846 0.01201923076923077 0.019230769230769232
0 0.8942307692307693 0.828125 0.016826923076923076 0.016826923076923076
0 0.9074519230769231 0.8701923076923077 0.009615384615384616 0.016826923076923076
0 0.4338942307692308 0.4230769230769231 0.009615384615384616 0.014423076923076924
0 0.23677884615384615 0.38461538461538464 0.01201923076923077 0.007211538461538462
0 0.2608173076923077 0.35336538461538464 0.009615384615384616 0.014423076923076924
0 0.3425480769230769 0.3004807692307692 0.014423076923076924 0.014423076923076924
0 0.39302884615384615 0.20072115384615385 0.014423076923076924 0.016826923076923076
0 0.22235576923076922 0.42908653846153844 0.009615384615384616 0.016826923076923076
0 0.25721153846153844 0.43028846153846156 0.007211538461538462 0.01201923076923077
0 0.27283653846153844 0.4519230769230769 0.01201923076923077 0.009615384615384616
0 0.296875 0.41346153846153844 0.009615384615384616 0.014423076923076924
0 0.328125 0.4651442307692308 0.01201923076923077 0.01201923076923077
0 0.31971153846153844 0.578125 0.014423076923076924 0.009615384615384616
0 0.2980769230769231 0.5757211538461539 0.009615384615384616 0.01201923076923077
0 0.40384615384615385 0.5588942307692307 0.009615384615384616 0.016826923076923076
0 0.38221153846153844 0.5444711538461539 0.01201923076923077 0.01201923076923077
0 0.4879807692307692 0.5853365384615384 0.007211538461538462 0.014423076923076924
0 0.5685096153846154 0.6766826923076923 0.014423076923076924 0.016826923076923076
0 0.5336538461538461 0.5504807692307693 0.009615384615384616 0.014423076923076924
0 0.45072115384615385 0.45913461538461536 0.01201923076923077 0.016826923076923076
0 0.4326923076923077 0.46153846153846156 0.009615384615384616 0.014423076923076924
0 0.40865384615384615 0.4987980769230769 0.01201923076923077 0.01201923076923077
0 0.8930288461538461 0.7451923076923077 0.014423076923076924 0.019230769230769232
0 0.9230769230769231 0.7355769230769231 0.014423076923076924 0.014423076923076924
0 0.9423076923076923 0.6995192307692307 0.016826923076923076 0.02403846153846154
0 0.9110576923076923 0.6550480769230769 0.01201923076923077 0.021634615384615384
0 0.8822115384615384 0.6598557692307693 0.01201923076923077 0.016826923076923076
0 0.8774038461538461 0.7127403846153846 0.01201923076923077 0.014423076923076924
0 0.9399038461538461 0.7776442307692307 0.01201923076923077 0.016826923076923076
0 0.6189903846153846 0.6430288461538461 0.009615384615384616 0.014423076923076924
0 0.4675480769230769 0.5216346153846154 0.009615384615384616 0.019230769230769232
0 0.36899038461538464 0.5769230769230769 0.014423076923076924 0.016826923076923076
0 0.40024038461538464 0.5877403846153846 0.014423076923076924 0.016826923076923076
0 0.37740384615384615 0.4723557692307692 0.016826923076923076 0.016826923076923076
0 0.33413461538461536 0.5276442307692307 0.01201923076923077 0.01201923076923077
0 0.3425480769230769 0.5516826923076923 0.009615384615384616 0.014423076923076924
0 0.32211538461538464 0.4423076923076923 0.009615384615384616 0.014423076923076924
0 0.3449519230769231 0.43509615384615385 0.01201923076923077 0.014423076923076924
0 0.3737980769230769 0.4266826923076923 0.014423076923076924 0.019230769230769232
0 0.41225961538461536 0.40024038461538464 0.01201923076923077 0.016826923076923076
0 0.46634615384615385 0.41346153846153844 0.009615384615384616 0.014423076923076924
0 0.5829326923076923 0.6322115384615384 0.009615384615384616 0.014423076923076924
0 0.8846153846153846 0.8605769230769231 0.009615384615384616 0.01201923076923077
0 0.9387019230769231 0.5865384615384616 0.01201923076923077 0.019230769230769232
0 0.9483173076923077 0.8365384615384616 0.01201923076923077 0.014423076923076924
0 0.953125 0.8798076923076923 0.016826923076923076 0.021634615384615384
0 0.9447115384615384 0.9194711538461539 0.01201923076923077 0.016826923076923076
0 0.9194711538461539 0.9711538461538461 0.016826923076923076 0.016826923076923076
0 0.44591346153846156 0.5144230769230769 0.014423076923076924 0.014423076923076924
0 0.421875 0.5144230769230769 0.007211538461538462 0.014423076923076924
0 0.265625 0.5096153846153846 0.014423076923076924 0.016826923076923076
0 0.25 0.484375 0.014423076923076924 0.016826923076923076
0 0.3858173076923077 0.6117788461538461 0.014423076923076924 0.014423076923076924
0 0.4338942307692308 0.5877403846153846 0.01201923076923077 0.01201923076923077
0 0.6045673076923077 0.5793269230769231 0.009615384615384616 0.014423076923076924
0 0.3004807692307692 0.37740384615384615 0.01201923076923077 0.016826923076923076
0 0.390625 0.36658653846153844 0.014423076923076924 0.019230769230769232
0 0.34975961538461536 0.36778846153846156 0.014423076923076924 0.014423076923076924
0 0.4519230769230769 0.3786057692307692 0.01201923076923077 0.016826923076923076
0 0.22596153846153846 0.4050480769230769 0.009615384615384616 0.01201923076923077
0 0.28846153846153844 0.3173076923076923 0.009615384615384616 0.014423076923076924
0 0.5721153846153846 0.6009615384615384 0.009615384615384616 0.009615384615384616
0 0.6009615384615384 0.6322115384615384 0.007211538461538462 0.01201923076923077
0 0.9495192307692307 0.5072115384615384 0.01201923076923077 0.016826923076923076
0 0.9555288461538461 0.6141826923076923 0.009615384615384616 0.016826923076923076
0 0.9314903846153846 0.8521634615384616 0.01201923076923077 0.014423076923076924
0 0.328125 0.6670673076923077 0.01201923076923077 0.019230769230769232
0 0.3293269230769231 0.6334134615384616 0.014423076923076924 0.016826923076923076
0 0.4699519230769231 0.4651442307692308 0.009615384615384616 0.014423076923076924
0 0.5264423076923077 0.5240384615384616 0.01201923076923077 0.01201923076923077
0 0.5625 0.5745192307692307 0.007211538461538462 0.01201923076923077
0 0.8762019230769231 0.9086538461538461 0.014423076923076924 0.019230769230769232
0 0.8810096153846154 0.7764423076923077 0.019230769230769232 0.016826923076923076
0 0.32211538461538464 0.4987980769230769 0.014423076923076924 0.014423076923076924
0 0.29086538461538464 0.4807692307692308 0.009615384615384616 0.016826923076923076
0 0.29927884615384615 0.5144230769230769 0.019230769230769232 0.016826923076923076
0 0.30528846153846156 0.5384615384615384 0.016826923076923076 0.02403846153846154
0 0.35336538461538464 0.515625 0.014423076923076924 0.019230769230769232
0 0.3786057692307692 0.4987980769230769 0.014423076923076924 0.016826923076923076
0 0.4026442307692308 0.47115384615384615 0.014423076923076924 0.016826923076923076
0 0.45072115384615385 0.5528846153846154 0.014423076923076924 0.014423076923076924
0 0.4879807692307692 0.5288461538461539 0.01201923076923077 0.014423076923076924
0 0.5048076923076923 0.5048076923076923 0.009615384615384616 0.014423076923076924
0 0.5612980769230769 0.5132211538461539 0.016826923076923076 0.019230769230769232
0 0.5432692307692307 0.5697115384615384 0.01201923076923077 0.014423076923076924
0 0.49158653846153844 0.4675480769230769 0.01201923076923077 0.014423076923076924
0 0.421875 0.4170673076923077 0.007211538461538462 0.01201923076923077
0 0.23918269230769232 0.4411057692307692 0.01201923076923077 0.014423076923076924
0 0.2704326923076923 0.5733173076923077 0.014423076923076924 0.016826923076923076
0 0.30408653846153844 0.6201923076923077 0.01201923076923077 0.016826923076923076
0 0.3641826923076923 0.6225961538461539 0.014423076923076924 0.019230769230769232
0 0.37740384615384615 0.6454326923076923 0.01201923076923077 0.01201923076923077
0 0.21875 0.4987980769230769 0.01201923076923077 0.014423076923076924