0 0.3713942307692308 0.34615384615384615 0.016826923076923076 0.016826923076923076
0 0.33533653846153844 0.3918269230769231 0.016826923076923076 0.01201923076923077
0 0.5769230769230769 0.578125 0.007211538461538462 0.014423076923076924
0 0.5576923076923077 0.6358173076923077 0.009615384615384616 0.01201923076923077
0 0.4639423076923077 0.5 0.007211538461538462 0.009615384615384616
0 0.484375 0.49278846153846156 0.009615384615384616 0.016826923076923076
0 0.34375 0.34134615384615385 0.009615384615384616 0.01201923076923077
0 0.37259615384615385 0.30408653846153844 0.009615384615384616 0.01201923076923077
0 0.5709134615384616 0.6153846153846154 0.007211538461538462 0.009615384615384616
0 0.3701923076923077 0.5540865384615384 0.009615384615384616 0.014423076923076924
0 0.40024038461538464 0.5240384615384616 0.01201923076923077 0.01201923076923077
0 0.5120192307692307 0.5757211538461539 0.009615384615384616 0.014423076923076924
0 0.5588942307692307 0.5408653846153846 0.009615384615384616 0.01201923076923077
0 0.5576923076923077 0.5949519230769231 0.007211538461538462 0.016826923076923076
0 0.921875 0.6814903846153846 0.016826923076923076 0.021634615384615384
0 0.9110576923076923 0.7836538461538461 0.01201923076923077 0.019230769230769232
0 0.9002403846153846 0.8209134615384616 0.016826923076923076 0.014423076923076924
0 0.9146634615384616 0.8629807692307693 0.009615384615384616 0.016826923076923076
0 0.4326923076923077 0.42427884615384615 0.009615384615384616 0.014423076923076924
0 0.234375 0.38822115384615385 0.01201923076923077 0.007211538461538462
0 0.25841346153846156 0.3581730769230769 0.009615384615384616 0.014423076923076924
0 0.3389423076923077 0.30288461538461536 0.01201923076923077 0.014423076923076924
0 0.38822115384615385 0.203125 0.01201923076923077 0.016826923076923076
0 0.22115384615384615 0.4338942307692308 0.009615384615384616 0.016826923076923076
0 0.25600961538461536 0.43509615384615385 0.007211538461538462 0.01201923076923077
0 0.27163461538461536 0.4567307692307692 0.01201923076923077 0.009615384615384616
0 0.29447115384615385 0.4170673076923077 0.009615384615384616 0.014423076923076924
0 0.3269230769230769 0.46875 0.01201923076923077 0.01201923076923077
0 0.32091346153846156 0.5817307692307693 0.014423076923076924 0.009615384615384616
0 0.29927884615384615 0.5793269230769231 0.009615384615384616 0.01201923076923077
0 0.4050480769230769 0.5612980769230769 0.007211538461538462 0.016826923076923076
0 0.38341346153846156 0.5456730769230769 0.01201923076923077 0.01201923076923077
0 0.4891826923076923 0.5865384615384616 0.007211538461538462 0.014423076923076924
0 0.5721153846153846 0.6754807692307693 0.01201923076923077 0.016826923076923076
0 0.5348557692307693 0.5492788461538461 0.009615384615384616 0.014423076923076924
0 0.4495192307692308 0.46033653846153844 0.009615384615384616 0.016826923076923076
0 0.43149038461538464 0.46274038461538464 0.009615384615384616 0.014423076923076924
0 0.40865384615384615 0.5012019230769231 0.01201923076923077 0.01201923076923077
0 0.8978365384615384 0.7391826923076923 0.014423076923076924 0.019230769230769232
0 0.9278846153846154 0.7283653846153846 0.01201923076923077 0.014423076923076924
0 0.9459134615384616 0.6911057692307693 0.016826923076923076 0.02403846153846154
0 0.9134615384615384 0.6478365384615384 0.01201923076923077 0.021634615384615384
0 0.8846153846153846 0.6538461538461539 0.01201923076923077 0.016826923076923076
0 0.8810096153846154 0.7067307692307693 0.01201923076923077 0.014423076923076924
0 0.9447115384615384 0.7692307692307693 0.01201923076923077 0.016826923076923076
0 0.6213942307692307 0.640625 0.009615384615384616 0.014423076923076924
0 0.46875 0.5216346153846154 0.009615384615384616 0.019230769230769232
0 0.3701923076923077 0.5793269230769231 0.01201923076923077 0.016826923076923076
0 0.4026442307692308 0.5901442307692307 0.01201923076923077 0.016826923076923076
0 0.3762019230769231 0.47475961538461536 0.014423076923076924 0.016826923076923076
0 0.33533653846153844 0.5300480769230769 0.01201923076923077 0.01201923076923077
0 0.34375 0.5540865384615384 0.009615384615384616 0.014423076923076924
0 0.32091346153846156 0.44471153846153844 0.009615384615384616 0.014423076923076924
0 0.34375 0.4375 0.01201923076923077 0.014423076923076924
0 0.37259615384615385 0.42788461538461536 0.014423076923076924 0.019230769230769232
0 0.4098557692307692 0.4026442307692308 0.01201923076923077 0.016826923076923076
0 0.4651442307692308 0.41466346153846156 0.009615384615384616 0.014423076923076924
0 0.5853365384615384 0.6310096153846154 0.009615384615384616 0.014423076923076924
0 0.890625 0.8533653846153846 0.009615384615384616 0.01201923076923077
0 0.9399038461538461 0.5793269230769231 0.01201923076923077 0.019230769230769232
0 0.9543269230769231 0.828125 0.009615384615384616 0.014423076923076924
0 0.9591346153846154 0.8713942307692307 0.016826923076923076 0.019230769230769232
0 0.9519230769230769 0.9110576923076923 0.009615384615384616 0.016826923076923076
0 0.9278846153846154 0.9639423076923077 0.016826923076923076 0.016826923076923076
0 0.44591346153846156 0.515625 0.014423076923076924 0.014423076923076924
0 0.421875 0.515625 0.007211538461538462 0.014423076923076924
0 0.265625 0.5132211538461539 0.01201923076923077 0.016826923076923076
0 0.25 0.4879807692307692 0.01201923076923077 0.016826923076923076
0 0.3870192307692308 0.6141826923076923 0.014423076923076924 0.014423076923076924
0 0.4362980769230769 0.5877403846153846 0.01201923076923077 0.01201923076923077
0 0.6057692307692307 0.5769230769230769 0.009615384615384616 0.014423076923076924
0 0.2980769230769231 0.38100961538461536 0.01201923076923077 0.016826923076923076
0 0.38822115384615385 0.36778846153846156 0.014423076923076924 0.019230769230769232
0 0.3473557692307692 0.3701923076923077 0.014423076923076924 0.014423076923076924
0 0.4495192307692308 0.3798076923076923 0.01201923076923077 0.016826923076923076
0 0.2247596153846154 0.4098557692307692 0.009615384615384616 0.01201923076923077
0 0.2848557692307692 0.32091346153846156 0.009615384615384616 0.014423076923076924
0 0.5733173076923077 0.5985576923076923 0.009615384615384616 0.009615384615384616
0 0.6033653846153846 0.6298076923076923 0.007211538461538462 0.01201923076923077
0 0.9495192307692307 0.4987980769230769 0.009615384615384616 0.016826923076923076
0 0.9579326923076923 0.6069711538461539 0.009615384615384616 0.016826923076923076
0 0.9375 0.8449519230769231 0.009615384615384616 0.014423076923076924
0 0.3317307692307692 0.6706730769230769 0.01201923076923077 0.019230769230769232
0 0.3317307692307692 0.6358173076923077 0.01201923076923077 0.016826923076923076
0 0.4699519230769231 0.4651442307692308 0.009615384615384616 0.014423076923076924
0 0.5276442307692307 0.5240384615384616 0.01201923076923077 0.01201923076923077
0 0.5637019230769231 0.5733173076923077 0.007211538461538462 0.01201923076923077
0 0.8822115384615384 0.9014423076923077 0.014423076923076924 0.019230769230769232
0 0.8858173076923077 0.7692307692307693 0.016826923076923076 0.016826923076923076
0 0.32211538461538464 0.5024038461538461 0.014423076923076924 0.014423076923076924
0 0.28966346153846156 0.484375 0.009615384615384616 0.016826923076923076
0 0.3004807692307692 0.5168269230769231 0.019230769230769232 0.016826923076923076
0 0.30528846153846156 0.5420673076923077 0.016826923076923076 0.021634615384615384
0 0.3545673076923077 0.5192307692307693 0.014423076923076924 0.019230769230769232
0 0.3786057692307692 0.5012019230769231 0.014423076923076924 0.016826923076923076
0 0.4014423076923077 0.4723557692307692 0.014423076923076924 0.016826923076923076
0 0.4519230769230769 0.5528846153846154 0.014423076923076924 0.014423076923076924
0 0.4879807692307692 0.5288461538461539 0.01201923076923077 0.014423076923076924
0 0.5048076923076923 0.5048076923076923 0.009615384615384616 0.014423076923076924
0 0.5612980769230769 0.5120192307692307 0.016826923076923076 0.019230769230769232
0 0.5444711538461539 0.5697115384615384 0.01201923076923077 0.014423076923076924
0 0.49158653846153844 0.4675480769230769 0.009615384615384616 0.014423076923076924
0 0.4206730769230769 0.4182692307692308 0.007211538461538462 0.01201923076923077
0 0.23918269230769232 0.44591346153846156 0.01201923076923077 0.014423076923076924
0 0.27163461538461536 0.5769230769230769 0.014423076923076924 0.016826923076923076
0 0.30528846153846156 0.6237980769230769 0.009615384615384616 0.016826923076923076
0 0.36658653846153844 0.6237980769230769 0.014423076923076924 0.019230769230769232
0 0.3798076923076923 0.6466346153846154 0.01201923076923077 0.01201923076923077
0 0.21875 0.5036057692307693 0.01201923076923077 0.014423076923076924