0 0.39903846153846156 0.3269230769230769 0.019230769230769232 0.019230769230769232
0 0.35697115384615385 0.36538461538461536 0.016826923076923076 0.014423076923076924
0 0.5612980769230769 0.5901442307692307 0.009615384615384616 0.014423076923076924
0 0.5336538461538461 0.6430288461538461 0.01201923076923077 0.014423076923076924
0 0.4639423076923077 0.49399038461538464 0.009615384615384616 0.009615384615384616
0 0.48677884615384615 0.49038461538461536 0.01201923076923077 0.016826923076923076
0 0.3737980769230769 0.3161057692307692 0.009615384615384616 0.01201923076923077
0 0.40865384615384615 0.2848557692307692 0.009615384615384616 0.01201923076923077
0 0.5504807692307693 0.6262019230769231 0.007211538461538462 0.009615384615384616
0 0.3629807692307692 0.5300480769230769 0.01201923076923077 0.014423076923076924
0 0.39783653846153844 0.5072115384615384 0.014423076923076924 0.014423076923076924
0 0.4987980769230769 0.5769230769230769 0.01201923076923077 0.016826923076923076
0 0.5504807692307693 0.5504807692307693 0.009615384615384616 0.01201923076923077
0 0.5396634615384616 0.6033653846153846 0.009615384615384616 0.016826923076923076
0 0.8846153846153846 0.7524038461538461 0.019230769230769232 0.02403846153846154
0 0.8557692307692307 0.8509615384615384 0.014423076923076924 0.021634615384615384
0 0.8389423076923077 0.8858173076923077 0.019230769230769232 0.019230769230769232
0 0.8449519230769231 0.9290865384615384 0.01201923076923077 0.019230769230769232
0 0.44711538461538464 0.41346153846153844 0.01201923076923077 0.014423076923076924
0 0.25721153846153844 0.34375 0.01201923076923077 0.009615384615384616
0 0.2860576923076923 0.31850961538461536 0.01201923076923077 0.014423076923076924
0 0.3762019230769231 0.2776442307692308 0.014423076923076924 0.016826923076923076
0 0.4411057692307692 0.18870192307692307 0.014423076923076924 0.019230769230769232
0 0.23677884615384615 0.3858173076923077 0.01201923076923077 0.016826923076923076
0 0.27163461538461536 0.39302884615384615 0.009615384615384616 0.01201923076923077
0 0.2824519230769231 0.4170673076923077 0.01201923076923077 0.01201923076923077
0 0.3125 0.38221153846153844 0.01201923076923077 0.016826923076923076
0 0.33533653846153844 0.4387019230769231 0.014423076923076924 0.014423076923076924
0 0.3088942307692308 0.5492788461538461 0.016826923076923076 0.01201923076923077
0 0.28846153846153844 0.5432692307692307 0.01201923076923077 0.014423076923076924
0 0.39663461538461536 0.5432692307692307 0.01201923076923077 0.019230769230769232
0 0.37740384615384615 0.5252403846153846 0.014423076923076924 0.014423076923076924
0 0.47475961538461536 0.5829326923076923 0.009615384615384616 0.014423076923076924
0 0.5408653846153846 0.6850961538461539 0.016826923076923076 0.019230769230769232
0 0.5264423076923077 0.5552884615384616 0.01201923076923077 0.014423076923076924
0 0.4579326923076923 0.4519230769230769 0.01201923076923077 0.016826923076923076
0 0.4387019230769231 0.4519230769230769 0.01201923076923077 0.014423076923076924
0 0.4098557692307692 0.484375 0.014423076923076924 0.014423076923076924
0 0.8497596153846154 0.8040865384615384 0.016826923076923076 0.021634615384615384
0 0.8810096153846154 0.7992788461538461 0.014423076923076924 0.016826923076923076
0 0.90625 0.765625 0.019230769230769232 0.026442307692307692
0 0.8822115384615384 0.7175480769230769 0.014423076923076924 0.021634615384615384
0 0.8521634615384616 0.7175480769230769 0.014423076923076924 0.019230769230769232
0 0.8389423076923077 0.7692307692307693 0.014423076923076924 0.016826923076923076
0 0.8918269230769231 0.8425480769230769 0.014423076923076924 0.016826923076923076
0 0.5949519230769231 0.6598557692307693 0.01201923076923077 0.014423076923076924
0 0.4651442307692308 0.515625 0.01201923076923077 0.019230769230769232
0 0.3581730769230769 0.5552884615384616 0.016826923076923076 0.019230769230769232
0 0.38822115384615385 0.5709134615384616 0.014423076923076924 0.019230769230769232
0 0.38221153846153844 0.453125 0.019230769230769232 0.019230769230769232
0 0.3329326923076923 0.5012019230769231 0.014423076923076924 0.014423076923076924
0 0.33653846153846156 0.5264423076923077 0.01201923076923077 0.014423076923076924
0 0.3329326923076923 0.41466346153846156 0.01201923076923077 0.014423076923076924
0 0.35697115384615385 0.4110576923076923 0.014423076923076924 0.016826923076923076
0 0.3870192307692308 0.4074519230769231 0.016826923076923076 0.019230769230769232
0 0.42908653846153844 0.38822115384615385 0.014423076923076924 0.019230769230769232
0 0.4807692307692308 0.4098557692307692 0.01201923076923077 0.014423076923076924
0 0.5612980769230769 0.6442307692307693 0.01201923076923077 0.014423076923076924
0 0.8233173076923077 0.9158653846153846 0.009615384615384616 0.01201923076923077
0 0.9194711538461539 0.6538461538461539 0.014423076923076924 0.019230769230769232
0 0.890625 0.9014423076923077 0.01201923076923077 0.016826923076923076
0 0.8882211538461539 0.9459134615384616 0.019230769230769232 0.021634615384615384
0 0.8737980769230769 0.9831730769230769 0.01201923076923077 0.016826923076923076
0 0.44350961538461536 0.5060096153846154 0.016826923076923076 0.016826923076923076
0 0.4206730769230769 0.5024038461538461 0.009615384615384616 0.014423076923076924
0 0.2668269230769231 0.4723557692307692 0.014423076923076924 0.019230769230769232
0 0.25600961538461536 0.44591346153846156 0.014423076923076924 0.019230769230769232
0 0.36899038461538464 0.5925480769230769 0.016826923076923076 0.016826923076923076
0 0.421875 0.5757211538461539 0.014423076923076924 0.014423076923076924
0 0.5901442307692307 0.5949519230769231 0.01201923076923077 0.014423076923076924
0 0.32211538461538464 0.3473557692307692 0.014423076923076924 0.019230769230769232
0 0.41346153846153844 0.35096153846153844 0.016826923076923076 0.019230769230769232
0 0.37259615384615385 0.34615384615384615 0.016826923076923076 0.016826923076923076
0 0.47115384615384615 0.37259615384615385 0.014423076923076924 0.016826923076923076
0 0.2439903846153846 0.3629807692307692 0.01201923076923077 0.01201923076923077
0 0.31971153846153844 0.2860576923076923 0.01201923076923077 0.014423076923076924
0 0.5552884615384616 0.6105769230769231 0.009615384615384616 0.01201923076923077
0 0.5793269230769231 0.6454326923076923 0.009615384615384616 0.01201923076923077
0 0.9423076923076923 0.5769230769230769 0.01201923076923077 0.016826923076923076
0 0.9326923076923077 0.6850961538461539 0.01201923076923077 0.016826923076923076
0 0.8701923076923077 0.9158653846153846 0.01201923076923077 0.016826923076923076
0 0.30408653846153844 0.6382211538461539 0.014423076923076924 0.019230769230769232
0 0.31009615384615385 0.6045673076923077 0.014423076923076924 0.019230769230769232
0 0.47596153846153844 0.46033653846153844 0.01201923076923077 0.016826923076923076
0 0.5228365384615384 0.5276442307692307 0.014423076923076924 0.014423076923076924
0 0.5504807692307693 0.5829326923076923 0.009615384615384616 0.01201923076923077
0 0.8076923076923077 0.9615384615384616 0.016826923076923076 0.021634615384615384
0 0.8329326923076923 0.8317307692307693 0.019230769230769232 0.019230769230769232
0 0.3233173076923077 0.47115384615384615 0.016826923076923076 0.016826923076923076
0 0.2956730769230769 0.4483173076923077 0.01201923076923077 0.019230769230769232
0 0.3004807692307692 0.48197115384615385 0.021634615384615384 0.019230769230769232
0 0.3016826923076923 0.5072115384615384 0.019230769230769232 0.02403846153846154
0 0.35336538461538464 0.49278846153846156 0.016826923076923076 0.021634615384615384
0 0.3798076923076923 0.4795673076923077 0.016826923076923076 0.019230769230769232
0 0.40865384615384615 0.45552884615384615 0.016826923076923076 0.019230769230769232
0 0.44350961538461536 0.5444711538461539 0.016826923076923076 0.016826923076923076
0 0.4831730769230769 0.5264423076923077 0.014423076923076924 0.016826923076923076
0 0.5036057692307693 0.5060096153846154 0.01201923076923077 0.014423076923076924
0 0.5588942307692307 0.5216346153846154 0.019230769230769232 0.021634615384615384
0 0.53125 0.5757211538461539 0.014423076923076924 0.016826923076923076
0 0.49759615384615385 0.4675480769230769 0.01201923076923077 0.016826923076923076
0 0.43509615384615385 0.40625 0.009615384615384616 0.01201923076923077
0 0.25240384615384615 0.4014423076923077 0.014423076923076924 0.014423076923076924
0 0.2620192307692308 0.5360576923076923 0.016826923076923076 0.019230769230769232
0 0.28725961538461536 0.5877403846153846 0.01201923076923077 0.016826923076923076
0 0.34615384615384615 0.5997596153846154 0.016826923076923076 0.021634615384615384
0 0.3557692307692308 0.6237980769230769 0.014423076923076924 0.014423076923076924
0 0.22235576923076922 0.4543269230769231 0.014423076923076924 0.016826923076923076