1 0.5048076923076923 0.15625 0.038461538461538464 0.036057692307692304
1 0.2776442307692308 0.40625 0.02403846153846154 0.038461538461538464
1 0.328125 0.46875 0.026442307692307692 0.040865384615384616
1 0.4855769230769231 0.46634615384615385 0.02403846153846154 0.03125
1 0.5661057692307693 0.5024038461538461 0.019230769230769232 0.028846153846153848
1 0.9879807692307693 0.3389423076923077 0.019230769230769232 0.04326923076923077
1 0.671875 0.39302884615384615 0.028846153846153848 0.040865384615384616
1 0.3918269230769231 0.6298076923076923 0.016826923076923076 0.019230769230769232
1 0.47596153846153844 0.6189903846153846 0.026442307692307692 0.03125
1 0.5769230769230769 0.6538461538461539 0.019230769230769232 0.019230769230769232
1 0.5853365384615384 0.7355769230769231 0.021634615384615384 0.021634615384615384
1 0.4891826923076923 0.7127403846153846 0.021634615384615384 0.021634615384615384
1 0.34615384615384615 0.7908653846153846 0.02403846153846154 0.028846153846153848
1 0.4423076923076923 0.8064903846153846 0.02403846153846154 0.03125
1 0.4170673076923077 0.8641826923076923 0.026442307692307692 0.026442307692307692
1 0.39903846153846156 0.8221153846153846 0.021634615384615384 0.026442307692307692
1 0.3762019230769231 0.8185096153846154 0.019230769230769232 0.028846153846153848
1 0.5985576923076923 0.19471153846153846 0.02403846153846154 0.026442307692307692
1 0.7776442307692307 0.21394230769230768 0.02403846153846154 0.03125
1 0.23798076923076922 0.10576923076923077 0.021634615384615384 0.021634615384615384