1 0.46274038461538464 0.15745192307692307 0.03365384615384615 0.03125
1 0.26802884615384615 0.4338942307692308 0.021634615384615384 0.036057692307692304
1 0.32572115384615385 0.4891826923076923 0.021634615384615384 0.038461538461538464
1 0.48197115384615385 0.46875 0.021634615384615384 0.03125
1 0.5661057692307693 0.4951923076923077 0.016826923076923076 0.028846153846153848
1 0.9711538461538461 0.27884615384615385 0.03125 0.038461538461538464
1 0.6574519230769231 0.37259615384615385 0.02403846153846154 0.038461538461538464
1 0.40865384615384615 0.6430288461538461 0.014423076923076924 0.019230769230769232
1 0.49158653846153844 0.6213942307692307 0.02403846153846154 0.028846153846153848
1 0.5949519230769231 0.6442307692307693 0.016826923076923076 0.019230769230769232
1 0.6129807692307693 0.7235576923076923 0.019230769230769232 0.021634615384615384
1 0.515625 0.7127403846153846 0.021634615384615384 0.019230769230769232
1 0.38221153846153844 0.8076923076923077 0.021634615384615384 0.028846153846153848
1 0.4795673076923077 0.8112980769230769 0.019230769230769232 0.03125
1 0.46153846153846156 0.8713942307692307 0.02403846153846154 0.02403846153846154
1 0.4387019230769231 0.8317307692307693 0.021634615384615384 0.02403846153846154
1 0.41586538461538464 0.8317307692307693 0.016826923076923076 0.028846153846153848
1 0.5600961538461539 0.18509615384615385 0.021634615384615384 0.02403846153846154
1 0.7403846153846154 0.1814903846153846 0.021634615384615384 0.028846153846153848
1 0.19110576923076922 0.14182692307692307 0.019230769230769232 0.021634615384615384