1 0.40384615384615385 0.16947115384615385 0.03365384615384615 0.03125
1 0.2608173076923077 0.47475961538461536 0.019230769230769232 0.036057692307692304
1 0.3269230769230769 0.5204326923076923 0.019230769230769232 0.038461538461538464
1 0.47716346153846156 0.4723557692307692 0.019230769230769232 0.028846153846153848
1 0.5637019230769231 0.4831730769230769 0.016826923076923076 0.026442307692307692
1 0.9254807692307693 0.20072115384615385 0.028846153846153848 0.036057692307692304
1 0.9122596153846154 0.9555288461538461 0.02403846153846154 0.036057692307692304
1 0.6334134615384616 0.3473557692307692 0.021634615384615384 0.038461538461538464
1 0.43509615384615385 0.65625 0.014423076923076924 0.016826923076923076
1 0.5120192307692307 0.6213942307692307 0.02403846153846154 0.026442307692307692
1 0.6189903846153846 0.625 0.014423076923076924 0.016826923076923076
1 0.6502403846153846 0.7007211538461539 0.016826923076923076 0.019230769230769232
1 0.5516826923076923 0.7067307692307693 0.019230769230769232 0.016826923076923076
1 0.4375 0.8233173076923077 0.019230769230769232 0.026442307692307692
1 0.5348557692307693 0.8100961538461539 0.019230769230769232 0.028846153846153848
1 0.5264423076923077 0.8725961538461539 0.021634615384615384 0.021634615384615384
1 0.49759615384615385 0.8377403846153846 0.019230769230769232 0.021634615384615384
1 0.47475961538461536 0.8401442307692307 0.016826923076923076 0.026442307692307692
1 0.5048076923076923 0.17908653846153846 0.019230769230769232 0.021634615384615384
1 0.6814903846153846 0.14543269230769232 0.021634615384615384 0.026442307692307692
1 0.1346153846153846 0.20072115384615385 0.016826923076923076 0.019230769230769232