0 0.30408653846153844 0.5120192307692307 0.026442307692307692 0.036057692307692304
0 0.5985576923076923 0.30288461538461536 0.01201923076923077 0.019230769230769232
0 0.7512019230769231 0.9495192307692307 0.021634615384615384 0.03365384615384615
0 0.3137019230769231 0.6598557692307693 0.019230769230769232 0.03125
0 0.5408653846153846 0.48197115384615385 0.016826923076923076 0.02403846153846154
0 0.5336538461538461 0.265625 0.016826923076923076 0.019230769230769232
0 0.5637019230769231 0.27524038461538464 0.01201923076923077 0.02403846153846154
0 0.28846153846153844 0.38461538461538464 0.019230769230769232 0.036057692307692304
0 0.32211538461538464 0.359375 0.014423076923076924 0.02403846153846154
0 0.49158653846153844 0.3449519230769231 0.016826923076923076 0.014423076923076924
0 0.5264423076923077 0.24158653846153846 0.016826923076923076 0.016826923076923076
0 0.4963942307692308 0.22235576923076922 0.01201923076923077 0.021634615384615384
0 0.65625 0.23918269230769232 0.019230769230769232 0.021634615384615384
0 0.3798076923076923 0.24519230769230768 0.026442307692307692 0.03125
0 0.41947115384615385 0.4110576923076923 0.016826923076923076 0.03125
0 0.40625 0.8786057692307693 0.019230769230769232 0.028846153846153848
0 0.3161057692307692 0.7740384615384616 0.02403846153846154 0.021634615384615384
0 0.30649038461538464 0.7367788461538461 0.019230769230769232 0.02403846153846154
0 0.33533653846153844 0.9038461538461539 0.02403846153846154 0.03365384615384615
0 0.25240384615384615 0.20192307692307693 0.019230769230769232 0.026442307692307692
0 0.2704326923076923 0.5132211538461539 0.016826923076923076 0.026442307692307692
0 0.5144230769230769 0.48677884615384615 0.016826923076923076 0.036057692307692304
0 0.5901442307692307 0.14302884615384615 0.019230769230769232 0.02403846153846154
0 0.5300480769230769 0.1971153846153846 0.01201923076923077 0.019230769230769232