0 0.30408653846153844 0.4807692307692308 0.03125 0.040865384615384616
0 0.6274038461538461 0.31971153846153844 0.014423076923076924 0.019230769230769232
0 0.6778846153846154 0.9807692307692307 0.028846153846153848 0.03365384615384615
0 0.29086538461538464 0.6286057692307693 0.02403846153846154 0.03365384615384615
0 0.5432692307692307 0.4891826923076923 0.021634615384615384 0.026442307692307692
0 0.5697115384615384 0.27403846153846156 0.019230769230769232 0.021634615384615384
0 0.5985576923076923 0.28725961538461536 0.014423076923076924 0.02403846153846154
0 0.3088942307692308 0.35336538461538464 0.026442307692307692 0.038461538461538464
0 0.3473557692307692 0.3329326923076923 0.016826923076923076 0.02403846153846154
0 0.5168269230769231 0.3449519230769231 0.019230769230769232 0.016826923076923076
0 0.5661057692307693 0.24879807692307693 0.016826923076923076 0.016826923076923076
0 0.5396634615384616 0.22596153846153846 0.014423076923076924 0.021634615384615384
0 0.6959134615384616 0.2668269230769231 0.021634615384615384 0.02403846153846154
0 0.4206730769230769 0.22956730769230768 0.028846153846153848 0.036057692307692304
0 0.43509615384615385 0.39903846153846156 0.021634615384615384 0.03365384615384615
0 0.3473557692307692 0.8581730769230769 0.02403846153846154 0.03125
0 0.27524038461538464 0.7427884615384616 0.026442307692307692 0.026442307692307692
0 0.27163461538461536 0.7043269230769231 0.02403846153846154 0.026442307692307692
0 0.27403846153846156 0.8725961538461539 0.028846153846153848 0.036057692307692304
0 0.3016826923076923 0.16706730769230768 0.021634615384615384 0.028846153846153848
0 0.2704326923076923 0.47716346153846156 0.021634615384615384 0.028846153846153848
0 0.5168269230769231 0.4891826923076923 0.02403846153846154 0.038461538461538464
0 0.6454326923076923 0.1622596153846154 0.021634615384615384 0.026442307692307692
0 0.578125 0.20552884615384615 0.014423076923076924 0.019230769230769232