0 0.3112980769230769 0.5528846153846154 0.026442307692307692 0.036057692307692304
0 0.5552884615384616 0.2860576923076923 0.01201923076923077 0.019230769230769232
0 0.8389423076923077 0.8870192307692307 0.021634615384615384 0.03365384615384615
0 0.35096153846153844 0.6947115384615384 0.019230769230769232 0.03125
0 0.5360576923076923 0.47475961538461536 0.016826923076923076 0.02403846153846154
0 0.4831730769230769 0.26322115384615385 0.016826923076923076 0.019230769230769232
0 0.515625 0.2668269230769231 0.01201923076923077 0.02403846153846154
0 0.2692307692307692 0.43149038461538464 0.019230769230769232 0.036057692307692304
0 0.296875 0.39903846153846156 0.014423076923076924 0.02403846153846154
0 0.46033653846153844 0.34975961538461536 0.016826923076923076 0.014423076923076924
0 0.47115384615384615 0.24158653846153846 0.016826923076923076 0.016826923076923076
0 0.4387019230769231 0.22956730769230768 0.01201923076923077 0.021634615384615384
0 0.5985576923076923 0.2127403846153846 0.019230769230769232 0.021634615384615384
0 0.3293269230769231 0.2764423076923077 0.026442307692307692 0.03125
0 0.4026442307692308 0.42908653846153844 0.016826923076923076 0.03125
0 0.48677884615384615 0.8894230769230769 0.019230769230769232 0.028846153846153848
0 0.37740384615384615 0.8064903846153846 0.02403846153846154 0.021634615384615384
0 0.359375 0.7716346153846154 0.019230769230769232 0.02403846153846154
0 0.4230769230769231 0.9290865384615384 0.02403846153846154 0.03365384615384615
0 0.19591346153846154 0.25961538461538464 0.019230769230769232 0.026442307692307692
0 0.2776442307692308 0.5612980769230769 0.016826923076923076 0.026442307692307692
0 0.5120192307692307 0.484375 0.016826923076923076 0.036057692307692304
0 0.5144230769230769 0.13221153846153846 0.019230769230769232 0.02403846153846154
0 0.4675480769230769 0.1971153846153846 0.01201923076923077 0.019230769230769232