0 0.38461538461538464 0.125 0.028846153846153848 0.04807692307692308
0 0.6262019230769231 0.3137019230769231 0.019230769230769232 0.02403846153846154
0 0.6658653846153846 0.7055288461538461 0.021634615384615384 0.019230769230769232
0 0.6237980769230769 0.6201923076923077 0.01201923076923077 0.02403846153846154
0 0.28966346153846156 0.5661057692307693 0.03125 0.04326923076923077
0 0.328125 0.5204326923076923 0.026442307692307692 0.03125
0 0.5552884615384616 0.8329326923076923 0.019230769230769232 0.03125
0 0.44591346153846156 0.6634615384615384 0.02403846153846154 0.03125
0 0.5204326923076923 0.625 0.019230769230769232 0.02403846153846154
0 0.5528846153846154 0.9014423076923077 0.019230769230769232 0.03125
0 0.2536057692307692 0.4735576923076923 0.019230769230769232 0.02403846153846154
0 0.5625 0.46634615384615385 0.019230769230769232 0.019230769230769232
0 0.5661057692307693 0.7175480769230769 0.016826923076923076 0.02403846153846154
0 0.45913461538461536 0.8569711538461539 0.016826923076923076 0.02403846153846154
0 0.5180288461538461 0.8701923076923077 0.019230769230769232 0.03125
0 0.484375 0.12980769230769232 0.016826923076923076 0.03125