0 0.3329326923076923 0.14543269230769232 0.03365384615384615 0.05048076923076923
0 0.5997596153846154 0.2980769230769231 0.021634615384615384 0.026442307692307692
0 0.6923076923076923 0.6802884615384616 0.02403846153846154 0.021634615384615384
0 0.6394230769230769 0.6009615384615384 0.016826923076923076 0.02403846153846154
0 0.3004807692307692 0.59375 0.036057692307692304 0.04567307692307692
0 0.3329326923076923 0.5444711538461539 0.03125 0.03365384615384615
0 0.6009615384615384 0.8221153846153846 0.02403846153846154 0.03125
0 0.46875 0.6694711538461539 0.026442307692307692 0.03365384615384615
0 0.5372596153846154 0.6201923076923077 0.021634615384615384 0.026442307692307692
0 0.6081730769230769 0.890625 0.02403846153846154 0.03125
0 0.25240384615384615 0.5084134615384616 0.021634615384615384 0.026442307692307692
0 0.5576923076923077 0.4579326923076923 0.019230769230769232 0.019230769230769232
0 0.5961538461538461 0.7067307692307693 0.019230769230769232 0.026442307692307692
0 0.5096153846153846 0.859375 0.019230769230769232 0.026442307692307692
0 0.5697115384615384 0.8641826923076923 0.02403846153846154 0.03125
0 0.4326923076923077 0.13581730769230768 0.021634615384615384 0.03125