0 0.5264423076923077 0.109375 0.036057692307692304 0.05048076923076923
0 0.6850961538461539 0.3713942307692308 0.021634615384615384 0.026442307692307692
0 0.5805288461538461 0.7512019230769231 0.02403846153846154 0.021634615384615384
0 0.5721153846153846 0.65625 0.016826923076923076 0.02403846153846154
0 0.2800480769230769 0.4855769230769231 0.036057692307692304 0.04567307692307692
0 0.3317307692307692 0.4579326923076923 0.03125 0.03365384615384615
0 0.4326923076923077 0.8305288461538461 0.02403846153846154 0.03125
0 0.390625 0.6334134615384616 0.026442307692307692 0.03365384615384615
0 0.47475961538461536 0.6237980769230769 0.021634615384615384 0.026442307692307692
0 0.4050480769230769 0.8942307692307693 0.02403846153846154 0.03125
0 0.27884615384615385 0.3870192307692308 0.021634615384615384 0.026442307692307692
0 0.5709134615384616 0.49158653846153844 0.021634615384615384 0.021634615384615384
0 0.484375 0.7271634615384616 0.019230769230769232 0.026442307692307692
0 0.33413461538461536 0.8185096153846154 0.019230769230769232 0.026442307692307692
0 0.38461538461538464 0.8521634615384616 0.02403846153846154 0.03125
0 0.6177884615384616 0.14783653846153846 0.021634615384615384 0.03125