0 0.5985576923076923 0.5240384615384616 0.04567307692307692 0.0625
0 0.5504807692307693 0.3173076923076923 0.05048076923076923 0.06490384615384616
0 0.8461538461538461 0.3894230769230769 0.028846153846153848 0.04807692307692308
0 0.4338942307692308 0.4795673076923077 0.026442307692307692 0.026442307692307692
0 0.33533653846153844 0.4026442307692308 0.03365384615384615 0.04567307692307692
0 0.04807692307692308 0.45913461538461536 0.03365384615384615 0.04326923076923077
0 0.5709134615384616 0.6826923076923077 0.036057692307692304 0.04326923076923077
0 0.4639423076923077 0.7668269230769231 0.03365384615384615 0.04326923076923077
0 0.49038461538461536 0.984375 0.028846153846153848 0.026442307692307692
0 0.39663461538461536 0.9663461538461539 0.03365384615384615 0.036057692307692304
0 0.9387019230769231 0.5721153846153846 0.028846153846153848 0.03125
0 0.9627403846153846 0.4519230769230769 0.021634615384615384 0.036057692307692304
0 0.4735576923076923 0.4807692307692308 0.019230769230769232 0.014423076923076924
0 0.45552884615384615 0.5096153846153846 0.01201923076923077 0.016826923076923076
0 0.39783653846153844 0.12980769230769232 0.019230769230769232 0.02403846153846154
0 0.6177884615384616 0.07572115384615384 0.021634615384615384 0.026442307692307692
0 0.9338942307692307 0.18269230769230768 0.019230769230769232 0.028846153846153848