0 0.5925480769230769 0.5384615384615384 0.038461538461538464 0.06009615384615385
0 0.5793269230769231 0.3269230769230769 0.04326923076923077 0.06009615384615385
0 0.859375 0.44471153846153844 0.02403846153846154 0.04567307692307692
0 0.4375 0.4699519230769231 0.02403846153846154 0.02403846153846154
0 0.35336538461538464 0.3786057692307692 0.028846153846153848 0.04326923076923077
0 0.06009615384615385 0.3894230769230769 0.028846153846153848 0.040865384615384616
0 0.5408653846153846 0.6923076923076923 0.03125 0.040865384615384616
0 0.421875 0.7584134615384616 0.028846153846153848 0.040865384615384616
0 0.41346153846153844 0.9783653846153846 0.02403846153846154 0.026442307692307692
0 0.32572115384615385 0.9447115384615384 0.028846153846153848 0.03365384615384615
0 0.921875 0.6394230769230769 0.02403846153846154 0.028846153846153848
0 0.9651442307692307 0.5252403846153846 0.016826923076923076 0.036057692307692304
0 0.47596153846153844 0.47716346153846156 0.019230769230769232 0.01201923076923077
0 0.4543269230769231 0.5024038461538461 0.009615384615384616 0.016826923076923076
0 0.4579326923076923 0.11778846153846154 0.016826923076923076 0.021634615384615384
0 0.6826923076923077 0.09975961538461539 0.019230769230769232 0.02403846153846154
0 0.9783653846153846 0.2548076923076923 0.016826923076923076 0.026442307692307692