0 0.5961538461538461 0.5324519230769231 0.040865384615384616 0.06009615384615385
0 0.5661057692307693 0.32211538461538464 0.04567307692307692 0.06009615384615385
0 0.8545673076923077 0.41947115384615385 0.02403846153846154 0.04567307692307692
0 0.4362980769230769 0.47475961538461536 0.026442307692307692 0.026442307692307692
0 0.3449519230769231 0.3894230769230769 0.028846153846153848 0.04326923076923077
0 0.052884615384615384 0.41947115384615385 0.03125 0.040865384615384616
0 0.5540865384615384 0.6887019230769231 0.03365384615384615 0.040865384615384616
0 0.43990384615384615 0.7632211538461539 0.03125 0.040865384615384616
0 0.44711538461538464 0.9831730769230769 0.026442307692307692 0.028846153846153848
0 0.35697115384615385 0.9555288461538461 0.03125 0.03365384615384615
0 0.9302884615384616 0.609375 0.026442307692307692 0.03125
0 0.9651442307692307 0.49278846153846156 0.019230769230769232 0.036057692307692304
0 0.47475961538461536 0.47836538461538464 0.019230769230769232 0.01201923076923077
0 0.4543269230769231 0.5060096153846154 0.009615384615384616 0.016826923076923076
0 0.43028846153846156 0.12259615384615384 0.016826923076923076 0.021634615384615384
0 0.6538461538461539 0.08774038461538461 0.019230769230769232 0.02403846153846154
0 0.9591346153846154 0.22235576923076922 0.019230769230769232 0.026442307692307692