0 0.5757211538461539 0.7908653846153846 0.01201923076923077 0.019230769230769232
0 0.5985576923076923 0.7199519230769231 0.009615384615384616 0.014423076923076924
0 0.5817307692307693 0.7139423076923077 0.009615384615384616 0.01201923076923077
0 0.3112980769230769 0.7043269230769231 0.01201923076923077 0.019230769230769232
0 0.6947115384615384 0.8725961538461539 0.014423076923076924 0.021634615384615384
0 0.7283653846153846 0.8677884615384616 0.01201923076923077 0.021634615384615384
0 0.6430288461538461 0.9194711538461539 0.014423076923076924 0.014423076923076924
0 0.5072115384615384 0.7259615384615384 0.014423076923076924 0.016826923076923076
0 0.49399038461538464 0.6274038461538461 0.009615384615384616 0.014423076923076924
0 0.49399038461538464 0.6526442307692307 0.014423076923076924 0.016826923076923076
0 0.4735576923076923 0.6430288461538461 0.01201923076923077 0.016826923076923076
0 0.41346153846153844 0.6298076923076923 0.014423076923076924 0.016826923076923076
0 0.6298076923076923 0.7235576923076923 0.009615384615384616 0.014423076923076924
0 0.5576923076923077 0.6850961538461539 0.009615384615384616 0.014423076923076924
0 0.5132211538461539 0.6670673076923077 0.007211538461538462 0.01201923076923077
0 0.38221153846153844 0.7055288461538461 0.014423076923076924 0.019230769230769232
0 0.40024038461538464 0.6730769230769231 0.016826923076923076 0.021634615384615384
0 0.5168269230769231 0.4519230769230769 0.016826923076923076 0.016826923076923076
0 0.4543269230769231 0.5036057692307693 0.014423076923076924 0.019230769230769232
0 0.33774038461538464 0.6153846153846154 0.016826923076923076 0.019230769230769232
0 0.375 0.5444711538461539 0.014423076923076924 0.016826923076923076
0 0.3762019230769231 0.48677884615384615 0.016826923076923076 0.021634615384615384
0 0.7379807692307693 0.7980769230769231 0.01201923076923077 0.019230769230769232
0 0.31490384615384615 0.5901442307692307 0.016826923076923076 0.021634615384615384
0 0.40625 0.5348557692307693 0.016826923076923076 0.021634615384615384
0 0.5649038461538461 0.7103365384615384 0.01201923076923077 0.01201923076923077
0 0.5324519230769231 0.7199519230769231 0.01201923076923077 0.016826923076923076
0 0.4206730769230769 0.7211538461538461 0.014423076923076924 0.019230769230769232
0 0.4050480769230769 0.75 0.014423076923076924 0.01201923076923077
0 0.421875 0.6875 0.01201923076923077 0.016826923076923076
0 0.5360576923076923 0.6622596153846154 0.01201923076923077 0.019230769230769232
0 0.5144230769230769 0.6177884615384616 0.014423076923076924 0.014423076923076924
0 0.5264423076923077 0.3641826923076923 0.016826923076923076 0.021634615384615384
0 0.4675480769230769 0.46033653846153844 0.014423076923076924 0.016826923076923076
0 0.47716346153846156 0.4387019230769231 0.01201923076923077 0.016826923076923076
0 0.47475961538461536 0.5336538461538461 0.009615384615384616 0.019230769230769232
0 0.5084134615384616 0.484375 0.01201923076923077 0.019230769230769232
0 0.5192307692307693 0.6838942307692307 0.01201923076923077 0.01201923076923077
0 0.6334134615384616 0.6129807692307693 0.01201923076923077 0.016826923076923076
0 0.3317307692307692 0.5108173076923077 0.014423076923076924 0.019230769230769232
0 0.35096153846153844 0.5817307692307693 0.016826923076923076 0.021634615384615384
0 0.3581730769230769 0.6754807692307693 0.01201923076923077 0.019230769230769232
0 0.44591346153846156 0.6983173076923077 0.009615384615384616 0.014423076923076924
0 0.44471153846153844 0.6370192307692307 0.019230769230769232 0.02403846153846154
0 0.59375 0.75 0.01201923076923077 0.016826923076923076
0 0.5877403846153846 0.7680288461538461 0.01201923076923077 0.014423076923076924
0 0.6189903846153846 0.7860576923076923 0.014423076923076924 0.016826923076923076
0 0.6358173076923077 0.8064903846153846 0.014423076923076924 0.014423076923076924
0 0.7175480769230769 0.7283653846153846 0.014423076923076924 0.016826923076923076
0 0.5805288461538461 0.6346153846153846 0.01201923076923077 0.021634615384615384
0 0.6081730769230769 0.5504807692307693 0.01201923076923077 0.019230769230769232
0 0.39903846153846156 0.42427884615384615 0.01201923076923077 0.016826923076923076
0 0.4387019230769231 0.3858173076923077 0.014423076923076924 0.019230769230769232
0 0.5901442307692307 0.8389423076923077 0.01201923076923077 0.016826923076923076
0 0.6129807692307693 0.8894230769230769 0.01201923076923077 0.016826923076923076
0 0.6081730769230769 0.8341346153846154 0.014423076923076924 0.019230769230769232
0 0.6033653846153846 0.8064903846153846 0.01201923076923077 0.019230769230769232
0 0.6358173076923077 0.8521634615384616 0.01201923076923077 0.019230769230769232
0 0.7043269230769231 0.9098557692307693 0.01201923076923077 0.019230769230769232
0 0.6923076923076923 0.9362980769230769 0.016826923076923076 0.016826923076923076
0 0.5204326923076923 0.4182692307692308 0.019230769230769232 0.026442307692307692
0 0.5612980769230769 0.40024038461538464 0.016826923076923076 0.016826923076923076
0 0.5408653846153846 0.4050480769230769 0.01201923076923077 0.019230769230769232
0 0.5384615384615384 0.453125 0.016826923076923076 0.028846153846153848
0 0.4411057692307692 0.46033653846153844 0.016826923076923076 0.02403846153846154
0 0.40384615384615385 0.4987980769230769 0.016826923076923076 0.019230769230769232
0 0.39663461538461536 0.46033653846153844 0.014423076923076924 0.019230769230769232
0 0.2848557692307692 0.6225961538461539 0.014423076923076924 0.021634615384615384
0 0.36899038461538464 0.6358173076923077 0.021634615384615384 0.028846153846153848
0 0.39903846153846156 0.6177884615384616 0.014423076923076924 0.014423076923076924
0 0.453125 0.6129807692307693 0.016826923076923076 0.016826923076923076
0 0.5060096153846154 0.5564903846153846 0.016826923076923076 0.021634615384615384
0 0.46153846153846156 0.7127403846153846 0.014423076923076924 0.019230769230769232
0 0.5853365384615384 0.6778846153846154 0.016826923076923076 0.019230769230769232
0 0.42908653846153844 0.5480769230769231 0.016826923076923076 0.02403846153846154
0 0.5408653846153846 0.23317307692307693 0.021634615384615384 0.021634615384615384
0 0.4891826923076923 0.23317307692307693 0.019230769230769232 0.03365384615384615
0 0.4807692307692308 0.3762019230769231 0.014423076923076924 0.028846153846153848
0 0.5985576923076923 0.4074519230769231 0.019230769230769232 0.026442307692307692
0 0.3485576923076923 0.46875 0.019230769230769232 0.021634615384615384