0 0.6995192307692307 0.7247596153846154 0.014423076923076924 0.019230769230769232
0 0.6875 0.6514423076923077 0.009615384615384616 0.016826923076923076
0 0.6706730769230769 0.6538461538461539 0.009615384615384616 0.01201923076923077
0 0.4254807692307692 0.7680288461538461 0.014423076923076924 0.019230769230769232
0 0.8425480769230769 0.7439903846153846 0.014423076923076924 0.021634615384615384
0 0.8713942307692307 0.7235576923076923 0.014423076923076924 0.021634615384615384
0 0.8185096153846154 0.8088942307692307 0.014423076923076924 0.014423076923076924
0 0.609375 0.6983173076923077 0.014423076923076924 0.016826923076923076
0 0.5528846153846154 0.6165865384615384 0.01201923076923077 0.014423076923076924
0 0.5637019230769231 0.6382211538461539 0.014423076923076924 0.016826923076923076
0 0.5408653846153846 0.6394230769230769 0.01201923076923077 0.016826923076923076
0 0.48197115384615385 0.6550480769230769 0.014423076923076924 0.016826923076923076
0 0.7175480769230769 0.640625 0.009615384615384616 0.016826923076923076
0 0.6358173076923077 0.6394230769230769 0.009615384615384616 0.016826923076923076
0 0.5877403846153846 0.6430288461538461 0.007211538461538462 0.01201923076923077
0 0.4891826923076923 0.7367788461538461 0.016826923076923076 0.021634615384615384
0 0.49038461538461536 0.6995192307692307 0.016826923076923076 0.02403846153846154
0 0.49278846153846156 0.4495192307692308 0.016826923076923076 0.016826923076923076
0 0.46033653846153844 0.5240384615384616 0.016826923076923076 0.021634615384615384
0 0.4074519230769231 0.6766826923076923 0.016826923076923076 0.021634615384615384
0 0.40865384615384615 0.5961538461538461 0.014423076923076924 0.016826923076923076
0 0.38341346153846156 0.5444711538461539 0.019230769230769232 0.021634615384615384
0 0.8473557692307693 0.6574519230769231 0.01201923076923077 0.019230769230769232
0 0.3762019230769231 0.6634615384615384 0.019230769230769232 0.021634615384615384
0 0.4326923076923077 0.5745192307692307 0.019230769230769232 0.021634615384615384
0 0.6526442307692307 0.6586538461538461 0.01201923076923077 0.01201923076923077
0 0.6286057692307693 0.6814903846153846 0.01201923076923077 0.016826923076923076
0 0.5300480769230769 0.7331730769230769 0.016826923076923076 0.021634615384615384
0 0.5288461538461539 0.765625 0.014423076923076924 0.01201923076923077
0 0.515625 0.7019230769230769 0.01201923076923077 0.016826923076923076
0 0.6057692307692307 0.6286057692307693 0.014423076923076924 0.019230769230769232
0 0.5661057692307693 0.5985576923076923 0.016826923076923076 0.014423076923076924
0 0.46153846153846156 0.36658653846153844 0.019230769230769232 0.021634615384615384
0 0.453125 0.47836538461538464 0.014423076923076924 0.016826923076923076
0 0.4519230769230769 0.45552884615384615 0.01201923076923077 0.016826923076923076
0 0.49278846153846156 0.5420673076923077 0.01201923076923077 0.019230769230769232
0 0.5 0.48197115384615385 0.014423076923076924 0.019230769230769232
0 0.5997596153846154 0.6550480769230769 0.01201923076923077 0.01201923076923077
0 0.6694711538461539 0.5408653846153846 0.01201923076923077 0.016826923076923076
0 0.3545673076923077 0.5865384615384616 0.016826923076923076 0.021634615384615384
0 0.40384615384615385 0.640625 0.019230769230769232 0.02403846153846154
0 0.453125 0.7199519230769231 0.01201923076923077 0.019230769230769232
0 0.5420673076923077 0.7019230769230769 0.009615384615384616 0.016826923076923076
0 0.5132211538461539 0.6466346153846154 0.019230769230769232 0.02403846153846154
0 0.6959134615384616 0.6802884615384616 0.01201923076923077 0.016826923076923076
0 0.7007211538461539 0.6995192307692307 0.01201923076923077 0.014423076923076924
0 0.7355769230769231 0.7007211538461539 0.014423076923076924 0.016826923076923076
0 0.7608173076923077 0.7115384615384616 0.014423076923076924 0.014423076923076924
0 0.796875 0.6045673076923077 0.014423076923076924 0.016826923076923076
0 0.6334134615384616 0.5841346153846154 0.01201923076923077 0.021634615384615384
0 0.6189903846153846 0.4951923076923077 0.014423076923076924 0.019230769230769232
0 0.3762019230769231 0.47836538461538464 0.01201923076923077 0.016826923076923076
0 0.39302884615384615 0.4266826923076923 0.016826923076923076 0.021634615384615384
0 0.734375 0.7608173076923077 0.01201923076923077 0.016826923076923076
0 0.7764423076923077 0.7956730769230769 0.01201923076923077 0.016826923076923076
0 0.7487980769230769 0.7487980769230769 0.016826923076923076 0.021634615384615384
0 0.7307692307692307 0.7271634615384616 0.014423076923076924 0.019230769230769232
0 0.7800480769230769 0.7524038461538461 0.014423076923076924 0.019230769230769232
0 0.8677884615384616 0.7728365384615384 0.014423076923076924 0.019230769230769232
0 0.8689903846153846 0.8016826923076923 0.016826923076923076 0.016826923076923076
0 0.4807692307692308 0.4182692307692308 0.019230769230769232 0.026442307692307692
0 0.5096153846153846 0.38341346153846156 0.016826923076923076 0.016826923076923076
0 0.49399038461538464 0.39663461538461536 0.01201923076923077 0.019230769230769232
0 0.5132211538461539 0.4411057692307692 0.019230769230769232 0.028846153846153848
0 0.42908653846153844 0.49158653846153844 0.019230769230769232 0.026442307692307692
0 0.41466346153846156 0.5432692307692307 0.016826923076923076 0.021634615384615384
0 0.3894230769230769 0.5120192307692307 0.016826923076923076 0.021634615384615384
0 0.3641826923076923 0.7067307692307693 0.014423076923076924 0.021634615384615384
0 0.44471153846153844 0.6802884615384616 0.021634615384615384 0.028846153846153848
0 0.46274038461538464 0.6502403846153846 0.014423076923076924 0.014423076923076924
0 0.5096153846153846 0.6225961538461539 0.016826923076923076 0.016826923076923076
0 0.53125 0.5480769230769231 0.019230769230769232 0.021634615384615384
0 0.5625 0.7067307692307693 0.016826923076923076 0.021634615384615384
0 0.65625 0.6201923076923077 0.016826923076923076 0.021634615384615384
0 0.45913461538461536 0.5745192307692307 0.019230769230769232 0.026442307692307692
0 0.41466346153846156 0.2439903846153846 0.021634615384615384 0.021634615384615384
0 0.36899038461538464 0.26802884615384615 0.021634615384615384 0.03365384615384615
0 0.4266826923076923 0.39903846153846156 0.016826923076923076 0.028846153846153848
0 0.5456730769230769 0.3737980769230769 0.019230769230769232 0.028846153846153848
0 0.35096153846153844 0.5408653846153846 0.021634615384615384 0.021634615384615384