0 0.6754807692307693 0.7451923076923077 0.01201923076923077 0.019230769230769232
0 0.6706730769230769 0.6706730769230769 0.009615384615384616 0.014423076923076924
0 0.6538461538461539 0.6706730769230769 0.009615384615384616 0.009615384615384616
0 0.39783653846153844 0.7584134615384616 0.01201923076923077 0.019230769230769232
0 0.8149038461538461 0.7788461538461539 0.01201923076923077 0.021634615384615384
0 0.8461538461538461 0.7620192307692307 0.01201923076923077 0.021634615384615384
0 0.7836538461538461 0.8413461538461539 0.014423076923076924 0.014423076923076924
0 0.5877403846153846 0.7091346153846154 0.014423076923076924 0.016826923076923076
0 0.5396634615384616 0.6213942307692307 0.009615384615384616 0.01201923076923077
0 0.5480769230769231 0.6442307692307693 0.014423076923076924 0.016826923076923076
0 0.5264423076923077 0.6430288461538461 0.01201923076923077 0.016826923076923076
0 0.46634615384615385 0.6526442307692307 0.014423076923076924 0.016826923076923076
0 0.7007211538461539 0.6634615384615384 0.009615384615384616 0.014423076923076924
0 0.6201923076923077 0.6526442307692307 0.009615384615384616 0.014423076923076924
0 0.5721153846153846 0.6514423076923077 0.007211538461538462 0.01201923076923077
0 0.4639423076923077 0.734375 0.014423076923076924 0.019230769230769232
0 0.46875 0.6971153846153846 0.014423076923076924 0.021634615384615384
0 0.49759615384615385 0.4495192307692308 0.016826923076923076 0.016826923076923076
0 0.4579326923076923 0.5204326923076923 0.014423076923076924 0.019230769230769232
0 0.3894230769230769 0.6658653846153846 0.016826923076923076 0.019230769230769232
0 0.39903846153846156 0.5865384615384616 0.014423076923076924 0.016826923076923076
0 0.3798076923076923 0.5324519230769231 0.016826923076923076 0.019230769230769232
0 0.828125 0.6923076923076923 0.01201923076923077 0.019230769230769232
0 0.359375 0.6502403846153846 0.016826923076923076 0.019230769230769232
0 0.4254807692307692 0.5661057692307693 0.016826923076923076 0.019230769230769232
0 0.6358173076923077 0.6730769230769231 0.01201923076923077 0.01201923076923077
0 0.6081730769230769 0.6935096153846154 0.01201923076923077 0.016826923076923076
0 0.5060096153846154 0.7355769230769231 0.014423076923076924 0.019230769230769232
0 0.5012019230769231 0.7680288461538461 0.014423076923076924 0.01201923076923077
0 0.49399038461538464 0.703125 0.009615384615384616 0.014423076923076924
0 0.5913461538461539 0.6394230769230769 0.01201923076923077 0.019230769230769232
0 0.5552884615384616 0.6045673076923077 0.014423076923076924 0.014423076923076924
0 0.47596153846153844 0.3641826923076923 0.016826923076923076 0.019230769230769232
0 0.45552884615384615 0.4735576923076923 0.014423076923076924 0.016826923076923076
0 0.4567307692307692 0.45072115384615385 0.01201923076923077 0.016826923076923076
0 0.4879807692307692 0.5408653846153846 0.009615384615384616 0.019230769230769232
0 0.5024038461538461 0.4831730769230769 0.01201923076923077 0.019230769230769232
0 0.5829326923076923 0.6646634615384616 0.01201923076923077 0.01201923076923077
0 0.6646634615384616 0.5576923076923077 0.009615384615384616 0.014423076923076924
0 0.3473557692307692 0.5709134615384616 0.014423076923076924 0.019230769230769232
0 0.390625 0.6298076923076923 0.016826923076923076 0.021634615384615384
0 0.43028846153846156 0.7139423076923077 0.01201923076923077 0.019230769230769232
0 0.5204326923076923 0.7043269230769231 0.009615384615384616 0.014423076923076924
0 0.49759615384615385 0.6478365384615384 0.016826923076923076 0.021634615384615384
0 0.6766826923076923 0.6995192307692307 0.01201923076923077 0.016826923076923076
0 0.6778846153846154 0.71875 0.01201923076923077 0.014423076923076924
0 0.7127403846153846 0.7247596153846154 0.014423076923076924 0.016826923076923076
0 0.7367788461538461 0.7379807692307693 0.014423076923076924 0.014423076923076924
0 0.7836538461538461 0.6346153846153846 0.014423076923076924 0.016826923076923076
0 0.6237980769230769 0.5973557692307693 0.009615384615384616 0.021634615384615384
0 0.6189903846153846 0.5084134615384616 0.01201923076923077 0.019230769230769232
0 0.3786057692307692 0.4651442307692308 0.009615384615384616 0.014423076923076924
0 0.4014423076923077 0.41586538461538464 0.014423076923076924 0.019230769230769232
0 0.7055288461538461 0.7836538461538461 0.01201923076923077 0.016826923076923076
0 0.7451923076923077 0.8221153846153846 0.009615384615384616 0.014423076923076924
0 0.7211538461538461 0.7728365384615384 0.014423076923076924 0.019230769230769232
0 0.7067307692307693 0.75 0.01201923076923077 0.019230769230769232
0 0.7524038461538461 0.7800480769230769 0.01201923076923077 0.019230769230769232
0 0.8377403846153846 0.8088942307692307 0.01201923076923077 0.019230769230769232
0 0.8365384615384616 0.8389423076923077 0.014423076923076924 0.016826923076923076
0 0.4891826923076923 0.4170673076923077 0.016826923076923076 0.02403846153846154
0 0.5216346153846154 0.38461538461538464 0.014423076923076924 0.016826923076923076
0 0.5048076923076923 0.39663461538461536 0.01201923076923077 0.019230769230769232
0 0.5192307692307693 0.4423076923076923 0.016826923076923076 0.028846153846153848
0 0.43028846153846156 0.484375 0.016826923076923076 0.02403846153846154
0 0.4098557692307692 0.5336538461538461 0.016826923076923076 0.019230769230769232
0 0.3894230769230769 0.5 0.014423076923076924 0.019230769230769232
0 0.3425480769230769 0.6911057692307693 0.01201923076923077 0.021634615384615384
0 0.4266826923076923 0.6730769230769231 0.021634615384615384 0.026442307692307692
0 0.44711538461538464 0.6454326923076923 0.014423076923076924 0.014423076923076924
0 0.4963942307692308 0.6225961538461539 0.014423076923076924 0.016826923076923076
0 0.5264423076923077 0.5504807692307693 0.016826923076923076 0.019230769230769232
0 0.5408653846153846 0.7127403846153846 0.014423076923076924 0.019230769230769232
0 0.6430288461538461 0.6358173076923077 0.016826923076923076 0.019230769230769232
0 0.4519230769230769 0.5697115384615384 0.016826923076923076 0.02403846153846154
0 0.4423076923076923 0.23677884615384615 0.021634615384615384 0.021634615384615384
0 0.3942307692307692 0.2548076923076923 0.019230769230769232 0.03365384615384615
0 0.4375 0.3918269230769231 0.014423076923076924 0.028846153846153848
0 0.5588942307692307 0.3786057692307692 0.016826923076923076 0.026442307692307692
0 0.3473557692307692 0.5252403846153846 0.019230769230769232 0.021634615384615384