0 0.9459134615384616 0.5612980769230769 0.04326923076923077 0.055288461538461536
0 0.8365384615384616 0.5180288461538461 0.04567307692307692 0.04807692307692308
0 0.7728365384615384 0.41947115384615385 0.052884615384615384 0.05048076923076923
0 0.71875 0.5685096153846154 0.057692307692307696 0.05048076923076923
0 0.6586538461538461 0.5673076923076923 0.038461538461538464 0.04807692307692308
0 0.6274038461538461 0.6129807692307693 0.04326923076923077 0.04567307692307692
0 0.4891826923076923 0.7043269230769231 0.04326923076923077 0.040865384615384616
0 0.4170673076923077 0.7247596153846154 0.04567307692307692 0.04567307692307692
0 0.3137019230769231 0.6622596153846154 0.028846153846153848 0.03125
0 0.3786057692307692 0.4987980769230769 0.038461538461538464 0.04807692307692308
0 0.35336538461538464 0.3954326923076923 0.04807692307692308 0.055288461538461536
0 0.4699519230769231 0.31850961538461536 0.055288461538461536 0.05048076923076923
0 0.5877403846153846 0.31009615384615385 0.04807692307692308 0.04807692307692308
0 0.7668269230769231 0.6033653846153846 0.016826923076923076 0.019230769230769232