0 0.9014423076923077 0.7043269230769231 0.04807692307692308 0.057692307692307696
0 0.8125 0.6262019230769231 0.05048076923076923 0.052884615384615384
0 0.7848557692307693 0.5132211538461539 0.057692307692307696 0.055288461538461536
0 0.6838942307692307 0.6358173076923077 0.0625 0.055288461538461536
0 0.6274038461538461 0.6141826923076923 0.04326923076923077 0.05048076923076923
0 0.5841346153846154 0.6490384615384616 0.04807692307692308 0.05048076923076923
0 0.4230769230769231 0.6899038461538461 0.04567307692307692 0.04326923076923077
0 0.3485576923076923 0.6862980769230769 0.05048076923076923 0.05048076923076923
0 0.27163461538461536 0.5925480769230769 0.03125 0.03365384615384615
0 0.3858173076923077 0.45913461538461536 0.04326923076923077 0.05048076923076923
0 0.3954326923076923 0.35336538461538464 0.052884615384615384 0.06009615384615385
0 0.53125 0.31850961538461536 0.06009615384615385 0.055288461538461536
0 0.6442307692307693 0.3485576923076923 0.052884615384615384 0.052884615384615384
0 0.71875 0.6850961538461539 0.016826923076923076 0.019230769230769232