0 0.6394230769230769 0.7463942307692307 0.01201923076923077 0.019230769230769232
0 0.6742788461538461 0.5504807692307693 0.009615384615384616 0.009615384615384616
0 0.6454326923076923 0.5504807692307693 0.014423076923076924 0.016826923076923076
0 0.625 0.640625 0.016826923076923076 0.016826923076923076
0 0.6298076923076923 0.5649038461538461 0.009615384615384616 0.01201923076923077
0 0.7163461538461539 0.5600961538461539 0.007211538461538462 0.014423076923076924
0 0.6177884615384616 0.7271634615384616 0.009615384615384616 0.016826923076923076
0 0.5709134615384616 0.7355769230769231 0.01201923076923077 0.01201923076923077
0 0.5877403846153846 0.6862980769230769 0.01201923076923077 0.01201923076923077
0 0.578125 0.5588942307692307 0.007211538461538462 0.014423076923076924
0 0.5985576923076923 0.5120192307692307 0.009615384615384616 0.014423076923076924
0 0.48677884615384615 0.5348557692307693 0.009615384615384616 0.01201923076923077
0 0.4014423076923077 0.5612980769230769 0.014423076923076924 0.014423076923076924
0 0.5408653846153846 0.3762019230769231 0.014423076923076924 0.019230769230769232
0 0.5012019230769231 0.390625 0.01201923076923077 0.01201923076923077
0 0.4423076923076923 0.49278846153846156 0.009615384615384616 0.014423076923076924
0 0.43509615384615385 0.6706730769230769 0.009615384615384616 0.01201923076923077
0 0.4723557692307692 0.6382211538461539 0.009615384615384616 0.01201923076923077
0 0.5096153846153846 0.7007211538461539 0.009615384615384616 0.019230769230769232
0 0.5973557692307693 0.6081730769230769 0.009615384615384616 0.014423076923076924
0 0.5588942307692307 0.6838942307692307 0.009615384615384616 0.014423076923076924
0 0.4855769230769231 0.7548076923076923 0.009615384615384616 0.016826923076923076
0 0.5516826923076923 0.5673076923076923 0.014423076923076924 0.016826923076923076
0 0.4699519230769231 0.5432692307692307 0.014423076923076924 0.016826923076923076
0 0.5060096153846154 0.5216346153846154 0.016826923076923076 0.021634615384615384
0 0.453125 0.4579326923076923 0.01201923076923077 0.019230769230769232
0 0.6826923076923077 0.4963942307692308 0.014423076923076924 0.016826923076923076
0 0.48677884615384615 0.5925480769230769 0.016826923076923076 0.019230769230769232
0 0.42788461538461536 0.5733173076923077 0.014423076923076924 0.016826923076923076
0 0.4951923076923077 0.6466346153846154 0.009615384615384616 0.016826923076923076
0 0.41225961538461536 0.625 0.01201923076923077 0.019230769230769232
0 0.5649038461538461 0.6442307692307693 0.014423076923076924 0.019230769230769232
0 0.5264423076923077 0.5612980769230769 0.01201923076923077 0.01201923076923077
0 0.5336538461538461 0.5336538461538461 0.009615384615384616 0.019230769230769232
0 0.4050480769230769 0.6790865384615384 0.014423076923076924 0.016826923076923076
0 0.5324519230769231 0.7007211538461539 0.014423076923076924 0.019230769230769232
0 0.5324519230769231 0.6045673076923077 0.014423076923076924 0.019230769230769232
0 0.5072115384615384 0.5588942307692307 0.009615384615384616 0.009615384615384616
0 0.47716346153846156 0.5012019230769231 0.016826923076923076 0.016826923076923076
0 0.42908653846153844 0.4639423076923077 0.014423076923076924 0.016826923076923076
0 0.5685096153846154 0.7908653846153846 0.014423076923076924 0.016826923076923076
0 0.5120192307692307 0.65625 0.016826923076923076 0.021634615384615384
0 0.5096153846153846 0.75 0.014423076923076924 0.016826923076923076