0 0.6875 0.7115384615384616 0.01201923076923077 0.019230769230769232
0 0.6802884615384616 0.5132211538461539 0.009615384615384616 0.009615384615384616
0 0.6526442307692307 0.5192307692307693 0.014423076923076924 0.019230769230769232
0 0.6514423076923077 0.6105769230769231 0.016826923076923076 0.016826923076923076
0 0.640625 0.5360576923076923 0.009615384615384616 0.01201923076923077
0 0.7247596153846154 0.5132211538461539 0.009615384615384616 0.014423076923076924
0 0.6622596153846154 0.6983173076923077 0.009615384615384616 0.016826923076923076
0 0.6189903846153846 0.7151442307692307 0.01201923076923077 0.014423076923076924
0 0.6237980769230769 0.6634615384615384 0.01201923076923077 0.014423076923076924
0 0.5889423076923077 0.5408653846153846 0.009615384615384616 0.014423076923076924
0 0.5997596153846154 0.49158653846153844 0.009615384615384616 0.014423076923076924
0 0.4951923076923077 0.5372596153846154 0.01201923076923077 0.01201923076923077
0 0.4170673076923077 0.5805288461538461 0.014423076923076924 0.016826923076923076
0 0.5144230769230769 0.3701923076923077 0.014423076923076924 0.021634615384615384
0 0.47836538461538464 0.39302884615384615 0.014423076923076924 0.014423076923076924
0 0.4423076923076923 0.5048076923076923 0.009615384615384616 0.014423076923076924
0 0.4723557692307692 0.6802884615384616 0.01201923076923077 0.01201923076923077
0 0.5012019230769231 0.6418269230769231 0.01201923076923077 0.01201923076923077
0 0.5516826923076923 0.6947115384615384 0.009615384615384616 0.019230769230769232
0 0.6177884615384616 0.5865384615384616 0.009615384615384616 0.014423076923076924
0 0.5961538461538461 0.6670673076923077 0.009615384615384616 0.014423076923076924
0 0.5396634615384616 0.7524038461538461 0.009615384615384616 0.016826923076923076
0 0.5649038461538461 0.5552884615384616 0.014423076923076924 0.016826923076923076
0 0.4795673076923077 0.5480769230769231 0.014423076923076924 0.016826923076923076
0 0.5108173076923077 0.5192307692307693 0.016826923076923076 0.02403846153846154
0 0.44591346153846156 0.46875 0.01201923076923077 0.019230769230769232
0 0.6778846153846154 0.45913461538461536 0.014423076923076924 0.019230769230769232
0 0.5072115384615384 0.59375 0.016826923076923076 0.021634615384615384
0 0.44471153846153844 0.5865384615384616 0.014423076923076924 0.019230769230769232
0 0.5264423076923077 0.6442307692307693 0.009615384615384616 0.016826923076923076
0 0.43990384615384615 0.640625 0.01201923076923077 0.019230769230769232
0 0.59375 0.6274038461538461 0.014423076923076924 0.019230769230769232
0 0.5384615384615384 0.5540865384615384 0.014423076923076924 0.01201923076923077
0 0.5396634615384616 0.5252403846153846 0.009615384615384616 0.019230769230769232
0 0.44350961538461536 0.6947115384615384 0.014423076923076924 0.016826923076923076
0 0.5733173076923077 0.6899038461538461 0.014423076923076924 0.019230769230769232
0 0.5528846153846154 0.5949519230769231 0.014423076923076924 0.019230769230769232
0 0.5192307692307693 0.5552884615384616 0.009615384615384616 0.009615384615384616
0 0.47836538461538464 0.5060096153846154 0.019230769230769232 0.016826923076923076
0 0.4230769230769231 0.4795673076923077 0.014423076923076924 0.019230769230769232
0 0.6274038461538461 0.7704326923076923 0.014423076923076924 0.016826923076923076
0 0.5444711538461539 0.6502403846153846 0.016826923076923076 0.021634615384615384
0 0.5612980769230769 0.7427884615384616 0.014423076923076924 0.019230769230769232