0 0.7079326923076923 0.6911057692307693 0.014423076923076924 0.019230769230769232
0 0.6814903846153846 0.49399038461538464 0.009615384615384616 0.009615384615384616
0 0.6538461538461539 0.5024038461538461 0.014423076923076924 0.019230769230769232
0 0.6622596153846154 0.5949519230769231 0.019230769230769232 0.016826923076923076
0 0.6430288461538461 0.5216346153846154 0.01201923076923077 0.014423076923076924
0 0.7247596153846154 0.49038461538461536 0.009615384615384616 0.014423076923076924
0 0.6826923076923077 0.6802884615384616 0.01201923076923077 0.019230769230769232
0 0.640625 0.7019230769230769 0.014423076923076924 0.014423076923076924
0 0.640625 0.6502403846153846 0.014423076923076924 0.014423076923076924
0 0.5925480769230769 0.53125 0.009615384615384616 0.014423076923076924
0 0.5985576923076923 0.4807692307692308 0.01201923076923077 0.014423076923076924
0 0.4987980769230769 0.5372596153846154 0.01201923076923077 0.014423076923076924
0 0.4254807692307692 0.5889423076923077 0.014423076923076924 0.016826923076923076
0 0.5012019230769231 0.36899038461538464 0.016826923076923076 0.021634615384615384
0 0.4675480769230769 0.3954326923076923 0.014423076923076924 0.014423076923076924
0 0.44350961538461536 0.5108173076923077 0.009615384615384616 0.016826923076923076
0 0.49158653846153844 0.6814903846153846 0.01201923076923077 0.014423076923076924
0 0.5168269230769231 0.640625 0.01201923076923077 0.014423076923076924
0 0.5721153846153846 0.6887019230769231 0.01201923076923077 0.019230769230769232
0 0.6262019230769231 0.5733173076923077 0.01201923076923077 0.014423076923076924
0 0.6129807692307693 0.65625 0.01201923076923077 0.014423076923076924
0 0.5661057692307693 0.7463942307692307 0.01201923076923077 0.016826923076923076
0 0.5697115384615384 0.5480769230769231 0.014423076923076924 0.016826923076923076
0 0.484375 0.5504807692307693 0.014423076923076924 0.016826923076923076
0 0.5132211538461539 0.5180288461538461 0.019230769230769232 0.02403846153846154
0 0.4423076923076923 0.47475961538461536 0.014423076923076924 0.019230769230769232
0 0.6730769230769231 0.43990384615384615 0.014423076923076924 0.019230769230769232
0 0.5168269230769231 0.5925480769230769 0.019230769230769232 0.021634615384615384
0 0.4543269230769231 0.5913461538461539 0.014423076923076924 0.019230769230769232
0 0.5408653846153846 0.640625 0.009615384615384616 0.016826923076923076
0 0.4543269230769231 0.6466346153846154 0.014423076923076924 0.019230769230769232
0 0.6057692307692307 0.6177884615384616 0.016826923076923076 0.019230769230769232
0 0.5432692307692307 0.5504807692307693 0.014423076923076924 0.014423076923076924
0 0.5420673076923077 0.5216346153846154 0.01201923076923077 0.021634615384615384
0 0.4651442307692308 0.6995192307692307 0.016826923076923076 0.019230769230769232
0 0.5925480769230769 0.6814903846153846 0.016826923076923076 0.019230769230769232
0 0.5625 0.5889423076923077 0.016826923076923076 0.019230769230769232
0 0.5252403846153846 0.5540865384615384 0.009615384615384616 0.01201923076923077
0 0.47836538461538464 0.5084134615384616 0.019230769230769232 0.016826923076923076
0 0.421875 0.48677884615384615 0.014423076923076924 0.019230769230769232
0 0.6550480769230769 0.7548076923076923 0.014423076923076924 0.016826923076923076
0 0.5588942307692307 0.6454326923076923 0.019230769230769232 0.021634615384615384
0 0.5865384615384616 0.7355769230769231 0.016826923076923076 0.019230769230769232