1 0.5048076923076923 0.6875 0.04807692307692308 0.05048076923076923
1 0.17427884615384615 0.7992788461538461 0.03365384615384615 0.04567307692307692
1 0.20552884615384615 0.9711538461538461 0.021634615384615384 0.028846153846153848
1 0.31850961538461536 0.8317307692307693 0.026442307692307692 0.03125
1 0.4411057692307692 0.8209134615384616 0.038461538461538464 0.04567307692307692
1 0.17668269230769232 0.3894230769230769 0.02403846153846154 0.021634615384615384
1 0.2860576923076923 0.4375 0.02403846153846154 0.03365384615384615
1 0.3737980769230769 0.5336538461538461 0.026442307692307692 0.03365384615384615
1 0.359375 0.5600961538461539 0.03125 0.038461538461538464
1 0.3737980769230769 0.5973557692307693 0.02403846153846154 0.038461538461538464
1 0.7379807692307693 0.09254807692307693 0.026442307692307692 0.036057692307692304
1 0.2127403846153846 0.13942307692307693 0.03365384615384615 0.02403846153846154
1 0.8377403846153846 0.5252403846153846 0.03125 0.036057692307692304