1 0.44711538461538464 0.6802884615384616 0.052884615384615384 0.055288461538461536
1 0.09735576923076923 0.6838942307692307 0.036057692307692304 0.04807692307692308
1 0.07451923076923077 0.8569711538461539 0.02403846153846154 0.028846153846153848
1 0.2247596153846154 0.7596153846153846 0.028846153846153848 0.03365384615384615
1 0.3449519230769231 0.7860576923076923 0.04326923076923077 0.04807692307692308
1 0.22716346153846154 0.29447115384615385 0.026442307692307692 0.02403846153846154
1 0.31490384615384615 0.375 0.028846153846153848 0.036057692307692304
1 0.3701923076923077 0.49278846153846156 0.03125 0.036057692307692304
1 0.3473557692307692 0.5132211538461539 0.036057692307692304 0.040865384615384616
1 0.34975961538461536 0.5540865384615384 0.026442307692307692 0.040865384615384616
1 0.8521634615384616 0.18629807692307693 0.028846153846153848 0.038461538461538464
1 0.3389423076923077 0.06850961538461539 0.036057692307692304 0.028846153846153848
1 0.8137019230769231 0.6274038461538461 0.03365384615384615 0.038461538461538464