1 0.5024038461538461 0.6875 0.04807692307692308 0.05048076923076923
1 0.16826923076923078 0.7932692307692307 0.03125 0.04326923076923077
1 0.1971153846153846 0.9651442307692307 0.021634615384615384 0.028846153846153848
1 0.3125 0.8293269230769231 0.026442307692307692 0.03125
1 0.43509615384615385 0.8197115384615384 0.038461538461538464 0.04567307692307692
1 0.17908653846153846 0.38341346153846156 0.02403846153846154 0.021634615384615384
1 0.28725961538461536 0.4338942307692308 0.02403846153846154 0.03365384615384615
1 0.3737980769230769 0.53125 0.026442307692307692 0.03365384615384615
1 0.3581730769230769 0.5564903846153846 0.03125 0.036057692307692304
1 0.37259615384615385 0.5961538461538461 0.021634615384615384 0.038461538461538464
1 0.7451923076923077 0.09735576923076923 0.026442307692307692 0.036057692307692304
1 0.21995192307692307 0.1346153846153846 0.03365384615384615 0.02403846153846154
1 0.8365384615384616 0.53125 0.03125 0.03365384615384615