0 0.42427884615384615 0.53125 0.019230769230769232 0.019230769230769232
0 0.4026442307692308 0.42908653846153844 0.014423076923076924 0.021634615384615384
0 0.47115384615384615 0.4807692307692308 0.016826923076923076 0.021634615384615384
0 0.5192307692307693 0.44350961538461536 0.021634615384615384 0.021634615384615384
0 0.33413461538461536 0.5072115384615384 0.016826923076923076 0.016826923076923076
0 0.33052884615384615 0.3954326923076923 0.021634615384615384 0.019230769230769232
0 0.3894230769230769 0.5949519230769231 0.016826923076923076 0.014423076923076924
0 0.5288461538461539 0.5372596153846154 0.019230769230769232 0.026442307692307692
0 0.3701923076923077 0.41346153846153844 0.016826923076923076 0.016826923076923076
0 0.4266826923076923 0.4098557692307692 0.016826923076923076 0.026442307692307692
0 0.3954326923076923 0.3786057692307692 0.016826923076923076 0.021634615384615384
0 0.49158653846153844 0.5168269230769231 0.016826923076923076 0.021634615384615384
0 0.5805288461538461 0.5180288461538461 0.019230769230769232 0.028846153846153848
0 0.3137019230769231 0.5576923076923077 0.019230769230769232 0.021634615384615384
0 0.3629807692307692 0.4519230769230769 0.016826923076923076 0.021634615384615384
0 0.3233173076923077 0.46274038461538464 0.016826923076923076 0.021634615384615384
0 0.32091346153846156 0.4230769230769231 0.02403846153846154 0.021634615384615384
0 0.4639423076923077 0.43509615384615385 0.014423076923076924 0.026442307692307692
0 0.41346153846153844 0.453125 0.021634615384615384 0.019230769230769232
0 0.38341346153846156 0.5576923076923077 0.019230769230769232 0.021634615384615384
0 0.2848557692307692 0.45072115384615385 0.019230769230769232 0.03365384615384615
0 0.27524038461538464 0.5180288461538461 0.019230769230769232 0.026442307692307692
0 0.27283653846153844 0.5552884615384616 0.019230769230769232 0.021634615384615384
0 0.29447115384615385 0.5024038461538461 0.016826923076923076 0.016826923076923076
0 0.3004807692307692 0.53125 0.019230769230769232 0.021634615384615384
0 0.39783653846153844 0.4675480769230769 0.021634615384615384 0.019230769230769232
0 0.44471153846153844 0.37259615384615385 0.02403846153846154 0.021634615384615384