0 0.4182692307692308 0.5132211538461539 0.016826923076923076 0.016826923076923076
0 0.4206730769230769 0.40865384615384615 0.01201923076923077 0.019230769230769232
0 0.47596153846153844 0.47475961538461536 0.014423076923076924 0.019230769230769232
0 0.53125 0.4495192307692308 0.019230769230769232 0.019230769230769232
0 0.33653846153846156 0.4699519230769231 0.014423076923076924 0.016826923076923076
0 0.3581730769230769 0.3605769230769231 0.019230769230769232 0.016826923076923076
0 0.3713942307692308 0.5673076923076923 0.016826923076923076 0.01201923076923077
0 0.5192307692307693 0.5432692307692307 0.016826923076923076 0.02403846153846154
0 0.39302884615384615 0.3858173076923077 0.014423076923076924 0.016826923076923076
0 0.4483173076923077 0.39663461538461536 0.014423076923076924 0.02403846153846154
0 0.4254807692307692 0.3581730769230769 0.014423076923076924 0.019230769230769232
0 0.4879807692307692 0.515625 0.014423076923076924 0.019230769230769232
0 0.5745192307692307 0.5348557692307693 0.016826923076923076 0.028846153846153848
0 0.30528846153846156 0.5144230769230769 0.016826923076923076 0.019230769230769232
0 0.37740384615384615 0.4230769230769231 0.014423076923076924 0.019230769230769232
0 0.33653846153846156 0.42427884615384615 0.014423076923076924 0.019230769230769232
0 0.3425480769230769 0.38461538461538464 0.021634615384615384 0.019230769230769232
0 0.4795673076923077 0.42908653846153844 0.01201923076923077 0.02403846153846154
0 0.4266826923076923 0.43509615384615385 0.019230769230769232 0.016826923076923076
0 0.3737980769230769 0.5300480769230769 0.016826923076923076 0.019230769230769232
0 0.3016826923076923 0.40384615384615385 0.014423076923076924 0.03125
0 0.2764423076923077 0.46634615384615385 0.016826923076923076 0.02403846153846154
0 0.2668269230769231 0.5036057692307693 0.016826923076923076 0.019230769230769232
0 0.29927884615384615 0.45552884615384615 0.014423076923076924 0.016826923076923076
0 0.2980769230769231 0.4855769230769231 0.016826923076923076 0.019230769230769232
0 0.4074519230769231 0.44591346153846156 0.019230769230769232 0.016826923076923076
0 0.47475961538461536 0.3641826923076923 0.021634615384615384 0.019230769230769232