0 0.4266826923076923 0.5384615384615384 0.019230769230769232 0.019230769230769232
0 0.39663461538461536 0.4387019230769231 0.014423076923076924 0.021634615384615384
0 0.4699519230769231 0.4831730769230769 0.016826923076923076 0.021634615384615384
0 0.5144230769230769 0.4423076923076923 0.021634615384615384 0.02403846153846154
0 0.33533653846153844 0.5216346153846154 0.016826923076923076 0.019230769230769232
0 0.32211538461538464 0.4110576923076923 0.021634615384615384 0.019230769230769232
0 0.39903846153846156 0.6045673076923077 0.019230769230769232 0.016826923076923076
0 0.53125 0.5348557692307693 0.021634615384615384 0.026442307692307692
0 0.3629807692307692 0.42427884615384615 0.016826923076923076 0.019230769230769232
0 0.41947115384615385 0.4170673076923077 0.019230769230769232 0.026442307692307692
0 0.3858173076923077 0.38822115384615385 0.016826923076923076 0.021634615384615384
0 0.49399038461538464 0.5180288461538461 0.016826923076923076 0.021634615384615384
0 0.5817307692307693 0.5108173076923077 0.021634615384615384 0.03125
0 0.31971153846153844 0.5733173076923077 0.019230769230769232 0.021634615384615384
0 0.359375 0.4639423076923077 0.016826923076923076 0.021634615384615384
0 0.32091346153846156 0.47836538461538464 0.016826923076923076 0.021634615384615384
0 0.31490384615384615 0.4387019230769231 0.02403846153846154 0.02403846153846154
0 0.45913461538461536 0.4387019230769231 0.016826923076923076 0.026442307692307692
0 0.4098557692307692 0.46033653846153844 0.021634615384615384 0.019230769230769232
0 0.38822115384615385 0.5673076923076923 0.019230769230769232 0.021634615384615384
0 0.28125 0.4699519230769231 0.021634615384615384 0.03365384615384615
0 0.2776442307692308 0.5372596153846154 0.021634615384615384 0.026442307692307692
0 0.27884615384615385 0.5757211538461539 0.019230769230769232 0.021634615384615384
0 0.2956730769230769 0.5204326923076923 0.016826923076923076 0.019230769230769232
0 0.30408653846153844 0.5492788461538461 0.019230769230769232 0.021634615384615384
0 0.3954326923076923 0.47716346153846156 0.021634615384615384 0.019230769230769232
0 0.4338942307692308 0.3786057692307692 0.02403846153846154 0.02403846153846154