0 0.5072115384615384 0.47716346153846156 0.016826923076923076 0.016826923076923076
0 0.45552884615384615 0.49158653846153844 0.02403846153846154 0.026442307692307692
0 0.5877403846153846 0.2091346153846154 0.021634615384615384 0.021634615384615384
0 0.625 0.34975961538461536 0.019230769230769232 0.021634615384615384
0 0.6081730769230769 0.40384615384615385 0.019230769230769232 0.021634615384615384
0 0.5769230769230769 0.4266826923076923 0.021634615384615384 0.026442307692307692
0 0.6153846153846154 0.46033653846153844 0.019230769230769232 0.02403846153846154
0 0.6466346153846154 0.4411057692307692 0.02403846153846154 0.026442307692307692
0 0.6935096153846154 0.4170673076923077 0.021634615384615384 0.026442307692307692
0 0.5432692307692307 0.34975961538461536 0.016826923076923076 0.02403846153846154
0 0.5540865384615384 0.39903846153846156 0.019230769230769232 0.021634615384615384
0 0.6622596153846154 0.23557692307692307 0.016826923076923076 0.019230769230769232
0 0.4182692307692308 0.44591346153846156 0.01201923076923077 0.021634615384615384
0 0.3858173076923077 0.5048076923076923 0.019230769230769232 0.02403846153846154
0 0.6262019230769231 0.5709134615384616 0.02403846153846154 0.02403846153846154
0 0.5456730769230769 0.43509615384615385 0.019230769230769232 0.02403846153846154
0 0.5829326923076923 0.3737980769230769 0.021634615384615384 0.026442307692307692
0 0.5528846153846154 0.24639423076923078 0.016826923076923076 0.019230769230769232
0 0.5204326923076923 0.2704326923076923 0.016826923076923076 0.019230769230769232
0 0.4891826923076923 0.2704326923076923 0.019230769230769232 0.02403846153846154
0 0.5144230769230769 0.2980769230769231 0.021634615384615384 0.021634615384615384
0 0.4735576923076923 0.32091346153846156 0.016826923076923076 0.02403846153846154
0 0.29447115384615385 0.6574519230769231 0.021634615384615384 0.028846153846153848