0 0.5096153846153846 0.47716346153846156 0.016826923076923076 0.016826923076923076
0 0.4567307692307692 0.4891826923076923 0.02403846153846154 0.02403846153846154
0 0.6081730769230769 0.21634615384615385 0.019230769230769232 0.019230769230769232
0 0.6358173076923077 0.3581730769230769 0.016826923076923076 0.021634615384615384
0 0.6153846153846154 0.4110576923076923 0.016826923076923076 0.021634615384615384
0 0.5829326923076923 0.4326923076923077 0.021634615384615384 0.02403846153846154
0 0.6177884615384616 0.46875 0.019230769230769232 0.02403846153846154
0 0.6514423076923077 0.45072115384615385 0.02403846153846154 0.02403846153846154
0 0.6983173076923077 0.43028846153846156 0.021634615384615384 0.02403846153846154
0 0.5540865384615384 0.35336538461538464 0.014423076923076924 0.02403846153846154
0 0.5600961538461539 0.4026442307692308 0.016826923076923076 0.021634615384615384
0 0.6802884615384616 0.24759615384615385 0.014423076923076924 0.019230769230769232
0 0.421875 0.43990384615384615 0.01201923076923077 0.021634615384615384
0 0.3858173076923077 0.4963942307692308 0.019230769230769232 0.02403846153846154
0 0.6201923076923077 0.5793269230769231 0.021634615384615384 0.021634615384615384
0 0.5504807692307693 0.4387019230769231 0.019230769230769232 0.02403846153846154
0 0.5913461538461539 0.38100961538461536 0.021634615384615384 0.02403846153846154
0 0.5709134615384616 0.2512019230769231 0.014423076923076924 0.019230769230769232
0 0.5360576923076923 0.27283653846153844 0.014423076923076924 0.019230769230769232
0 0.5060096153846154 0.2704326923076923 0.019230769230769232 0.02403846153846154
0 0.5288461538461539 0.29927884615384615 0.019230769230769232 0.019230769230769232
0 0.4855769230769231 0.31971153846153844 0.016826923076923076 0.02403846153846154
0 0.28365384615384615 0.6418269230769231 0.021634615384615384 0.028846153846153848