0 0.5168269230769231 0.48197115384615385 0.016826923076923076 0.016826923076923076
0 0.4639423076923077 0.4735576923076923 0.02403846153846154 0.02403846153846154
0 0.7067307692307693 0.2764423076923077 0.019230769230769232 0.019230769230769232
0 0.6778846153846154 0.41947115384615385 0.016826923076923076 0.021634615384615384
0 0.6394230769230769 0.46153846153846156 0.016826923076923076 0.021634615384615384
0 0.6021634615384616 0.46875 0.021634615384615384 0.02403846153846154
0 0.6201923076923077 0.5144230769230769 0.019230769230769232 0.02403846153846154
0 0.6586538461538461 0.5108173076923077 0.02403846153846154 0.02403846153846154
0 0.7103365384615384 0.5096153846153846 0.021634615384615384 0.02403846153846154
0 0.6045673076923077 0.38461538461538464 0.014423076923076924 0.02403846153846154
0 0.5925480769230769 0.4326923076923077 0.016826923076923076 0.021634615384615384
0 0.7620192307692307 0.3329326923076923 0.014423076923076924 0.019230769230769232
0 0.45072115384615385 0.41586538461538464 0.01201923076923077 0.021634615384615384
0 0.3954326923076923 0.4543269230769231 0.019230769230769232 0.02403846153846154
0 0.5817307692307693 0.6189903846153846 0.021634615384615384 0.021634615384615384
0 0.5697115384615384 0.46274038461538464 0.019230769230769232 0.02403846153846154
0 0.6298076923076923 0.4230769230769231 0.021634615384615384 0.02403846153846154
0 0.6586538461538461 0.2956730769230769 0.014423076923076924 0.019230769230769232
0 0.6189903846153846 0.30288461538461536 0.014423076923076924 0.019230769230769232
0 0.5913461538461539 0.28846153846153844 0.019230769230769232 0.02403846153846154
0 0.6009615384615384 0.3245192307692308 0.019230769230769232 0.019230769230769232
0 0.5540865384615384 0.3269230769230769 0.016826923076923076 0.02403846153846154
0 0.24639423076923078 0.5516826923076923 0.021634615384615384 0.028846153846153848