0 0.5997596153846154 0.7548076923076923 0.052884615384615384 0.06971153846153846
0 0.5168269230769231 0.6947115384615384 0.03365384615384615 0.04567307692307692
0 0.2956730769230769 0.6310096153846154 0.038461538461538464 0.052884615384615384
0 0.38341346153846156 0.5480769230769231 0.04807692307692308 0.06009615384615385
0 0.5072115384615384 0.30408653846153844 0.036057692307692304 0.040865384615384616
0 0.4050480769230769 0.32572115384615385 0.040865384615384616 0.06009615384615385
0 0.32211538461538464 0.2704326923076923 0.07451923076923077 0.08173076923076923
0 0.13221153846153846 0.08774038461538461 0.03125 0.040865384615384616
0 0.203125 0.5252403846153846 0.028846153846153848 0.03125
0 0.6634615384615384 0.3894230769230769 0.02403846153846154 0.02403846153846154
0 0.8173076923076923 0.4026442307692308 0.02403846153846154 0.036057692307692304
0 0.8269230769230769 0.4423076923076923 0.026442307692307692 0.02403846153846154
0 0.6213942307692307 0.4891826923076923 0.021634615384615384 0.02403846153846154
0 0.5408653846153846 0.7019230769230769 0.019230769230769232 0.028846153846153848
0 0.7307692307692307 0.5036057692307693 0.1201923076923077 0.13942307692307693