0 0.6502403846153846 0.7283653846153846 0.04326923076923077 0.0625
0 0.5564903846153846 0.6875 0.02403846153846154 0.04326923076923077
0 0.3269230769230769 0.6706730769230769 0.028846153846153848 0.04807692307692308
0 0.3954326923076923 0.5709134615384616 0.038461538461538464 0.052884615384615384
0 0.46634615384615385 0.30649038461538464 0.028846153846153848 0.036057692307692304
0 0.3713942307692308 0.34975961538461536 0.028846153846153848 0.055288461538461536
0 0.27884615384615385 0.3125 0.0625 0.06971153846153846
0 0.054086538461538464 0.17307692307692307 0.02403846153846154 0.036057692307692304
0 0.21514423076923078 0.5865384615384616 0.02403846153846154 0.028846153846153848
0 0.6370192307692307 0.3581730769230769 0.019230769230769232 0.021634615384615384
0 0.7896634615384616 0.3389423076923077 0.016826923076923076 0.03365384615384615
0 0.8076923076923077 0.3762019230769231 0.02403846153846154 0.019230769230769232
0 0.6165865384615384 0.4639423076923077 0.016826923076923076 0.021634615384615384
0 0.5817307692307693 0.6887019230769231 0.014423076923076924 0.028846153846153848
0 0.7259615384615384 0.45552884615384615 0.09615384615384616 0.12259615384615384