0 0.6298076923076923 0.7403846153846154 0.04807692307692308 0.06490384615384616
0 0.5396634615384616 0.6923076923076923 0.028846153846153848 0.04326923076923077
0 0.3125 0.6550480769230769 0.03365384615384615 0.04807692307692308
0 0.3894230769230769 0.5612980769230769 0.040865384615384616 0.055288461538461536
0 0.4831730769230769 0.30408653846153844 0.03125 0.038461538461538464
0 0.38461538461538464 0.3389423076923077 0.03365384615384615 0.057692307692307696
0 0.2956730769230769 0.29447115384615385 0.0673076923076923 0.07451923076923077
0 0.08413461538461539 0.13581730769230768 0.028846153846153848 0.038461538461538464
0 0.2091346153846154 0.5612980769230769 0.02403846153846154 0.028846153846153848
0 0.6490384615384616 0.3701923076923077 0.021634615384615384 0.02403846153846154
0 0.8028846153846154 0.36538461538461536 0.019230769230769232 0.036057692307692304
0 0.8173076923076923 0.40384615384615385 0.02403846153846154 0.021634615384615384
0 0.6189903846153846 0.47475961538461536 0.019230769230769232 0.02403846153846154
0 0.5649038461538461 0.6947115384615384 0.016826923076923076 0.028846153846153848
0 0.7295673076923077 0.47596153846153844 0.10817307692307693 0.12980769230769232