0 0.3762019230769231 0.5540865384615384 0.014423076923076924 0.019230769230769232
0 0.26322115384615385 0.53125 0.02403846153846154 0.026442307692307692
0 0.4963942307692308 0.39783653846153844 0.016826923076923076 0.021634615384615384
0 0.65625 0.3329326923076923 0.019230769230769232 0.03125
0 0.6262019230769231 0.48197115384615385 0.019230769230769232 0.026442307692307692
0 0.5444711538461539 0.5612980769230769 0.019230769230769232 0.021634615384615384
0 0.6117788461538461 0.37259615384615385 0.009615384615384616 0.019230769230769232
0 0.44591346153846156 0.3858173076923077 0.019230769230769232 0.019230769230769232
0 0.5084134615384616 0.4651442307692308 0.016826923076923076 0.019230769230769232
0 0.4411057692307692 0.47475961538461536 0.02403846153846154 0.03125
0 0.4014423076923077 0.6057692307692307 0.009615384615384616 0.014423076923076924
0 0.5997596153846154 0.5240384615384616 0.01201923076923077 0.021634615384615384
0 0.6189903846153846 0.5180288461538461 0.01201923076923077 0.021634615384615384
0 0.7139423076923077 0.5240384615384616 0.016826923076923076 0.03125
0 0.5853365384615384 0.47716346153846156 0.016826923076923076 0.02403846153846154
0 0.5877403846153846 0.38100961538461536 0.014423076923076924 0.016826923076923076
0 0.5288461538461539 0.265625 0.01201923076923077 0.02403846153846154
0 0.3701923076923077 0.46153846153846156 0.014423076923076924 0.026442307692307692
0 0.35697115384615385 0.49278846153846156 0.01201923076923077 0.021634615384615384
0 0.3557692307692308 0.5180288461538461 0.016826923076923076 0.019230769230769232
0 0.5673076923076923 0.5288461538461539 0.014423076923076924 0.026442307692307692
0 0.5612980769230769 0.4326923076923077 0.016826923076923076 0.02403846153846154
0 0.6201923076923077 0.421875 0.014423076923076924 0.021634615384615384
0 0.5132211538461539 0.2980769230769231 0.016826923076923076 0.019230769230769232
0 0.42788461538461536 0.5637019230769231 0.01201923076923077 0.019230769230769232
0 0.40024038461538464 0.3786057692307692 0.014423076923076924 0.021634615384615384
0 0.37740384615384615 0.3233173076923077 0.016826923076923076 0.019230769230769232
0 0.38461538461538464 0.35096153846153844 0.016826923076923076 0.021634615384615384
0 0.49158653846153844 0.3401442307692308 0.016826923076923076 0.021634615384615384
0 0.5576923076923077 0.328125 0.019230769230769232 0.026442307692307692
0 0.5625 0.4855769230769231 0.014423076923076924 0.021634615384615384
0 0.43990384615384615 0.42788461538461536 0.019230769230769232 0.02403846153846154
0 0.47475961538461536 0.5372596153846154 0.019230769230769232 0.016826923076923076
0 0.4182692307692308 0.515625 0.016826923076923076 0.019230769230769232
0 0.7644230769230769 0.5721153846153846 0.021634615384615384 0.028846153846153848