0 0.36538461538461536 0.515625 0.01201923076923077 0.016826923076923076
0 0.2644230769230769 0.46033653846153844 0.021634615384615384 0.026442307692307692
0 0.5264423076923077 0.4014423076923077 0.014423076923076924 0.019230769230769232
0 0.6983173076923077 0.3858173076923077 0.016826923076923076 0.03125
0 0.6262019230769231 0.5192307692307693 0.014423076923076924 0.026442307692307692
0 0.5252403846153846 0.5721153846153846 0.016826923076923076 0.021634615384615384
0 0.6442307692307693 0.4110576923076923 0.007211538461538462 0.019230769230769232
0 0.48197115384615385 0.375 0.016826923076923076 0.016826923076923076
0 0.5180288461538461 0.46875 0.016826923076923076 0.016826923076923076
0 0.4519230769230769 0.4579326923076923 0.021634615384615384 0.03125
0 0.3737980769230769 0.5721153846153846 0.007211538461538462 0.01201923076923077
0 0.5877403846153846 0.5528846153846154 0.009615384615384616 0.019230769230769232
0 0.609375 0.5516826923076923 0.009615384615384616 0.021634615384615384
0 0.6971153846153846 0.5865384615384616 0.01201923076923077 0.03125
0 0.5877403846153846 0.5024038461538461 0.014423076923076924 0.021634615384615384
0 0.6189903846153846 0.4110576923076923 0.01201923076923077 0.016826923076923076
0 0.5961538461538461 0.28365384615384615 0.009615384615384616 0.021634615384615384
0 0.3870192307692308 0.4254807692307692 0.01201923076923077 0.026442307692307692
0 0.36538461538461536 0.45072115384615385 0.009615384615384616 0.019230769230769232
0 0.3557692307692308 0.47475961538461536 0.016826923076923076 0.016826923076923076
0 0.5564903846153846 0.546875 0.009615384615384616 0.02403846153846154
0 0.578125 0.453125 0.014423076923076924 0.021634615384615384
0 0.6370192307692307 0.46033653846153844 0.01201923076923077 0.021634615384615384
0 0.5721153846153846 0.3112980769230769 0.014423076923076924 0.016826923076923076
0 0.41225961538461536 0.5396634615384616 0.01201923076923077 0.016826923076923076
0 0.43990384615384615 0.3545673076923077 0.01201923076923077 0.021634615384615384
0 0.43509615384615385 0.2956730769230769 0.016826923076923076 0.016826923076923076
0 0.4338942307692308 0.3245192307692308 0.014423076923076924 0.021634615384615384
0 0.5384615384615384 0.3449519230769231 0.014423076923076924 0.021634615384615384
0 0.6057692307692307 0.35216346153846156 0.016826923076923076 0.026442307692307692
0 0.5637019230769231 0.5048076923076923 0.01201923076923077 0.021634615384615384
0 0.4639423076923077 0.41346153846153844 0.016826923076923076 0.021634615384615384
0 0.4651442307692308 0.5288461538461539 0.016826923076923076 0.016826923076923076
0 0.4170673076923077 0.49158653846153844 0.016826923076923076 0.016826923076923076
0 0.7319711538461539 0.6454326923076923 0.019230769230769232 0.028846153846153848