0 0.36658653846153844 0.5228365384615384 0.01201923076923077 0.016826923076923076
0 0.26322115384615385 0.4723557692307692 0.019230769230769232 0.02403846153846154
0 0.5216346153846154 0.40024038461538464 0.014423076923076924 0.019230769230769232
0 0.6923076923076923 0.3762019230769231 0.014423076923076924 0.03125
0 0.6274038461538461 0.5132211538461539 0.014423076923076924 0.026442307692307692
0 0.5288461538461539 0.5709134615384616 0.016826923076923076 0.019230769230769232
0 0.6394230769230769 0.40384615384615385 0.007211538461538462 0.019230769230769232
0 0.47596153846153844 0.3762019230769231 0.016826923076923076 0.016826923076923076
0 0.5168269230769231 0.4675480769230769 0.014423076923076924 0.016826923076923076
0 0.4495192307692308 0.46153846153846156 0.019230769230769232 0.028846153846153848
0 0.3786057692307692 0.5793269230769231 0.007211538461538462 0.01201923076923077
0 0.5913461538461539 0.5480769230769231 0.009615384615384616 0.019230769230769232
0 0.6117788461538461 0.5456730769230769 0.009615384615384616 0.021634615384615384
0 0.7019230769230769 0.5757211538461539 0.009615384615384616 0.03125
0 0.5877403846153846 0.4987980769230769 0.01201923076923077 0.021634615384615384
0 0.6141826923076923 0.4050480769230769 0.01201923076923077 0.016826923076923076
0 0.5841346153846154 0.27884615384615385 0.009615384615384616 0.021634615384615384
0 0.38341346153846156 0.43149038461538464 0.009615384615384616 0.026442307692307692
0 0.3629807692307692 0.4579326923076923 0.009615384615384616 0.019230769230769232
0 0.3545673076923077 0.4831730769230769 0.014423076923076924 0.016826923076923076
0 0.5588942307692307 0.5444711538461539 0.009615384615384616 0.02403846153846154
0 0.5745192307692307 0.4495192307692308 0.01201923076923077 0.021634615384615384
0 0.6346153846153846 0.453125 0.01201923076923077 0.021634615384615384
0 0.5625 0.3076923076923077 0.014423076923076924 0.016826923076923076
0 0.41466346153846156 0.5444711538461539 0.009615384615384616 0.016826923076923076
0 0.4326923076923077 0.3581730769230769 0.009615384615384616 0.021634615384615384
0 0.42427884615384615 0.29927884615384615 0.014423076923076924 0.016826923076923076
0 0.42427884615384615 0.328125 0.01201923076923077 0.021634615384615384
0 0.53125 0.34375 0.014423076923076924 0.021634615384615384
0 0.5973557692307693 0.3473557692307692 0.016826923076923076 0.02403846153846154
0 0.5637019230769231 0.5012019230769231 0.01201923076923077 0.021634615384615384
0 0.45913461538461536 0.41586538461538464 0.014423076923076924 0.021634615384615384
0 0.46634615384615385 0.5300480769230769 0.016826923076923076 0.014423076923076924
0 0.4170673076923077 0.4963942307692308 0.014423076923076924 0.016826923076923076
0 0.7391826923076923 0.6334134615384616 0.016826923076923076 0.026442307692307692