0 0.7956730769230769 0.39783653846153844 0.05048076923076923 0.07211538461538461
0 0.5552884615384616 0.5973557692307693 0.040865384615384616 0.06009615384615385
0 0.859375 0.6165865384615384 0.04326923076923077 0.07692307692307693
0 0.8341346153846154 0.06850961538461539 0.021634615384615384 0.021634615384615384
0 0.7704326923076923 0.140625 0.019230769230769232 0.03365384615384615
0 0.47115384615384615 0.3449519230769231 0.05048076923076923 0.0673076923076923
0 0.21995192307692307 0.4050480769230769 0.052884615384615384 0.07211538461538461
0 0.4579326923076923 0.8725961538461539 0.03125 0.04567307692307692
0 0.15504807692307693 0.859375 0.028846153846153848 0.04807692307692308
0 0.26322115384615385 0.9278846153846154 0.036057692307692304 0.05048076923076923
0 0.32572115384615385 0.9242788461538461 0.05048076923076923 0.05048076923076923