0 0.7764423076923077 0.35336538461538464 0.04567307692307692 0.06971153846153846
0 0.5697115384615384 0.5877403846153846 0.038461538461538464 0.06009615384615385
0 0.8725961538461539 0.5588942307692307 0.038461538461538464 0.07451923076923077
0 0.7620192307692307 0.021634615384615384 0.019230769230769232 0.021634615384615384
0 0.7103365384615384 0.10216346153846154 0.016826923076923076 0.03125
0 0.44711538461538464 0.35096153846153844 0.04567307692307692 0.06490384615384616
0 0.2091346153846154 0.45072115384615385 0.05048076923076923 0.06971153846153846
0 0.5168269230769231 0.875 0.028846153846153848 0.04326923076923077
0 0.21514423076923078 0.9086538461538461 0.026442307692307692 0.04807692307692308
0 0.3329326923076923 0.9603365384615384 0.03365384615384615 0.04807692307692308
0 0.3942307692307692 0.9459134615384616 0.04807692307692308 0.04807692307692308