0 0.7944711538461539 0.39302884615384615 0.04807692307692308 0.06971153846153846
0 0.5564903846153846 0.5961538461538461 0.040865384615384616 0.06009615384615385
0 0.8605769230769231 0.6105769230769231 0.040865384615384616 0.07692307692307693
0 0.8269230769230769 0.0625 0.021634615384615384 0.021634615384615384
0 0.7632211538461539 0.13581730769230768 0.019230769230769232 0.03365384615384615
0 0.46875 0.3449519230769231 0.04807692307692308 0.06490384615384616
0 0.21875 0.4098557692307692 0.052884615384615384 0.07211538461538461
0 0.4651442307692308 0.8737980769230769 0.03125 0.04326923076923077
0 0.16105769230769232 0.8653846153846154 0.028846153846153848 0.04807692307692308
0 0.2704326923076923 0.9326923076923077 0.036057692307692304 0.05048076923076923
0 0.33413461538461536 0.9266826923076923 0.05048076923076923 0.05048076923076923