0 0.43028846153846156 0.6622596153846154 0.026442307692307692 0.03365384615384615
0 0.6153846153846154 0.6237980769230769 0.021634615384615384 0.028846153846153848
0 0.6466346153846154 0.7163461538461539 0.026442307692307692 0.03365384615384615
0 0.5372596153846154 0.7175480769230769 0.02403846153846154 0.03365384615384615
0 0.4579326923076923 0.8725961538461539 0.014423076923076924 0.026442307692307692
0 0.4266826923076923 0.8461538461538461 0.01201923076923077 0.028846153846153848
0 0.5276442307692307 0.8389423076923077 0.01201923076923077 0.026442307692307692
0 0.4831730769230769 0.8641826923076923 0.009615384615384616 0.026442307692307692
0 0.5192307692307693 0.9086538461538461 0.021634615384615384 0.016826923076923076
0 0.5036057692307693 0.6201923076923077 0.019230769230769232 0.026442307692307692
0 0.5673076923076923 0.4675480769230769 0.009615384615384616 0.028846153846153848
0 0.47716346153846156 0.4567307692307692 0.01201923076923077 0.021634615384615384
0 0.2848557692307692 0.5552884615384616 0.038461538461538464 0.04567307692307692
0 0.3233173076923077 0.5036057692307693 0.02403846153846154 0.026442307692307692
0 0.25721153846153844 0.453125 0.019230769230769232 0.028846153846153848
0 0.41346153846153844 0.11658653846153846 0.019230769230769232 0.03365384615384615
0 0.5204326923076923 0.12980769230769232 0.019230769230769232 0.028846153846153848
0 0.9411057692307693 0.16826923076923078 0.026442307692307692 0.038461538461538464
0 0.6418269230769231 0.3245192307692308 0.014423076923076924 0.03365384615384615
0 0.9086538461538461 0.2860576923076923 0.014423076923076924 0.026442307692307692
0 0.051682692307692304 0.38341346153846156 0.01201923076923077 0.026442307692307692