0 0.4362980769230769 0.6646634615384616 0.026442307692307692 0.036057692307692304
0 0.6189903846153846 0.6201923076923077 0.021634615384615384 0.028846153846153848
0 0.6538461538461539 0.7115384615384616 0.026442307692307692 0.036057692307692304
0 0.5444711538461539 0.7163461538461539 0.02403846153846154 0.03365384615384615
0 0.47115384615384615 0.8737980769230769 0.016826923076923076 0.026442307692307692
0 0.4387019230769231 0.8485576923076923 0.014423076923076924 0.028846153846153848
0 0.5396634615384616 0.8377403846153846 0.014423076923076924 0.026442307692307692
0 0.4963942307692308 0.8653846153846154 0.01201923076923077 0.026442307692307692
0 0.5336538461538461 0.9074519230769231 0.021634615384615384 0.016826923076923076
0 0.5072115384615384 0.6201923076923077 0.019230769230769232 0.026442307692307692
0 0.5661057692307693 0.4651442307692308 0.01201923076923077 0.028846153846153848
0 0.47596153846153844 0.4579326923076923 0.01201923076923077 0.021634615384615384
0 0.2860576923076923 0.5625 0.038461538461538464 0.04807692307692308
0 0.3233173076923077 0.5096153846153846 0.02403846153846154 0.026442307692307692
0 0.25600961538461536 0.46153846153846156 0.019230769230769232 0.028846153846153848
0 0.40024038461538464 0.1201923076923077 0.019230769230769232 0.03365384615384615
0 0.5072115384615384 0.12860576923076922 0.019230769230769232 0.028846153846153848
0 0.9290865384615384 0.15264423076923078 0.026442307692307692 0.038461538461538464
0 0.6358173076923077 0.31971153846153844 0.016826923076923076 0.03365384615384615
0 0.9014423076923077 0.27163461538461536 0.016826923076923076 0.026442307692307692
0 0.04807692307692308 0.40024038461538464 0.014423076923076924 0.026442307692307692