0 0.4110576923076923 0.6526442307692307 0.028846153846153848 0.036057692307692304
0 0.5997596153846154 0.6370192307692307 0.02403846153846154 0.03125
0 0.6189903846153846 0.7319711538461539 0.028846153846153848 0.036057692307692304
0 0.5108173076923077 0.7211538461538461 0.026442307692307692 0.036057692307692304
0 0.41346153846153844 0.8641826923076923 0.016826923076923076 0.026442307692307692
0 0.38461538461538464 0.8353365384615384 0.014423076923076924 0.028846153846153848
0 0.4855769230769231 0.8389423076923077 0.014423076923076924 0.026442307692307692
0 0.4387019230769231 0.859375 0.01201923076923077 0.026442307692307692
0 0.46875 0.9074519230769231 0.021634615384615384 0.019230769230769232
0 0.4891826923076923 0.6201923076923077 0.021634615384615384 0.026442307692307692
0 0.5697115384615384 0.47596153846153844 0.01201923076923077 0.028846153846153848
0 0.4831730769230769 0.4543269230769231 0.014423076923076924 0.021634615384615384
0 0.27884615384615385 0.5288461538461539 0.040865384615384616 0.05048076923076923
0 0.3245192307692308 0.48197115384615385 0.026442307692307692 0.026442307692307692
0 0.265625 0.4230769230769231 0.021634615384615384 0.03125
0 0.46153846153846156 0.109375 0.021634615384615384 0.036057692307692304
0 0.5649038461538461 0.1346153846153846 0.021634615384615384 0.03125
0 0.9783653846153846 0.22355769230769232 0.028846153846153848 0.040865384615384616
0 0.6622596153846154 0.3425480769230769 0.016826923076923076 0.036057692307692304
0 0.9314903846153846 0.33774038461538464 0.016826923076923076 0.026442307692307692
0 0.06971153846153846 0.33052884615384615 0.014423076923076924 0.026442307692307692