0 0.7007211538461539 0.38100961538461536 0.04807692307692308 0.06971153846153846
0 0.7608173076923077 0.5432692307692307 0.05048076923076923 0.0625
0 0.75 0.6442307692307693 0.026442307692307692 0.028846153846153848
0 0.7644230769230769 0.6887019230769231 0.036057692307692304 0.03365384615384615
0 0.4675480769230769 0.6790865384615384 0.036057692307692304 0.057692307692307696
0 0.39783653846153844 0.7668269230769231 0.036057692307692304 0.04326923076923077
0 0.3713942307692308 0.23076923076923078 0.06009615384615385 0.06009615384615385
0 0.5516826923076923 0.31971153846153844 0.02403846153846154 0.03125
0 0.31490384615384615 0.3485576923076923 0.028846153846153848 0.03125
0 0.30649038461538464 0.3137019230769231 0.03365384615384615 0.026442307692307692
0 0.6382211538461539 0.4723557692307692 0.036057692307692304 0.05048076923076923
0 0.375 0.4579326923076923 0.040865384615384616 0.04326923076923077
0 0.31490384615384615 0.6225961538461539 0.03365384615384615 0.038461538461538464
0 0.14903846153846154 0.22235576923076922 0.02403846153846154 0.028846153846153848
0 0.5733173076923077 0.6153846153846154 0.03365384615384615 0.040865384615384616
0 0.4735576923076923 0.47716346153846156 0.026442307692307692 0.028846153846153848
0 0.46274038461538464 0.38822115384615385 0.040865384615384616 0.04326923076923077
0 0.7163461538461539 0.6586538461538461 0.021634615384615384 0.02403846153846154