0 0.6622596153846154 0.33413461538461536 0.04326923076923077 0.0673076923076923
0 0.7632211538461539 0.47475961538461536 0.04567307692307692 0.057692307692307696
0 0.7788461538461539 0.5745192307692307 0.02403846153846154 0.026442307692307692
0 0.8040865384615384 0.6129807692307693 0.03365384615384615 0.03125
0 0.5144230769230769 0.6814903846153846 0.03125 0.055288461538461536
0 0.4699519230769231 0.7836538461538461 0.03125 0.040865384615384616
0 0.30649038461538464 0.27283653846153844 0.055288461538461536 0.057692307692307696
0 0.5024038461538461 0.3125 0.021634615384615384 0.028846153846153848
0 0.2824519230769231 0.4014423076923077 0.026442307692307692 0.028846153846153848
0 0.2644230769230769 0.3701923076923077 0.03365384615384615 0.02403846153846154
0 0.6262019230769231 0.4375 0.03365384615384615 0.04807692307692308
0 0.36899038461538464 0.49158653846153844 0.038461538461538464 0.040865384615384616
0 0.35336538461538464 0.6658653846153846 0.03125 0.036057692307692304
0 0.0889423076923077 0.32211538461538464 0.021634615384615384 0.026442307692307692
0 0.6009615384615384 0.5925480769230769 0.03125 0.038461538461538464
0 0.46875 0.484375 0.02403846153846154 0.026442307692307692
0 0.43509615384615385 0.4014423076923077 0.036057692307692304 0.040865384615384616
0 0.75 0.5973557692307693 0.021634615384615384 0.02403846153846154