0 0.7019230769230769 0.38461538461538464 0.04807692307692308 0.06971153846153846
0 0.7596153846153846 0.5480769230769231 0.052884615384615384 0.0625
0 0.7475961538461539 0.6490384615384616 0.026442307692307692 0.028846153846153848
0 0.7608173076923077 0.6923076923076923 0.036057692307692304 0.03365384615384615
0 0.4639423076923077 0.6778846153846154 0.036057692307692304 0.057692307692307696
0 0.39302884615384615 0.7644230769230769 0.036057692307692304 0.04326923076923077
0 0.3762019230769231 0.2283653846153846 0.06009615384615385 0.0625
0 0.5540865384615384 0.32091346153846156 0.026442307692307692 0.03125
0 0.31850961538461536 0.34615384615384615 0.03125 0.03125
0 0.3088942307692308 0.31009615384615385 0.03365384615384615 0.026442307692307692
0 0.6382211538461539 0.47475961538461536 0.038461538461538464 0.05048076923076923
0 0.3762019230769231 0.4567307692307692 0.040865384615384616 0.04326923076923077
0 0.3125 0.6189903846153846 0.03365384615384615 0.038461538461538464
0 0.15384615384615385 0.21634615384615385 0.02403846153846154 0.028846153846153848
0 0.5721153846153846 0.6165865384615384 0.03365384615384615 0.040865384615384616
0 0.4735576923076923 0.47716346153846156 0.026442307692307692 0.028846153846153848
0 0.4639423076923077 0.38822115384615385 0.040865384615384616 0.04326923076923077
0 0.7127403846153846 0.6622596153846154 0.02403846153846154 0.02403846153846154