0 0.055288461538461536 0.1045673076923077 0.03125 0.019230769230769232
0 0.140625 0.15384615384615385 0.028846153846153848 0.02403846153846154
0 0.10576923076923077 0.32091346153846156 0.026442307692307692 0.03125
0 0.013221153846153846 0.43028846153846156 0.02403846153846154 0.03365384615384615
0 0.10697115384615384 0.4254807692307692 0.03125 0.03125
0 0.27163461538461536 0.3016826923076923 0.019230769230769232 0.02403846153846154
0 0.18389423076923078 0.3269230769230769 0.028846153846153848 0.026442307692307692
0 0.29447115384615385 0.2283653846153846 0.028846153846153848 0.03365384615384615
0 0.18509615384615385 0.19951923076923078 0.03125 0.028846153846153848
0 0.18629807692307693 0.22956730769230768 0.026442307692307692 0.02403846153846154
0 0.5456730769230769 0.15985576923076922 0.02403846153846154 0.026442307692307692
0 0.4543269230769231 0.4495192307692308 0.021634615384615384 0.03125
0 0.5384615384615384 0.5733173076923077 0.02403846153846154 0.028846153846153848
0 0.4795673076923077 0.5456730769230769 0.026442307692307692 0.02403846153846154
0 0.3401442307692308 0.5504807692307693 0.02403846153846154 0.028846153846153848
0 0.375 0.4795673076923077 0.03365384615384615 0.036057692307692304
0 0.5564903846153846 0.43990384615384615 0.021634615384615384 0.03365384615384615
0 0.6045673076923077 0.4230769230769231 0.028846153846153848 0.02403846153846154
0 0.5841346153846154 0.23798076923076922 0.019230769230769232 0.019230769230769232
0 0.6009615384615384 0.27884615384615385 0.026442307692307692 0.028846153846153848
0 0.5793269230769231 0.38341346153846156 0.021634615384615384 0.02403846153846154
0 0.4891826923076923 0.3954326923076923 0.026442307692307692 0.028846153846153848
0 0.6009615384615384 0.35096153846153844 0.021634615384615384 0.019230769230769232
0 0.2932692307692308 0.5216346153846154 0.016826923076923076 0.016826923076923076
0 0.20552884615384615 0.5588942307692307 0.021634615384615384 0.021634615384615384
0 0.1814903846153846 0.65625 0.026442307692307692 0.021634615384615384
0 0.45072115384615385 0.6346153846153846 0.028846153846153848 0.03125
0 0.3605769230769231 0.6430288461538461 0.026442307692307692 0.03125
0 0.3954326923076923 0.6959134615384616 0.036057692307692304 0.03365384615384615
0 0.3173076923076923 0.6069711538461539 0.02403846153846154 0.03125
0 0.4050480769230769 0.6141826923076923 0.014423076923076924 0.014423076923076924
0 0.43028846153846156 0.3737980769230769 0.019230769230769232 0.02403846153846154
0 0.4375 0.41225961538461536 0.021634615384615384 0.026442307692307692
0 0.3762019230769231 0.40865384615384615 0.026442307692307692 0.03125
0 0.3485576923076923 0.38822115384615385 0.02403846153846154 0.026442307692307692
0 0.3016826923076923 0.3557692307692308 0.026442307692307692 0.03125
0 0.3786057692307692 0.3449519230769231 0.026442307692307692 0.028846153846153848
0 0.1875 0.08173076923076923 0.026442307692307692 0.028846153846153848
0 0.2536057692307692 0.07692307692307693 0.03125 0.028846153846153848
0 0.15745192307692307 0.4651442307692308 0.019230769230769232 0.021634615384615384
0 0.07211538461538461 0.5072115384615384 0.03365384615384615 0.021634615384615384
0 0.18990384615384615 0.41586538461538464 0.016826923076923076 0.021634615384615384
0 0.27884615384615385 0.43028846153846156 0.021634615384615384 0.021634615384615384
0 0.17548076923076922 0.5288461538461539 0.019230769230769232 0.028846153846153848
0 0.25961538461538464 0.5096153846153846 0.028846153846153848 0.038461538461538464
0 0.4326923076923077 0.20673076923076922 0.02403846153846154 0.026442307692307692
0 0.15504807692307693 0.2608173076923077 0.03365384615384615 0.036057692307692304
0 0.12980769230769232 0.2091346153846154 0.02403846153846154 0.021634615384615384
0 0.1045673076923077 0.24759615384615385 0.036057692307692304 0.03125
0 0.010817307692307692 0.5673076923076923 0.019230769230769232 0.02403846153846154
0 0.006009615384615385 0.5120192307692307 0.01201923076923077 0.02403846153846154
0 0.1045673076923077 0.5516826923076923 0.026442307692307692 0.02403846153846154