0 0.13942307692307693 0.026442307692307692 0.03125 0.014423076923076924
0 0.21394230769230768 0.09134615384615384 0.02403846153846154 0.019230769230769232
0 0.14783653846153846 0.24879807692307693 0.02403846153846154 0.026442307692307692
0 0.03485576923076923 0.3389423076923077 0.019230769230769232 0.03125
0 0.12860576923076922 0.35216346153846156 0.028846153846153848 0.028846153846153848
0 0.3137019230769231 0.2620192307692308 0.014423076923076924 0.021634615384615384
0 0.22355769230769232 0.2704326923076923 0.02403846153846154 0.021634615384615384
0 0.34975961538461536 0.1935096153846154 0.026442307692307692 0.028846153846153848
0 0.24759615384615385 0.14543269230769232 0.028846153846153848 0.026442307692307692
0 0.2439903846153846 0.17548076923076922 0.021634615384615384 0.021634615384615384
0 0.609375 0.17548076923076922 0.021634615384615384 0.021634615384615384
0 0.4639423076923077 0.4411057692307692 0.016826923076923076 0.028846153846153848
0 0.5228365384615384 0.5793269230769231 0.019230769230769232 0.02403846153846154
0 0.47115384615384615 0.5408653846153846 0.021634615384615384 0.021634615384615384
0 0.33413461538461536 0.5192307692307693 0.019230769230769232 0.026442307692307692
0 0.38100961538461536 0.45552884615384615 0.028846153846153848 0.03125
0 0.5673076923076923 0.4519230769230769 0.016826923076923076 0.03125
0 0.6177884615384616 0.44471153846153844 0.02403846153846154 0.019230769230769232
0 0.6334134615384616 0.25841346153846156 0.016826923076923076 0.016826923076923076
0 0.6418269230769231 0.30288461538461536 0.021634615384615384 0.02403846153846154
0 0.5997596153846154 0.4014423076923077 0.019230769230769232 0.021634615384615384
0 0.5084134615384616 0.3942307692307692 0.02403846153846154 0.02403846153846154
0 0.6274038461538461 0.37259615384615385 0.019230769230769232 0.016826923076923076
0 0.2932692307692308 0.48197115384615385 0.014423076923076924 0.014423076923076924
0 0.19951923076923078 0.5012019230769231 0.019230769230769232 0.019230769230769232
0 0.15745192307692307 0.5925480769230769 0.021634615384615384 0.019230769230769232
0 0.4254807692307692 0.6225961538461539 0.026442307692307692 0.028846153846153848
0 0.33653846153846156 0.6129807692307693 0.021634615384615384 0.026442307692307692
0 0.359375 0.671875 0.03125 0.028846153846153848
0 0.3004807692307692 0.5709134615384616 0.019230769230769232 0.028846153846153848
0 0.38461538461538464 0.59375 0.01201923076923077 0.01201923076923077
0 0.45552884615384615 0.3629807692307692 0.014423076923076924 0.021634615384615384
0 0.45552884615384615 0.4026442307692308 0.016826923076923076 0.02403846153846154
0 0.39663461538461536 0.3858173076923077 0.02403846153846154 0.026442307692307692
0 0.37259615384615385 0.3605769230769231 0.021634615384615384 0.021634615384615384
0 0.3329326923076923 0.32091346153846156 0.02403846153846154 0.026442307692307692
0 0.4098557692307692 0.3245192307692308 0.02403846153846154 0.02403846153846154
0 0.27283653846153844 0.028846153846153848 0.021634615384615384 0.02403846153846154
0 0.020432692307692308 0.11658653846153846 0.019230769230769232 0.026442307692307692
0 0.3389423076923077 0.038461538461538464 0.028846153846153848 0.026442307692307692
0 0.16947115384615385 0.40024038461538464 0.014423076923076924 0.019230769230769232
0 0.078125 0.4254807692307692 0.03125 0.016826923076923076
0 0.2127403846153846 0.3581730769230769 0.01201923076923077 0.021634615384615384
0 0.296875 0.3894230769230769 0.019230769230769232 0.019230769230769232
0 0.17548076923076922 0.46634615384615385 0.014423076923076924 0.026442307692307692
0 0.2620192307692308 0.46274038461538464 0.021634615384615384 0.03365384615384615
0 0.49038461538461536 0.19951923076923078 0.021634615384615384 0.021634615384615384
0 0.20793269230769232 0.19951923076923078 0.028846153846153848 0.03125
0 0.19230769230769232 0.14423076923076922 0.021634615384615384 0.019230769230769232
0 0.15985576923076922 0.17668269230769232 0.03125 0.026442307692307692
0 0.007211538461538462 0.4735576923076923 0.014423076923076924 0.02403846153846154
0 0.008413461538461538 0.41466346153846156 0.016826923076923076 0.021634615384615384
0 0.10096153846153846 0.47475961538461536 0.021634615384615384 0.021634615384615384