0 0.296875 0.04447115384615385 0.026442307692307692 0.021634615384615384
0 0.20192307692307693 0.18629807692307693 0.02403846153846154 0.028846153846153848
0 0.07451923076923077 0.2536057692307692 0.021634615384615384 0.03125
0 0.16346153846153846 0.28365384615384615 0.028846153846153848 0.028846153846153848
0 0.3629807692307692 0.23076923076923078 0.016826923076923076 0.02403846153846154
0 0.27163461538461536 0.22115384615384615 0.026442307692307692 0.02403846153846154
0 0.4110576923076923 0.17067307692307693 0.028846153846153848 0.03125
0 0.31971153846153844 0.10336538461538461 0.028846153846153848 0.026442307692307692
0 0.31009615384615385 0.13221153846153846 0.02403846153846154 0.02403846153846154
0 0.6694711538461539 0.20192307692307693 0.02403846153846154 0.02403846153846154
0 0.47596153846153844 0.4362980769230769 0.019230769230769232 0.028846153846153848
0 0.5084134615384616 0.5829326923076923 0.021634615384615384 0.026442307692307692
0 0.4639423076923077 0.5348557692307693 0.02403846153846154 0.02403846153846154
0 0.3329326923076923 0.4879807692307692 0.021634615384615384 0.028846153846153848
0 0.3918269230769231 0.4338942307692308 0.03125 0.03365384615384615
0 0.5757211538461539 0.4651442307692308 0.019230769230769232 0.03125
0 0.6262019230769231 0.4675480769230769 0.026442307692307692 0.021634615384615384
0 0.6766826923076923 0.28846153846153844 0.016826923076923076 0.016826923076923076
0 0.6766826923076923 0.3329326923076923 0.02403846153846154 0.026442307692307692
0 0.6165865384615384 0.421875 0.021634615384615384 0.021634615384615384
0 0.5288461538461539 0.39903846153846156 0.02403846153846154 0.026442307692307692
0 0.6490384615384616 0.39903846153846156 0.019230769230769232 0.016826923076923076
0 0.3004807692307692 0.4423076923076923 0.016826923076923076 0.016826923076923076
0 0.20432692307692307 0.44350961538461536 0.019230769230769232 0.019230769230769232
0 0.14543269230769232 0.5252403846153846 0.02403846153846154 0.021634615384615384
0 0.40384615384615385 0.6069711538461539 0.026442307692307692 0.028846153846153848
0 0.3173076923076923 0.5805288461538461 0.02403846153846154 0.028846153846153848
0 0.3293269230769231 0.6418269230769231 0.03365384615384615 0.03125
0 0.29086538461538464 0.53125 0.021634615384615384 0.028846153846153848
0 0.36899038461538464 0.5697115384615384 0.014423076923076924 0.014423076923076924
0 0.48197115384615385 0.35697115384615385 0.016826923076923076 0.02403846153846154
0 0.47475961538461536 0.3954326923076923 0.019230769230769232 0.026442307692307692
0 0.4206730769230769 0.36899038461538464 0.02403846153846154 0.028846153846153848
0 0.4014423076923077 0.3389423076923077 0.02403846153846154 0.02403846153846154
0 0.3701923076923077 0.2920673076923077 0.02403846153846154 0.028846153846153848
0 0.44591346153846156 0.31009615384615385 0.02403846153846154 0.026442307692307692
0 0.36658653846153844 0.004807692307692308 0.026442307692307692 0.009615384615384616
0 0.10216346153846154 0.03245192307692308 0.021634615384615384 0.028846153846153848
0 0.43028846153846156 0.015625 0.028846153846153848 0.026442307692307692
0 0.19471153846153846 0.3389423076923077 0.016826923076923076 0.019230769230769232
0 0.10096153846153846 0.34615384615384615 0.03125 0.019230769230769232
0 0.2439903846153846 0.30649038461538464 0.014423076923076924 0.021634615384615384
0 0.32211538461538464 0.35216346153846156 0.019230769230769232 0.019230769230769232
0 0.1875 0.4050480769230769 0.014423076923076924 0.028846153846153848
0 0.27403846153846156 0.4182692307692308 0.02403846153846154 0.036057692307692304
0 0.5480769230769231 0.203125 0.02403846153846154 0.02403846153846154
0 0.2704326923076923 0.1502403846153846 0.03125 0.03365384615384615
0 0.265625 0.09254807692307693 0.021634615384615384 0.021634615384615384
0 0.22716346153846154 0.11778846153846154 0.03365384615384615 0.028846153846153848
0 0.020432692307692308 0.3798076923076923 0.016826923076923076 0.02403846153846154
0 0.03245192307692308 0.32211538461538464 0.016826923076923076 0.019230769230769232
0 0.038461538461538464 0.22235576923076922 0.009615384615384616 0.03365384615384615
0 0.1141826923076923 0.39903846153846156 0.02403846153846154 0.02403846153846154