0 0.36778846153846156 0.6237980769230769 0.03125 0.03365384615384615
0 0.1346153846153846 0.5432692307692307 0.03365384615384615 0.028846153846153848
0 0.40024038461538464 0.48197115384615385 0.02403846153846154 0.03125
0 0.3485576923076923 0.4543269230769231 0.021634615384615384 0.021634615384615384
0 0.3581730769230769 0.5216346153846154 0.026442307692307692 0.02403846153846154
0 0.3389423076923077 0.5637019230769231 0.019230769230769232 0.019230769230769232
0 0.41466346153846156 0.6057692307692307 0.021634615384615384 0.026442307692307692
0 0.47596153846153844 0.5829326923076923 0.016826923076923076 0.019230769230769232
0 0.4795673076923077 0.30528846153846156 0.021634615384615384 0.026442307692307692
0 0.859375 0.5745192307692307 0.028846153846153848 0.021634615384615384
0 0.9110576923076923 0.5709134615384616 0.019230769230769232 0.019230769230769232
0 0.9423076923076923 0.5997596153846154 0.028846153846153848 0.02403846153846154
0 0.9134615384615384 0.6610576923076923 0.021634615384615384 0.026442307692307692
0 0.8677884615384616 0.6586538461538461 0.021634615384615384 0.021634615384615384
0 0.6947115384615384 0.5384615384615384 0.019230769230769232 0.026442307692307692
0 0.7223557692307693 0.5012019230769231 0.021634615384615384 0.021634615384615384
0 0.8293269230769231 0.5036057692307693 0.02403846153846154 0.028846153846153848
0 0.23557692307692307 0.8581730769230769 0.016826923076923076 0.026442307692307692
0 0.13822115384615385 0.7752403846153846 0.021634615384615384 0.019230769230769232
0 0.09254807692307693 0.25841346153846156 0.026442307692307692 0.02403846153846154
0 0.5048076923076923 0.515625 0.016826923076923076 0.028846153846153848
0 0.5673076923076923 0.4483173076923077 0.016826923076923076 0.014423076923076924
0 0.47836538461538464 0.1310096153846154 0.03365384615384615 0.02403846153846154
0 0.7019230769230769 0.42908653846153844 0.03365384615384615 0.028846153846153848