0 0.3425480769230769 0.5877403846153846 0.038461538461538464 0.040865384615384616
0 0.13581730769230768 0.453125 0.040865384615384616 0.036057692307692304
0 0.4074519230769231 0.4579326923076923 0.03125 0.036057692307692304
0 0.3641826923076923 0.4182692307692308 0.026442307692307692 0.026442307692307692
0 0.35697115384615385 0.48677884615384615 0.03125 0.028846153846153848
0 0.328125 0.5228365384615384 0.02403846153846154 0.021634615384615384
0 0.3918269230769231 0.5817307692307693 0.026442307692307692 0.028846153846153848
0 0.4567307692307692 0.5745192307692307 0.021634615384615384 0.02403846153846154
0 0.5276442307692307 0.30528846153846156 0.026442307692307692 0.028846153846153848
0 0.8305288461538461 0.6598557692307693 0.03365384615384615 0.028846153846153848
0 0.8822115384615384 0.6682692307692307 0.02403846153846154 0.02403846153846154
0 0.9038461538461539 0.7043269230769231 0.03365384615384615 0.028846153846153848
0 0.8617788461538461 0.7560096153846154 0.026442307692307692 0.028846153846153848
0 0.8185096153846154 0.7427884615384616 0.026442307692307692 0.026442307692307692
0 0.6802884615384616 0.5841346153846154 0.02403846153846154 0.028846153846153848
0 0.7151442307692307 0.5552884615384616 0.026442307692307692 0.026442307692307692
0 0.8185096153846154 0.5829326923076923 0.03125 0.03365384615384615
0 0.15625 0.7836538461538461 0.021634615384615384 0.028846153846153848
0 0.0829326923076923 0.6790865384615384 0.02403846153846154 0.02403846153846154
0 0.16346153846153846 0.16706730769230768 0.03125 0.028846153846153848
0 0.5 0.5168269230769231 0.021634615384615384 0.03125
0 0.578125 0.46634615384615385 0.019230769230769232 0.016826923076923076
0 0.5685096153846154 0.13701923076923078 0.036057692307692304 0.03125
0 0.7127403846153846 0.4795673076923077 0.038461538461538464 0.036057692307692304