0 0.4074519230769231 0.6550480769230769 0.038461538461538464 0.040865384615384616
0 0.16105769230769232 0.6418269230769231 0.040865384615384616 0.036057692307692304
0 0.39903846153846156 0.5096153846153846 0.03125 0.036057692307692304
0 0.34134615384615385 0.49759615384615385 0.026442307692307692 0.026442307692307692
0 0.36899038461538464 0.5600961538461539 0.03125 0.028846153846153848
0 0.3629807692307692 0.6057692307692307 0.02403846153846154 0.021634615384615384
0 0.44711538461538464 0.625 0.026442307692307692 0.028846153846153848
0 0.5 0.5865384615384616 0.021634615384615384 0.02403846153846154
0 0.4266826923076923 0.31850961538461536 0.026442307692307692 0.028846153846153848
0 0.8665865384615384 0.4723557692307692 0.03365384615384615 0.028846153846153848
0 0.9146634615384616 0.4543269230769231 0.02403846153846154 0.02403846153846154
0 0.9519230769230769 0.47475961538461536 0.03365384615384615 0.028846153846153848
0 0.9411057692307693 0.5408653846153846 0.026442307692307692 0.028846153846153848
0 0.8966346153846154 0.5516826923076923 0.026442307692307692 0.026442307692307692
0 0.6983173076923077 0.4831730769230769 0.02403846153846154 0.028846153846153848
0 0.7139423076923077 0.43990384615384615 0.026442307692307692 0.026442307692307692
0 0.8173076923076923 0.41225961538461536 0.03125 0.03365384615384615
0 0.34375 0.9170673076923077 0.021634615384615384 0.028846153846153848
0 0.2283653846153846 0.8641826923076923 0.02403846153846154 0.02403846153846154
0 0.042067307692307696 0.3798076923076923 0.03125 0.028846153846153848
0 0.5084134615384616 0.5144230769230769 0.021634615384615384 0.03125
0 0.5504807692307693 0.43149038461538464 0.019230769230769232 0.016826923076923076
0 0.37740384615384615 0.1502403846153846 0.036057692307692304 0.03125
0 0.6742788461538461 0.3762019230769231 0.038461538461538464 0.036057692307692304