1 0.546875 0.3161057692307692 0.02403846153846154 0.03365384615384615
1 0.5516826923076923 0.640625 0.016826923076923076 0.014423076923076924
1 0.5120192307692307 0.6141826923076923 0.014423076923076924 0.016826923076923076
1 0.47836538461538464 0.5649038461538461 0.01201923076923077 0.014423076923076924
1 0.515625 0.3389423076923077 0.014423076923076924 0.02403846153846154
1 0.4543269230769231 0.3954326923076923 0.01201923076923077 0.014423076923076924
1 0.4807692307692308 0.3076923076923077 0.02403846153846154 0.026442307692307692
1 0.4170673076923077 0.4110576923076923 0.01201923076923077 0.016826923076923076
1 0.4423076923076923 0.4375 0.016826923076923076 0.01201923076923077
1 0.39663461538461536 0.484375 0.01201923076923077 0.019230769230769232
1 0.4206730769230769 0.4699519230769231 0.01201923076923077 0.014423076923076924
1 0.625 0.32091346153846156 0.009615384615384616 0.019230769230769232
1 0.5721153846153846 0.3329326923076923 0.014423076923076924 0.02403846153846154
1 0.5649038461538461 0.3870192307692308 0.014423076923076924 0.019230769230769232
1 0.5697115384615384 0.4206730769230769 0.014423076923076924 0.021634615384615384
1 0.6033653846153846 0.43990384615384615 0.009615384615384616 0.014423076923076924
1 0.5060096153846154 0.47475961538461536 0.019230769230769232 0.021634615384615384
1 0.5420673076923077 0.4987980769230769 0.014423076923076924 0.019230769230769232
1 0.4170673076923077 0.5108173076923077 0.014423076923076924 0.016826923076923076
1 0.5 0.5949519230769231 0.01201923076923077 0.016826923076923076
1 0.5 0.6598557692307693 0.014423076923076924 0.019230769230769232
1 0.40384615384615385 0.5877403846153846 0.01201923076923077 0.016826923076923076
1 0.4423076923076923 0.49038461538461536 0.014423076923076924 0.014423076923076924
1 0.46033653846153844 0.5072115384615384 0.009615384615384616 0.01201923076923077
1 0.4723557692307692 0.5264423076923077 0.014423076923076924 0.016826923076923076
1 0.47596153846153844 0.6646634615384616 0.01201923076923077 0.01201923076923077
1 0.4411057692307692 0.5132211538461539 0.014423076923076924 0.01201923076923077