1 0.5685096153846154 0.32211538461538464 0.026442307692307692 0.03365384615384615
1 0.5348557692307693 0.6454326923076923 0.016826923076923076 0.016826923076923076
1 0.4987980769230769 0.6141826923076923 0.014423076923076924 0.016826923076923076
1 0.4699519230769231 0.5612980769230769 0.014423076923076924 0.014423076923076924
1 0.5360576923076923 0.3425480769230769 0.016826923076923076 0.02403846153846154
1 0.4675480769230769 0.390625 0.014423076923076924 0.014423076923076924
1 0.5048076923076923 0.3076923076923077 0.02403846153846154 0.028846153846153848
1 0.42908653846153844 0.4026442307692308 0.014423076923076924 0.016826923076923076
1 0.45072115384615385 0.43028846153846156 0.016826923076923076 0.014423076923076924
1 0.40024038461538464 0.4723557692307692 0.014423076923076924 0.019230769230769232
1 0.4254807692307692 0.46033653846153844 0.014423076923076924 0.014423076923076924
1 0.6454326923076923 0.33774038461538464 0.01201923076923077 0.019230769230769232
1 0.5925480769230769 0.3425480769230769 0.014423076923076924 0.02403846153846154
1 0.578125 0.3954326923076923 0.014423076923076924 0.019230769230769232
1 0.578125 0.42908653846153844 0.014423076923076924 0.021634615384615384
1 0.6105769230769231 0.453125 0.009615384615384616 0.014423076923076924
1 0.5096153846153846 0.47596153846153844 0.019230769230769232 0.02403846153846154
1 0.5420673076923077 0.5036057692307693 0.016826923076923076 0.019230769230769232
1 0.4170673076923077 0.5012019230769231 0.014423076923076924 0.016826923076923076
1 0.4879807692307692 0.59375 0.014423076923076924 0.016826923076923076
1 0.4795673076923077 0.6586538461538461 0.014423076923076924 0.019230769230769232
1 0.3942307692307692 0.5757211538461539 0.014423076923076924 0.016826923076923076
1 0.44350961538461536 0.4831730769230769 0.014423076923076924 0.014423076923076924
1 0.46033653846153844 0.5024038461538461 0.009615384615384616 0.01201923076923077
1 0.46875 0.5228365384615384 0.016826923076923076 0.016826923076923076
1 0.45552884615384615 0.6598557692307693 0.01201923076923077 0.01201923076923077
1 0.43990384615384615 0.5060096153846154 0.014423076923076924 0.01201923076923077