1 0.5300480769230769 0.3125 0.028846153846153848 0.036057692307692304
1 0.5637019230769231 0.6346153846153846 0.019230769230769232 0.016826923076923076
1 0.5228365384615384 0.6117788461538461 0.014423076923076924 0.019230769230769232
1 0.484375 0.5661057692307693 0.014423076923076924 0.016826923076923076
1 0.5024038461538461 0.3389423076923077 0.016826923076923076 0.026442307692307692
1 0.44591346153846156 0.40024038461538464 0.014423076923076924 0.016826923076923076
1 0.4651442307692308 0.31009615384615385 0.026442307692307692 0.028846153846153848
1 0.4098557692307692 0.41947115384615385 0.014423076923076924 0.019230769230769232
1 0.4375 0.4423076923076923 0.019230769230769232 0.014423076923076924
1 0.39663461538461536 0.49278846153846156 0.014423076923076924 0.021634615384615384
1 0.4182692307692308 0.47716346153846156 0.014423076923076924 0.016826923076923076
1 0.609375 0.3112980769230769 0.01201923076923077 0.019230769230769232
1 0.5576923076923077 0.3269230769230769 0.016826923076923076 0.026442307692307692
1 0.5540865384615384 0.38221153846153844 0.014423076923076924 0.021634615384615384
1 0.5625 0.41466346153846156 0.016826923076923076 0.02403846153846154
1 0.5985576923076923 0.43149038461538464 0.009615384615384616 0.014423076923076924
1 0.5036057692307693 0.4735576923076923 0.021634615384615384 0.02403846153846154
1 0.5420673076923077 0.4951923076923077 0.016826923076923076 0.021634615384615384
1 0.4182692307692308 0.5180288461538461 0.014423076923076924 0.019230769230769232
1 0.5084134615384616 0.5949519230769231 0.014423076923076924 0.019230769230769232
1 0.5132211538461539 0.6598557692307693 0.014423076923076924 0.021634615384615384
1 0.41225961538461536 0.5949519230769231 0.014423076923076924 0.019230769230769232
1 0.4411057692307692 0.4951923076923077 0.014423076923076924 0.016826923076923076
1 0.46153846153846156 0.5108173076923077 0.01201923076923077 0.01201923076923077
1 0.47475961538461536 0.5288461538461539 0.016826923076923076 0.019230769230769232
1 0.49038461538461536 0.6658653846153846 0.014423076923076924 0.014423076923076924
1 0.4423076923076923 0.5180288461538461 0.014423076923076924 0.014423076923076924