0 0.47596153846153844 0.5697115384615384 0.019230769230769232 0.019230769230769232
0 0.38341346153846156 0.5985576923076923 0.02403846153846154 0.016826923076923076
0 0.4074519230769231 0.5901442307692307 0.014423076923076924 0.019230769230769232
0 0.30288461538461536 0.40384615384615385 0.019230769230769232 0.01201923076923077
0 0.21514423076923078 0.3870192307692308 0.021634615384615384 0.019230769230769232
0 0.22716346153846154 0.4266826923076923 0.019230769230769232 0.016826923076923076
0 0.4362980769230769 0.5685096153846154 0.019230769230769232 0.014423076923076924
0 0.18870192307692307 0.5336538461538461 0.016826923076923076 0.019230769230769232
0 0.328125 0.5060096153846154 0.014423076923076924 0.014423076923076924
0 0.27163461538461536 0.6225961538461539 0.014423076923076924 0.014423076923076924
0 0.3557692307692308 0.5697115384615384 0.019230769230769232 0.014423076923076924
0 0.1658653846153846 0.5661057692307693 0.014423076923076924 0.014423076923076924
0 0.109375 0.5024038461538461 0.021634615384615384 0.016826923076923076
0 0.12980769230769232 0.44471153846153844 0.02403846153846154 0.021634615384615384
0 0.13822115384615385 0.47115384615384615 0.03125 0.021634615384615384
0 0.32572115384615385 0.46033653846153844 0.021634615384615384 0.019230769230769232
0 0.17067307692307693 0.3485576923076923 0.03125 0.026442307692307692
0 0.10096153846153846 0.5757211538461539 0.021634615384615384 0.021634615384615384
0 0.11177884615384616 0.7331730769230769 0.02403846153846154 0.02403846153846154
0 0.1045673076923077 0.7728365384615384 0.03365384615384615 0.028846153846153848
0 0.18629807692307693 0.8088942307692307 0.03125 0.021634615384615384
0 0.18028846153846154 0.6502403846153846 0.02403846153846154 0.026442307692307692
0 0.34615384615384615 0.5913461538461539 0.016826923076923076 0.014423076923076924
0 0.234375 0.578125 0.019230769230769232 0.019230769230769232
0 0.3088942307692308 0.5745192307692307 0.021634615384615384 0.016826923076923076
0 0.046875 0.6358173076923077 0.02403846153846154 0.02403846153846154
0 0.11899038461538461 0.3942307692307692 0.03365384615384615 0.02403846153846154
0 0.3112980769230769 0.34615384615384615 0.02403846153846154 0.02403846153846154
0 0.7103365384615384 0.6045673076923077 0.03125 0.021634615384615384