0 0.4579326923076923 0.5612980769230769 0.016826923076923076 0.016826923076923076
0 0.36177884615384615 0.5649038461538461 0.021634615384615384 0.014423076923076924
0 0.3870192307692308 0.5625 0.01201923076923077 0.016826923076923076
0 0.33413461538461536 0.35697115384615385 0.016826923076923076 0.009615384615384616
0 0.2548076923076923 0.3173076923076923 0.019230769230769232 0.016826923076923076
0 0.25600961538461536 0.3581730769230769 0.016826923076923076 0.014423076923076924
0 0.4206730769230769 0.5504807692307693 0.019230769230769232 0.01201923076923077
0 0.19110576923076922 0.4519230769230769 0.014423076923076924 0.016826923076923076
0 0.3329326923076923 0.46153846153846156 0.014423076923076924 0.01201923076923077
0 0.24759615384615385 0.5588942307692307 0.014423076923076924 0.01201923076923077
0 0.34375 0.5300480769230769 0.016826923076923076 0.01201923076923077
0 0.16105769230769232 0.47716346153846156 0.01201923076923077 0.014423076923076924
0 0.12259615384615384 0.40024038461538464 0.019230769230769232 0.014423076923076924
0 0.15625 0.35096153846153844 0.021634615384615384 0.016826923076923076
0 0.15865384615384615 0.3786057692307692 0.028846153846153848 0.019230769230769232
0 0.34134615384615385 0.4170673076923077 0.019230769230769232 0.016826923076923076
0 0.22115384615384615 0.2692307692307692 0.026442307692307692 0.02403846153846154
0 0.09495192307692307 0.4699519230769231 0.019230769230769232 0.019230769230769232
0 0.06490384615384616 0.625 0.021634615384615384 0.019230769230769232
0 0.046875 0.6610576923076923 0.028846153846153848 0.02403846153846154
0 0.11658653846153846 0.7175480769230769 0.028846153846153848 0.019230769230769232
0 0.15264423076923078 0.5625 0.021634615384615384 0.02403846153846154
0 0.328125 0.5492788461538461 0.014423076923076924 0.01201923076923077
0 0.22235576923076922 0.5072115384615384 0.016826923076923076 0.016826923076923076
0 0.296875 0.5228365384615384 0.019230769230769232 0.014423076923076924
0 0.027644230769230768 0.5132211538461539 0.021634615384615384 0.019230769230769232
0 0.15865384615384615 0.29927884615384615 0.03125 0.021634615384615384
0 0.35697115384615385 0.30288461538461536 0.021634615384615384 0.019230769230769232
0 0.6754807692307693 0.6550480769230769 0.028846153846153848 0.019230769230769232