0 0.4675480769230769 0.5673076923076923 0.016826923076923076 0.016826923076923076
0 0.37259615384615385 0.5841346153846154 0.021634615384615384 0.014423076923076924
0 0.39663461538461536 0.578125 0.014423076923076924 0.016826923076923076
0 0.3161057692307692 0.38100961538461536 0.016826923076923076 0.009615384615384616
0 0.23197115384615385 0.35336538461538464 0.019230769230769232 0.016826923076923076
0 0.23798076923076922 0.3942307692307692 0.016826923076923076 0.016826923076923076
0 0.42788461538461536 0.5600961538461539 0.019230769230769232 0.014423076923076924
0 0.1875 0.4963942307692308 0.016826923076923076 0.016826923076923076
0 0.328125 0.484375 0.014423076923076924 0.01201923076923077
0 0.25841346153846156 0.59375 0.014423076923076924 0.01201923076923077
0 0.3485576923076923 0.5516826923076923 0.016826923076923076 0.01201923076923077
0 0.16105769230769232 0.5252403846153846 0.01201923076923077 0.014423076923076924
0 0.11177884615384616 0.4543269230769231 0.019230769230769232 0.016826923076923076
0 0.13942307692307693 0.40024038461538464 0.02403846153846154 0.019230769230769232
0 0.14543269230769232 0.42788461538461536 0.03125 0.019230769230769232
0 0.3317307692307692 0.43990384615384615 0.019230769230769232 0.019230769230769232
0 0.19110576923076922 0.31009615384615385 0.028846153846153848 0.02403846153846154
0 0.09495192307692307 0.5264423076923077 0.021634615384615384 0.019230769230769232
0 0.08653846153846154 0.6850961538461539 0.02403846153846154 0.021634615384615384
0 0.07451923076923077 0.7235576923076923 0.03125 0.026442307692307692
0 0.1502403846153846 0.7680288461538461 0.028846153846153848 0.019230769230769232
0 0.16466346153846154 0.6105769230769231 0.021634615384615384 0.026442307692307692
0 0.33653846153846156 0.5721153846153846 0.014423076923076924 0.014423076923076924
0 0.22596153846153846 0.5456730769230769 0.019230769230769232 0.016826923076923076
0 0.3016826923076923 0.5516826923076923 0.019230769230769232 0.014423076923076924
0 0.03365384615384615 0.5793269230769231 0.021634615384615384 0.021634615384615384
0 0.1346153846153846 0.3485576923076923 0.03125 0.021634615384615384
0 0.3317307692307692 0.3245192307692308 0.021634615384615384 0.021634615384615384
0 0.6959134615384616 0.6286057692307693 0.028846153846153848 0.019230769230769232