0 0.38100961538461536 0.6189903846153846 0.02403846153846154 0.016826923076923076
0 0.4579326923076923 0.5384615384615384 0.019230769230769232 0.019230769230769232
0 0.5985576923076923 0.5 0.026442307692307692 0.03125
0 0.7151442307692307 0.7391826923076923 0.021634615384615384 0.014423076923076924
0 0.6358173076923077 0.7007211538461539 0.016826923076923076 0.021634615384615384
0 0.5685096153846154 0.6622596153846154 0.019230769230769232 0.021634615384615384
0 0.5180288461538461 0.5985576923076923 0.016826923076923076 0.019230769230769232
0 0.5252403846153846 0.5588942307692307 0.019230769230769232 0.021634615384615384
0 0.46274038461538464 0.6394230769230769 0.021634615384615384 0.014423076923076924
0 0.3954326923076923 0.5120192307692307 0.019230769230769232 0.014423076923076924
0 0.5360576923076923 0.7355769230769231 0.021634615384615384 0.016826923076923076
0 0.4651442307692308 0.6694711538461539 0.019230769230769232 0.014423076923076924
0 0.48197115384615385 0.4230769230769231 0.01201923076923077 0.014423076923076924
0 0.3762019230769231 0.4879807692307692 0.019230769230769232 0.016826923076923076