0 0.375 0.6129807692307693 0.02403846153846154 0.014423076923076924
0 0.45552884615384615 0.5360576923076923 0.019230769230769232 0.019230769230769232
0 0.5985576923076923 0.5048076923076923 0.02403846153846154 0.028846153846153848
0 0.7019230769230769 0.75 0.019230769230769232 0.014423076923076924
0 0.625 0.7079326923076923 0.014423076923076924 0.021634615384615384
0 0.5600961538461539 0.6658653846153846 0.019230769230769232 0.019230769230769232
0 0.5132211538461539 0.5997596153846154 0.016826923076923076 0.019230769230769232
0 0.5216346153846154 0.5600961538461539 0.019230769230769232 0.021634615384615384
0 0.45552884615384615 0.6370192307692307 0.021634615384615384 0.014423076923076924
0 0.3954326923076923 0.5060096153846154 0.019230769230769232 0.014423076923076924
0 0.5240384615384616 0.7367788461538461 0.021634615384615384 0.016826923076923076
0 0.4567307692307692 0.6670673076923077 0.019230769230769232 0.014423076923076924
0 0.4855769230769231 0.421875 0.01201923076923077 0.014423076923076924
0 0.37740384615384615 0.48197115384615385 0.019230769230769232 0.014423076923076924