0 0.35336538461538464 0.5817307692307693 0.026442307692307692 0.021634615384615384
0 0.4483173076923077 0.5252403846153846 0.021634615384615384 0.021634615384615384
0 0.5949519230769231 0.5264423076923077 0.03125 0.036057692307692304
0 0.640625 0.7884615384615384 0.02403846153846154 0.016826923076923076
0 0.5745192307692307 0.7307692307692307 0.019230769230769232 0.02403846153846154
0 0.5216346153846154 0.6754807692307693 0.02403846153846154 0.02403846153846154
0 0.49038461538461536 0.5997596153846154 0.021634615384615384 0.021634615384615384
0 0.5072115384615384 0.5637019230769231 0.02403846153846154 0.026442307692307692
0 0.4254807692307692 0.6237980769230769 0.02403846153846154 0.019230769230769232
0 0.39663461538461536 0.48197115384615385 0.021634615384615384 0.019230769230769232
0 0.4699519230769231 0.7355769230769231 0.02403846153846154 0.021634615384615384
0 0.4206730769230769 0.6526442307692307 0.021634615384615384 0.019230769230769232
0 0.5036057692307693 0.4206730769230769 0.014423076923076924 0.014423076923076924
0 0.38461538461538464 0.4543269230769231 0.021634615384615384 0.019230769230769232