0 0.6574519230769231 0.7692307692307693 0.026442307692307692 0.036057692307692304
0 0.5552884615384616 0.7548076923076923 0.016826923076923076 0.02403846153846154
0 0.4795673076923077 0.7259615384615384 0.016826923076923076 0.026442307692307692
0 0.38221153846153844 0.5865384615384616 0.02403846153846154 0.038461538461538464
0 0.39903846153846156 0.6622596153846154 0.026442307692307692 0.038461538461538464
0 0.33653846153846156 0.5528846153846154 0.021634615384615384 0.026442307692307692
0 0.40384615384615385 0.49278846153846156 0.028846153846153848 0.03365384615384615
0 0.19951923076923078 0.037259615384615384 0.02403846153846154 0.03125
0 0.25600961538461536 0.15144230769230768 0.03365384615384615 0.04567307692307692
0 0.3942307692307692 0.19831730769230768 0.021634615384615384 0.028846153846153848
0 0.5625 0.23197115384615385 0.02403846153846154 0.03125
0 0.43990384615384615 0.36899038461538464 0.03125 0.036057692307692304
0 0.6286057692307693 0.2956730769230769 0.026442307692307692 0.040865384615384616
0 0.6225961538461539 0.0733173076923077 0.028846153846153848 0.028846153846153848
0 0.6971153846153846 0.1045673076923077 0.02403846153846154 0.028846153846153848
0 0.7379807692307693 0.1141826923076923 0.026442307692307692 0.03125
0 0.7247596153846154 0.3137019230769231 0.02403846153846154 0.03125
0 0.7163461538461539 0.36778846153846156 0.019230769230769232 0.021634615384615384
0 0.6574519230769231 0.4735576923076923 0.019230769230769232 0.021634615384615384
0 0.6141826923076923 0.43509615384615385 0.019230769230769232 0.026442307692307692
0 0.48197115384615385 0.6009615384615384 0.016826923076923076 0.026442307692307692
0 0.6225961538461539 0.5480769230769231 0.02403846153846154 0.026442307692307692
0 0.9951923076923077 0.3557692307692308 0.004807692307692308 0.028846153846153848
0 0.33533653846153844 0.8064903846153846 0.01201923076923077 0.026442307692307692
0 0.5120192307692307 0.5697115384615384 0.016826923076923076 0.02403846153846154
0 0.8100961538461539 0.49759615384615385 0.016826923076923076 0.028846153846153848