0 0.7019230769230769 0.7379807692307693 0.026442307692307692 0.036057692307692304
0 0.5985576923076923 0.7415865384615384 0.016826923076923076 0.02403846153846154
0 0.5180288461538461 0.7259615384615384 0.016826923076923076 0.026442307692307692
0 0.39903846153846156 0.6057692307692307 0.02403846153846154 0.038461538461538464
0 0.42908653846153844 0.6778846153846154 0.026442307692307692 0.038461538461538464
0 0.3473557692307692 0.5805288461538461 0.021634615384615384 0.026442307692307692
0 0.40384615384615385 0.5096153846153846 0.028846153846153848 0.03365384615384615
0 0.12379807692307693 0.09615384615384616 0.02403846153846154 0.03125
0 0.19951923076923078 0.19951923076923078 0.03365384615384615 0.04567307692307692
0 0.3425480769230769 0.22235576923076922 0.021634615384615384 0.028846153846153848
0 0.5144230769230769 0.2247596153846154 0.02403846153846154 0.03125
0 0.4182692307692308 0.38221153846153844 0.03125 0.036057692307692304
0 0.5913461538461539 0.2764423076923077 0.026442307692307692 0.040865384615384616
0 0.546875 0.057692307692307696 0.028846153846153848 0.028846153846153848
0 0.6262019230769231 0.07692307692307693 0.02403846153846154 0.028846153846153848
0 0.6670673076923077 0.07932692307692307 0.026442307692307692 0.03125
0 0.6887019230769231 0.2776442307692308 0.02403846153846154 0.03125
0 0.6899038461538461 0.3329326923076923 0.019230769230769232 0.021634615384615384
0 0.6514423076923077 0.44711538461538464 0.019230769230769232 0.021634615384615384
0 0.6009615384615384 0.41586538461538464 0.019230769230769232 0.026442307692307692
0 0.4987980769230769 0.6021634615384616 0.016826923076923076 0.026442307692307692
0 0.6286057692307693 0.5264423076923077 0.02403846153846154 0.026442307692307692
0 0.9675480769230769 0.2704326923076923 0.014423076923076924 0.026442307692307692
0 0.3918269230769231 0.8305288461538461 0.01201923076923077 0.026442307692307692
0 0.5240384615384616 0.5661057692307693 0.016826923076923076 0.02403846153846154
0 0.8052884615384616 0.44471153846153844 0.016826923076923076 0.028846153846153848