0 0.6971153846153846 0.7415865384615384 0.02403846153846154 0.036057692307692304
0 0.59375 0.7427884615384616 0.016826923076923076 0.02403846153846154
0 0.5144230769230769 0.7271634615384616 0.016826923076923076 0.026442307692307692
0 0.39783653846153844 0.6033653846153846 0.02403846153846154 0.038461538461538464
0 0.4254807692307692 0.6766826923076923 0.026442307692307692 0.038461538461538464
0 0.34615384615384615 0.578125 0.021634615384615384 0.026442307692307692
0 0.40384615384615385 0.5084134615384616 0.028846153846153848 0.03365384615384615
0 0.12980769230769232 0.09014423076923077 0.021634615384615384 0.03125
0 0.20552884615384615 0.1935096153846154 0.03365384615384615 0.04326923076923077
0 0.3473557692307692 0.21875 0.021634615384615384 0.028846153846153848
0 0.5192307692307693 0.2247596153846154 0.021634615384615384 0.03125
0 0.4206730769230769 0.3798076923076923 0.03125 0.036057692307692304
0 0.5949519230769231 0.2776442307692308 0.026442307692307692 0.040865384615384616
0 0.5552884615384616 0.05889423076923077 0.028846153846153848 0.028846153846153848
0 0.6334134615384616 0.078125 0.02403846153846154 0.028846153846153848
0 0.6742788461538461 0.08173076923076923 0.02403846153846154 0.03125
0 0.6935096153846154 0.2800480769230769 0.02403846153846154 0.03125
0 0.6935096153846154 0.33533653846153844 0.019230769230769232 0.021634615384615384
0 0.6514423076923077 0.4495192307692308 0.019230769230769232 0.021634615384615384
0 0.6021634615384616 0.4182692307692308 0.019230769230769232 0.026442307692307692
0 0.49759615384615385 0.6021634615384616 0.016826923076923076 0.026442307692307692
0 0.6286057692307693 0.5288461538461539 0.02403846153846154 0.026442307692307692
0 0.9711538461538461 0.27884615384615385 0.014423076923076924 0.026442307692307692
0 0.3858173076923077 0.828125 0.01201923076923077 0.026442307692307692
0 0.5228365384615384 0.5673076923076923 0.016826923076923076 0.02403846153846154
0 0.8064903846153846 0.4495192307692308 0.016826923076923076 0.028846153846153848