1 0.6153846153846154 0.5348557692307693 0.016826923076923076 0.03125
1 0.46634615384615385 0.5192307692307693 0.01201923076923077 0.016826923076923076
1 0.5036057692307693 0.5228365384615384 0.01201923076923077 0.016826923076923076
1 0.4014423076923077 0.41346153846153844 0.004807692307692308 0.009615384615384616
1 0.4699519230769231 0.4014423076923077 0.007211538461538462 0.009615384615384616
1 0.5492788461538461 0.5444711538461539 0.009615384615384616 0.014423076923076924
1 0.5240384615384616 0.5048076923076923 0.009615384615384616 0.009615384615384616
1 0.53125 0.5324519230769231 0.01201923076923077 0.01201923076923077
1 0.5625 0.515625 0.01201923076923077 0.014423076923076924
1 0.6009615384615384 0.4723557692307692 0.01201923076923077 0.014423076923076924
1 0.4110576923076923 0.46875 0.007211538461538462 0.01201923076923077
1 0.39903846153846156 0.5216346153846154 0.009615384615384616 0.01201923076923077
1 0.4170673076923077 0.5264423076923077 0.01201923076923077 0.01201923076923077
1 0.44350961538461536 0.5661057692307693 0.007211538461538462 0.01201923076923077
1 0.46153846153846156 0.5456730769230769 0.01201923076923077 0.01201923076923077
1 0.5084134615384616 0.5480769230769231 0.007211538461538462 0.009615384615384616
1 0.5336538461538461 0.5817307692307693 0.009615384615384616 0.014423076923076924
1 0.578125 0.44591346153846156 0.009615384615384616 0.01201923076923077
1 0.4182692307692308 0.4338942307692308 0.009615384615384616 0.01201923076923077
1 0.47596153846153844 0.4375 0.007211538461538462 0.01201923076923077
1 0.5348557692307693 0.4170673076923077 0.009615384615384616 0.01201923076923077
1 0.5637019230769231 0.45552884615384615 0.01201923076923077 0.019230769230769232
1 0.5096153846153846 0.4639423076923077 0.01201923076923077 0.014423076923076924
1 0.4543269230769231 0.47115384615384615 0.009615384615384616 0.01201923076923077
1 0.4362980769230769 0.46274038461538464 0.009615384615384616 0.01201923076923077
1 0.4375 0.4855769230769231 0.009615384615384616 0.01201923076923077
1 0.390625 0.49158653846153844 0.01201923076923077 0.014423076923076924
1 0.49399038461538464 0.390625 0.009615384615384616 0.01201923076923077
1 0.5204326923076923 0.421875 0.007211538461538462 0.014423076923076924
1 0.4254807692307692 0.40865384615384615 0.009615384615384616 0.009615384615384616
1 0.4495192307692308 0.40384615384615385 0.01201923076923077 0.014423076923076924
1 0.453125 0.4411057692307692 0.009615384615384616 0.009615384615384616
1 0.5564903846153846 0.39783653846153844 0.009615384615384616 0.009615384615384616