1 0.6129807692307693 0.5408653846153846 0.014423076923076924 0.028846153846153848
1 0.4651442307692308 0.5180288461538461 0.009615384615384616 0.016826923076923076
1 0.5024038461538461 0.5228365384615384 0.009615384615384616 0.016826923076923076
1 0.40625 0.40865384615384615 0.004807692307692308 0.009615384615384616
1 0.47596153846153844 0.40024038461538464 0.007211538461538462 0.009615384615384616
1 0.546875 0.546875 0.009615384615384616 0.014423076923076924
1 0.5228365384615384 0.5060096153846154 0.009615384615384616 0.009615384615384616
1 0.5300480769230769 0.5348557692307693 0.009615384615384616 0.01201923076923077
1 0.5612980769230769 0.5180288461538461 0.009615384615384616 0.014423076923076924
1 0.6021634615384616 0.47836538461538464 0.009615384615384616 0.014423076923076924
1 0.41225961538461536 0.4639423076923077 0.007211538461538462 0.01201923076923077
1 0.39903846153846156 0.515625 0.009615384615384616 0.01201923076923077
1 0.41586538461538464 0.5228365384615384 0.009615384615384616 0.01201923076923077
1 0.43990384615384615 0.5637019230769231 0.007211538461538462 0.01201923076923077
1 0.45913461538461536 0.5432692307692307 0.01201923076923077 0.01201923076923077
1 0.5060096153846154 0.5492788461538461 0.007211538461538462 0.009615384615384616
1 0.5300480769230769 0.5841346153846154 0.009615384615384616 0.014423076923076924
1 0.5805288461538461 0.4495192307692308 0.009615384615384616 0.01201923076923077
1 0.421875 0.42908653846153844 0.009615384615384616 0.01201923076923077
1 0.4795673076923077 0.4362980769230769 0.007211538461538462 0.01201923076923077
1 0.5384615384615384 0.4182692307692308 0.009615384615384616 0.01201923076923077
1 0.5661057692307693 0.45913461538461536 0.009615384615384616 0.019230769230769232
1 0.5108173076923077 0.4639423076923077 0.009615384615384616 0.014423076923076924
1 0.4567307692307692 0.46875 0.009615384615384616 0.01201923076923077
1 0.4375 0.46033653846153844 0.009615384615384616 0.01201923076923077
1 0.4375 0.4831730769230769 0.009615384615384616 0.01201923076923077
1 0.390625 0.48677884615384615 0.009615384615384616 0.014423076923076924
1 0.5 0.390625 0.009615384615384616 0.01201923076923077
1 0.5252403846153846 0.4230769230769231 0.007211538461538462 0.014423076923076924
1 0.43028846153846156 0.4050480769230769 0.009615384615384616 0.009615384615384616
1 0.45552884615384615 0.4014423076923077 0.009615384615384616 0.014423076923076924
1 0.45552884615384615 0.4387019230769231 0.009615384615384616 0.009615384615384616
1 0.5625 0.40024038461538464 0.009615384615384616 0.009615384615384616