1 0.6177884615384616 0.5228365384615384 0.019230769230769232 0.03125
1 0.4675480769230769 0.5228365384615384 0.01201923076923077 0.019230769230769232
1 0.5060096153846154 0.5216346153846154 0.01201923076923077 0.019230769230769232
1 0.39302884615384615 0.42427884615384615 0.007211538461538462 0.009615384615384616
1 0.46033653846153844 0.4050480769230769 0.007211538461538462 0.009615384615384616
1 0.5540865384615384 0.5384615384615384 0.01201923076923077 0.016826923076923076
1 0.5240384615384616 0.5024038461538461 0.01201923076923077 0.01201923076923077
1 0.5348557692307693 0.5300480769230769 0.01201923076923077 0.014423076923076924
1 0.5637019230769231 0.5084134615384616 0.01201923076923077 0.016826923076923076
1 0.5973557692307693 0.46153846153846156 0.01201923076923077 0.016826923076923076
1 0.4074519230769231 0.47836538461538464 0.007211538461538462 0.01201923076923077
1 0.4026442307692308 0.53125 0.009615384615384616 0.014423076923076924
1 0.4206730769230769 0.5348557692307693 0.01201923076923077 0.014423076923076924
1 0.45072115384615385 0.5721153846153846 0.007211538461538462 0.01201923076923077
1 0.46634615384615385 0.5492788461538461 0.014423076923076924 0.014423076923076924
1 0.5132211538461539 0.546875 0.007211538461538462 0.009615384615384616
1 0.5420673076923077 0.578125 0.01201923076923077 0.016826923076923076
1 0.5721153846153846 0.4375 0.009615384615384616 0.014423076923076924
1 0.4110576923076923 0.4423076923076923 0.009615384615384616 0.014423076923076924
1 0.4699519230769231 0.43990384615384615 0.007211538461538462 0.01201923076923077
1 0.5252403846153846 0.41346153846153844 0.009615384615384616 0.014423076923076924
1 0.5588942307692307 0.4495192307692308 0.014423076923076924 0.021634615384615384
1 0.5060096153846154 0.46274038461538464 0.01201923076923077 0.016826923076923076
1 0.4519230769230769 0.47596153846153844 0.009615384615384616 0.014423076923076924
1 0.4326923076923077 0.4699519230769231 0.009615384615384616 0.014423076923076924
1 0.4362980769230769 0.49278846153846156 0.009615384615384616 0.014423076923076924
1 0.390625 0.5036057692307693 0.01201923076923077 0.016826923076923076
1 0.4831730769230769 0.3918269230769231 0.009615384615384616 0.014423076923076924
1 0.5120192307692307 0.41947115384615385 0.009615384615384616 0.014423076923076924
1 0.41586538461538464 0.4170673076923077 0.009615384615384616 0.01201923076923077
1 0.43990384615384615 0.4098557692307692 0.01201923076923077 0.016826923076923076
1 0.44711538461538464 0.44591346153846156 0.01201923076923077 0.01201923076923077
1 0.5456730769230769 0.3918269230769231 0.009615384615384616 0.01201923076923077