0 0.4098557692307692 0.37259615384615385 0.07211538461538461 0.08413461538461539
0 0.09975961538461539 0.4326923076923077 0.05048076923076923 0.06971153846153846
0 0.12860576923076922 0.36538461538461536 0.05048076923076923 0.057692307692307696
0 0.38822115384615385 0.47836538461538464 0.06971153846153846 0.07692307692307693
0 0.20673076923076922 0.7704326923076923 0.04567307692307692 0.0673076923076923
0 0.09254807692307693 0.2536057692307692 0.04567307692307692 0.052884615384615384
0 0.2127403846153846 0.4891826923076923 0.05048076923076923 0.052884615384615384
0 0.2091346153846154 0.36899038461538464 0.04326923076923077 0.07211538461538461
0 0.5637019230769231 0.7560096153846154 0.040865384615384616 0.05048076923076923
0 0.4266826923076923 0.6466346153846154 0.028846153846153848 0.04326923076923077
0 0.40625 0.5817307692307693 0.04807692307692308 0.057692307692307696
0 0.42427884615384615 0.27403846153846156 0.055288461538461536 0.057692307692307696
0 0.056490384615384616 0.41346153846153844 0.03125 0.04326923076923077