0 0.42427884615384615 0.3641826923076923 0.06490384615384616 0.07932692307692307
0 0.109375 0.3918269230769231 0.04326923076923077 0.06490384615384616
0 0.14423076923076922 0.3269230769230769 0.04567307692307692 0.052884615384615384
0 0.390625 0.4675480769230769 0.06490384615384616 0.07211538461538461
0 0.18028846153846154 0.7379807692307693 0.038461538461538464 0.06490384615384616
0 0.1201923076923077 0.2127403846153846 0.04326923076923077 0.04807692307692308
0 0.21514423076923078 0.46033653846153844 0.04567307692307692 0.04807692307692308
0 0.22355769230769232 0.3389423076923077 0.036057692307692304 0.06971153846153846
0 0.5360576923076923 0.7608173076923077 0.038461538461538464 0.04807692307692308
0 0.41225961538461536 0.6382211538461539 0.02403846153846154 0.040865384615384616
0 0.39783653846153844 0.5721153846153846 0.04326923076923077 0.052884615384615384
0 0.4483173076923077 0.2668269230769231 0.05048076923076923 0.055288461538461536
0 0.0673076923076923 0.36778846153846156 0.028846153846153848 0.040865384615384616