0 0.15865384615384615 0.2824519230769231 0.052884615384615384 0.06009615384615385
0 0.4411057692307692 0.25240384615384615 0.06009615384615385 0.07211538461538461
0 0.7163461538461539 0.16826923076923078 0.06490384615384616 0.0625
0 0.8569711538461539 0.18990384615384615 0.06009615384615385 0.07692307692307693
0 0.9723557692307693 0.22956730769230768 0.05048076923076923 0.08413461538461539
0 0.703125 0.31850961538461536 0.038461538461538464 0.052884615384615384
0 0.8305288461538461 0.32572115384615385 0.040865384615384616 0.055288461538461536
0 0.5036057692307693 0.3641826923076923 0.0625 0.07932692307692307
0 0.2692307692307692 0.4098557692307692 0.04807692307692308 0.06490384615384616
0 0.015625 0.484375 0.03125 0.055288461538461536
0 0.1622596153846154 0.5877403846153846 0.04326923076923077 0.0625
0 0.051682692307692304 0.609375 0.040865384615384616 0.057692307692307696
0 0.3557692307692308 0.5769230769230769 0.038461538461538464 0.04567307692307692
0 0.43509615384615385 0.484375 0.03365384615384615 0.04326923076923077
0 0.5889423076923077 0.5444711538461539 0.04567307692307692 0.055288461538461536
0 0.5853365384615384 0.7752403846153846 0.04567307692307692 0.0625
0 0.9362980769230769 0.5168269230769231 0.038461538461538464 0.052884615384615384
0 0.7355769230769231 0.5324519230769231 0.03365384615384615 0.038461538461538464
0 0.7475961538461539 0.4074519230769231 0.04326923076923077 0.038461538461538464
0 0.18028846153846154 0.7956730769230769 0.04807692307692308 0.06971153846153846
0 0.046875 0.8028846153846154 0.040865384615384616 0.06009615384615385
0 0.33052884615384615 0.6899038461538461 0.040865384615384616 0.05048076923076923
0 0.4567307692307692 0.9603365384615384 0.038461538461538464 0.052884615384615384
0 0.7512019230769231 0.9711538461538461 0.05048076923076923 0.052884615384615384
0 0.5637019230769231 0.9627403846153846 0.04807692307692308 0.0625
0 0.7560096153846154 0.7680288461538461 0.04567307692307692 0.04567307692307692
0 0.8125 0.5108173076923077 0.028846153846153848 0.03125
0 0.7620192307692307 0.4987980769230769 0.028846153846153848 0.03125
0 0.7007211538461539 0.5216346153846154 0.021634615384615384 0.028846153846153848
0 0.9146634615384616 0.5865384615384616 0.028846153846153848 0.038461538461538464
0 0.9507211538461539 0.42908653846153844 0.021634615384615384 0.03125
0 0.6971153846153846 0.7884615384615384 0.03365384615384615 0.04326923076923077
0 0.41225961538461536 0.8329326923076923 0.03125 0.03125
0 0.42427884615384615 0.7043269230769231 0.028846153846153848 0.03125