0 0.12379807692307693 0.35096153846153844 0.04326923076923077 0.052884615384615384
0 0.3954326923076923 0.26802884615384615 0.05048076923076923 0.06490384615384616
0 0.6490384615384616 0.13341346153846154 0.057692307692307696 0.052884615384615384
0 0.7920673076923077 0.12740384615384615 0.05048076923076923 0.06971153846153846
0 0.9158653846153846 0.14423076923076922 0.04807692307692308 0.07692307692307693
0 0.6646634615384616 0.28365384615384615 0.03125 0.05048076923076923
0 0.7920673076923077 0.265625 0.03365384615384615 0.05048076923076923
0 0.47716346153846156 0.36538461538461536 0.052884615384615384 0.07211538461538461
0 0.25600961538461536 0.45552884615384615 0.038461538461538464 0.06009615384615385
0 0.019230769230769232 0.578125 0.02403846153846154 0.05048076923076923
0 0.18509615384615385 0.6514423076923077 0.03365384615384615 0.057692307692307696
0 0.08052884615384616 0.6923076923076923 0.03125 0.052884615384615384
0 0.37259615384615385 0.6033653846153846 0.03125 0.04326923076923077
0 0.4338942307692308 0.49759615384615385 0.028846153846153848 0.038461538461538464
0 0.5949519230769231 0.5276442307692307 0.038461538461538464 0.05048076923076923
0 0.6370192307692307 0.7536057692307693 0.038461538461538464 0.057692307692307696
0 0.9314903846153846 0.4338942307692308 0.03125 0.05048076923076923
0 0.7379807692307693 0.48677884615384615 0.028846153846153848 0.03365384615384615
0 0.7247596153846154 0.36177884615384615 0.038461538461538464 0.03365384615384615
0 0.24278846153846154 0.8509615384615384 0.038461538461538464 0.06490384615384616
0 0.1141826923076923 0.8846153846153846 0.03125 0.057692307692307696
0 0.3701923076923077 0.71875 0.03365384615384615 0.04567307692307692
0 0.5456730769230769 0.9591346153846154 0.03125 0.05048076923076923
0 0.8365384615384616 0.9182692307692307 0.040865384615384616 0.052884615384615384
0 0.6502403846153846 0.9423076923076923 0.040865384615384616 0.057692307692307696
0 0.8028846153846154 0.7151442307692307 0.040865384615384616 0.038461538461538464
0 0.8088942307692307 0.4519230769230769 0.02403846153846154 0.026442307692307692
0 0.7560096153846154 0.4483173076923077 0.02403846153846154 0.026442307692307692
0 0.7019230769230769 0.4831730769230769 0.019230769230769232 0.026442307692307692
0 0.9230769230769231 0.5060096153846154 0.02403846153846154 0.03365384615384615
0 0.9290865384615384 0.3449519230769231 0.016826923076923076 0.03125
0 0.7487980769230769 0.7451923076923077 0.028846153846153848 0.038461538461538464
0 0.47716346153846156 0.8425480769230769 0.028846153846153848 0.026442307692307692
0 0.4639423076923077 0.7151442307692307 0.02403846153846154 0.026442307692307692