0 0.33653846153846156 0.6706730769230769 0.028846153846153848 0.03365384615384615
0 0.49158653846153844 0.59375 0.026442307692307692 0.026442307692307692
0 0.16105769230769232 0.27283653846153844 0.03125 0.03125
0 0.11899038461538461 0.7211538461538461 0.02403846153846154 0.016826923076923076
0 0.48677884615384615 0.6574519230769231 0.026442307692307692 0.026442307692307692
0 0.4110576923076923 0.5 0.026442307692307692 0.02403846153846154
0 0.4651442307692308 0.5036057692307693 0.038461538461538464 0.03125
0 0.21995192307692307 0.08774038461538461 0.021634615384615384 0.021634615384615384
0 0.5817307692307693 0.3581730769230769 0.026442307692307692 0.02403846153846154
0 0.5949519230769231 0.43990384615384615 0.03125 0.028846153846153848
0 0.5012019230769231 0.4014423076923077 0.021634615384615384 0.021634615384615384
0 0.6862980769230769 0.4831730769230769 0.026442307692307692 0.02403846153846154
0 0.0625 0.75 0.03365384615384615 0.019230769230769232
0 0.2932692307692308 0.3737980769230769 0.02403846153846154 0.026442307692307692
0 0.3858173076923077 0.17908653846153846 0.02403846153846154 0.019230769230769232
0 0.31490384615384615 0.11538461538461539 0.021634615384615384 0.014423076923076924
0 0.11538461538461539 0.09735576923076923 0.03125 0.02403846153846154
0 0.19591346153846154 0.3112980769230769 0.028846153846153848 0.02403846153846154
0 0.6550480769230769 0.6165865384615384 0.026442307692307692 0.026442307692307692
0 0.7043269230769231 0.5480769230769231 0.02403846153846154 0.016826923076923076
0 0.484375 0.43028846153846156 0.019230769230769232 0.016826923076923076
0 0.6682692307692307 0.43509615384615385 0.021634615384615384 0.026442307692307692
0 0.6850961538461539 0.4098557692307692 0.03365384615384615 0.02403846153846154
0 0.6862980769230769 0.6430288461538461 0.02403846153846154 0.026442307692307692
0 0.5564903846153846 0.5492788461538461 0.026442307692307692 0.02403846153846154
0 0.5336538461538461 0.6778846153846154 0.026442307692307692 0.019230769230769232
0 0.36538461538461536 0.5204326923076923 0.021634615384615384 0.026442307692307692
0 0.296875 0.43990384615384615 0.03365384615384615 0.02403846153846154
0 0.3581730769230769 0.4362980769230769 0.03125 0.026442307692307692
0 0.6334134615384616 0.515625 0.021634615384615384 0.02403846153846154
0 0.6814903846153846 0.6850961538461539 0.021634615384615384 0.016826923076923076
0 0.2776442307692308 0.3245192307692308 0.028846153846153848 0.026442307692307692
0 0.47115384615384615 0.3557692307692308 0.03125 0.021634615384615384
0 0.59375 0.2548076923076923 0.040865384615384616 0.03365384615384615