0 0.3942307692307692 0.7103365384615384 0.03125 0.036057692307692304
0 0.5192307692307693 0.5913461538461539 0.026442307692307692 0.028846153846153848
0 0.109375 0.38100961538461536 0.03365384615384615 0.03365384615384615
0 0.20072115384615385 0.8233173076923077 0.026442307692307692 0.019230769230769232
0 0.5336538461538461 0.6538461538461539 0.028846153846153848 0.028846153846153848
0 0.41466346153846156 0.5264423076923077 0.028846153846153848 0.026442307692307692
0 0.4675480769230769 0.5132211538461539 0.040865384615384616 0.03365384615384615
0 0.11057692307692307 0.1875 0.02403846153846154 0.02403846153846154
0 0.5360576923076923 0.34134615384615385 0.028846153846153848 0.026442307692307692
0 0.5733173076923077 0.41466346153846156 0.03365384615384615 0.03125
0 0.4723557692307692 0.4050480769230769 0.021634615384615384 0.02403846153846154
0 0.6730769230769231 0.42908653846153844 0.028846153846153848 0.02403846153846154
0 0.09254807692307693 0.9182692307692307 0.028846153846153848 0.028846153846153848
0 0.15504807692307693 0.8665865384615384 0.036057692307692304 0.021634615384615384
0 0.265625 0.43990384615384615 0.026442307692307692 0.028846153846153848
0 0.296875 0.22596153846153846 0.026442307692307692 0.021634615384615384
0 0.21033653846153846 0.18629807692307693 0.021634615384615384 0.016826923076923076
0 0.015625 0.2283653846153846 0.03125 0.028846153846153848
0 0.15384615384615385 0.40865384615384615 0.03125 0.026442307692307692
0 0.6814903846153846 0.5661057692307693 0.028846153846153848 0.028846153846153848
0 0.7091346153846154 0.48677884615384615 0.026442307692307692 0.019230769230769232
0 0.4651442307692308 0.4387019230769231 0.019230769230769232 0.019230769230769232
0 0.6430288461538461 0.3894230769230769 0.02403846153846154 0.026442307692307692
0 0.6502403846153846 0.359375 0.036057692307692304 0.026442307692307692
0 0.7199519230769231 0.5817307692307693 0.026442307692307692 0.028846153846153848
0 0.5685096153846154 0.53125 0.028846153846153848 0.026442307692307692
0 0.5841346153846154 0.6598557692307693 0.026442307692307692 0.019230769230769232
0 0.37740384615384615 0.5588942307692307 0.02403846153846154 0.028846153846153848
0 0.28846153846153844 0.5024038461538461 0.036057692307692304 0.026442307692307692
0 0.34615384615384615 0.4807692307692308 0.03365384615384615 0.028846153846153848
0 0.6322115384615384 0.47596153846153844 0.02403846153846154 0.02403846153846154
0 0.7271634615384616 0.6237980769230769 0.021634615384615384 0.019230769230769232
0 0.23677884615384615 0.39663461538461536 0.03125 0.028846153846153848
0 0.43028846153846156 0.3701923076923077 0.03125 0.02403846153846154
0 0.5180288461538461 0.23798076923076922 0.04326923076923077 0.036057692307692304