0 0.3233173076923077 0.6550480769230769 0.03125 0.036057692307692304
0 0.4831730769230769 0.5925480769230769 0.026442307692307692 0.028846153846153848
0 0.18269230769230768 0.2439903846153846 0.03365384615384615 0.03365384615384615
0 0.10096153846153846 0.6875 0.026442307692307692 0.019230769230769232
0 0.4735576923076923 0.6550480769230769 0.028846153846153848 0.028846153846153848
0 0.4110576923076923 0.49278846153846156 0.028846153846153848 0.026442307692307692
0 0.4639423076923077 0.5 0.040865384615384616 0.03365384615384615
0 0.25600961538461536 0.06490384615384616 0.02403846153846154 0.02403846153846154
0 0.59375 0.36658653846153844 0.028846153846153848 0.026442307692307692
0 0.5997596153846154 0.4483173076923077 0.03365384615384615 0.03125
0 0.5096153846153846 0.4014423076923077 0.021634615384615384 0.02403846153846154
0 0.6875 0.5 0.028846153846153848 0.02403846153846154
0 0.042067307692307696 0.7115384615384616 0.036057692307692304 0.021634615384615384
0 0.30528846153846156 0.35697115384615385 0.026442307692307692 0.028846153846153848
0 0.41466346153846156 0.16947115384615385 0.026442307692307692 0.021634615384615384
0 0.3485576923076923 0.10096153846153846 0.021634615384615384 0.016826923076923076
0 0.15264423076923078 0.06490384615384616 0.03125 0.026442307692307692
0 0.21394230769230768 0.2848557692307692 0.03125 0.026442307692307692
0 0.6442307692307693 0.6298076923076923 0.028846153846153848 0.028846153846153848
0 0.6995192307692307 0.5661057692307693 0.026442307692307692 0.019230769230769232
0 0.49038461538461536 0.42908653846153844 0.019230769230769232 0.019230769230769232
0 0.6742788461538461 0.45072115384615385 0.02403846153846154 0.026442307692307692
0 0.6923076923076923 0.4254807692307692 0.036057692307692304 0.026442307692307692
0 0.6730769230769231 0.6586538461538461 0.026442307692307692 0.028846153846153848
0 0.5516826923076923 0.5540865384615384 0.028846153846153848 0.026442307692307692
0 0.5180288461538461 0.6802884615384616 0.026442307692307692 0.019230769230769232
0 0.3629807692307692 0.5084134615384616 0.02403846153846154 0.028846153846153848
0 0.30288461538461536 0.4230769230769231 0.036057692307692304 0.026442307692307692
0 0.3641826923076923 0.42427884615384615 0.03365384615384615 0.028846153846153848
0 0.6322115384615384 0.5264423076923077 0.02403846153846154 0.02403846153846154
0 0.6646634615384616 0.6995192307692307 0.021634615384615384 0.019230769230769232
0 0.29447115384615385 0.30528846153846156 0.03125 0.028846153846153848
0 0.484375 0.35336538461538464 0.03125 0.02403846153846154
0 0.6141826923076923 0.2644230769230769 0.04326923076923077 0.036057692307692304