0 0.5925480769230769 0.7692307692307693 0.026442307692307692 0.04807692307692308
0 0.7019230769230769 0.484375 0.021634615384615384 0.04567307692307692
0 0.5661057692307693 0.2439903846153846 0.019230769230769232 0.03125
0 0.5528846153846154 0.20432692307692307 0.021634615384615384 0.026442307692307692
0 0.44711538461538464 0.640625 0.026442307692307692 0.04807692307692308
0 0.390625 0.7932692307692307 0.016826923076923076 0.038461538461538464
0 0.2920673076923077 0.7584134615384616 0.019230769230769232 0.038461538461538464
0 0.31490384615384615 0.7512019230769231 0.01201923076923077 0.038461538461538464
0 0.6622596153846154 0.5757211538461539 0.021634615384615384 0.036057692307692304
0 0.7307692307692307 0.6790865384615384 0.016826923076923076 0.04807692307692308
0 0.8161057692307693 0.7139423076923077 0.03125 0.040865384615384616
0 0.8918269230769231 0.6201923076923077 0.016826923076923076 0.028846153846153848
0 0.8930288461538461 0.5288461538461539 0.028846153846153848 0.038461538461538464
0 0.4963942307692308 0.5564903846153846 0.021634615384615384 0.03365384615384615
0 0.4170673076923077 0.7620192307692307 0.01201923076923077 0.026442307692307692
0 0.4387019230769231 0.7860576923076923 0.014423076923076924 0.021634615384615384
0 0.9194711538461539 0.8209134615384616 0.01201923076923077 0.038461538461538464
0 0.7716346153846154 0.9807692307692307 0.02403846153846154 0.03365384615384615