0 0.5396634615384616 0.7824519230769231 0.03365384615384615 0.05048076923076923
0 0.7019230769230769 0.5228365384615384 0.03125 0.04807692307692308
0 0.6129807692307693 0.2608173076923077 0.02403846153846154 0.03365384615384615
0 0.6081730769230769 0.21995192307692307 0.026442307692307692 0.028846153846153848
0 0.4206730769230769 0.6286057692307693 0.036057692307692304 0.05048076923076923
0 0.33653846153846156 0.7680288461538461 0.02403846153846154 0.040865384615384616
0 0.24639423076923078 0.7139423076923077 0.026442307692307692 0.040865384615384616
0 0.2704326923076923 0.7115384615384616 0.019230769230769232 0.038461538461538464
0 0.6442307692307693 0.6057692307692307 0.026442307692307692 0.038461538461538464
0 0.6923076923076923 0.7199519230769231 0.026442307692307692 0.05048076923076923
0 0.7692307692307693 0.7704326923076923 0.038461538461538464 0.04567307692307692
0 0.8617788461538461 0.6923076923076923 0.021634615384615384 0.03125
0 0.8798076923076923 0.6033653846153846 0.036057692307692304 0.04326923076923077
0 0.4855769230769231 0.5552884615384616 0.028846153846153848 0.036057692307692304
0 0.36899038461538464 0.7415865384615384 0.016826923076923076 0.028846153846153848
0 0.38461538461538464 0.7692307692307693 0.019230769230769232 0.02403846153846154
0 0.8509615384615384 0.8954326923076923 0.019230769230769232 0.038461538461538464