0 0.5637019230769231 0.7776442307692307 0.03125 0.05048076923076923
0 0.703125 0.5060096153846154 0.026442307692307692 0.04807692307692308
0 0.5925480769230769 0.25240384615384615 0.021634615384615384 0.03125
0 0.5841346153846154 0.21153846153846154 0.02403846153846154 0.028846153846153848
0 0.4326923076923077 0.6346153846153846 0.03125 0.05048076923076923
0 0.3605769230769231 0.78125 0.021634615384615384 0.038461538461538464
0 0.2668269230769231 0.7355769230769231 0.021634615384615384 0.040865384615384616
0 0.28966346153846156 0.7307692307692307 0.016826923076923076 0.038461538461538464
0 0.6538461538461539 0.5925480769230769 0.02403846153846154 0.036057692307692304
0 0.7115384615384616 0.703125 0.021634615384615384 0.05048076923076923
0 0.7920673076923077 0.7451923076923077 0.03365384615384615 0.04326923076923077
0 0.8774038461538461 0.6598557692307693 0.019230769230769232 0.028846153846153848
0 0.8870192307692307 0.5697115384615384 0.03125 0.040865384615384616
0 0.49038461538461536 0.5552884615384616 0.026442307692307692 0.03365384615384615
0 0.390625 0.7512019230769231 0.014423076923076924 0.028846153846153848
0 0.40865384615384615 0.7776442307692307 0.016826923076923076 0.021634615384615384
0 0.8846153846153846 0.8629807692307693 0.016826923076923076 0.038461538461538464
0 0.7199519230769231 0.9927884615384616 0.026442307692307692 0.009615384615384616