0 0.7163461538461539 0.4519230769230769 0.026442307692307692 0.04326923076923077
0 0.6346153846153846 0.296875 0.019230769230769232 0.026442307692307692
0 0.6754807692307693 0.28365384615384615 0.019230769230769232 0.021634615384615384
0 0.7247596153846154 0.2956730769230769 0.01201923076923077 0.019230769230769232
0 0.7608173076923077 0.515625 0.021634615384615384 0.026442307692307692
0 0.4831730769230769 0.31009615384615385 0.02403846153846154 0.026442307692307692
0 0.46153846153846156 0.5949519230769231 0.026442307692307692 0.02403846153846154
0 0.7067307692307693 0.5228365384615384 0.009615384615384616 0.016826923076923076
0 0.8858173076923077 0.49158653846153844 0.014423076923076924 0.016826923076923076
0 0.7536057692307693 0.37740384615384615 0.019230769230769232 0.026442307692307692
0 0.6490384615384616 0.21995192307692307 0.021634615384615384 0.026442307692307692
0 0.5985576923076923 0.2704326923076923 0.014423076923076924 0.014423076923076924
0 0.5805288461538461 0.32211538461538464 0.016826923076923076 0.021634615384615384
0 0.5709134615384616 0.21875 0.014423076923076924 0.021634615384615384
0 0.5300480769230769 0.2283653846153846 0.019230769230769232 0.019230769230769232
0 0.46875 0.2644230769230769 0.016826923076923076 0.021634615384615384
0 0.7524038461538461 0.265625 0.016826923076923076 0.021634615384615384
0 0.7331730769230769 0.23317307692307693 0.014423076923076924 0.021634615384615384
0 0.7043269230769231 0.25841346153846156 0.016826923076923076 0.021634615384615384
0 0.7139423076923077 0.18870192307692307 0.019230769230769232 0.019230769230769232
0 0.7007211538461539 0.140625 0.021634615384615384 0.021634615384615384
0 0.5889423076923077 0.4699519230769231 0.014423076923076924 0.021634615384615384
0 0.5168269230769231 0.6838942307692307 0.014423076923076924 0.021634615384615384
0 0.7752403846153846 0.44350961538461536 0.016826923076923076 0.021634615384615384
0 0.6346153846153846 0.5060096153846154 0.02403846153846154 0.026442307692307692
0 0.4855769230769231 0.18269230769230768 0.016826923076923076 0.019230769230769232
0 0.29927884615384615 0.43149038461538464 0.021634615384615384 0.021634615384615384
0 0.8209134615384616 0.43149038461538464 0.028846153846153848 0.03125
0 0.7415865384615384 0.5913461538461539 0.02403846153846154 0.03365384615384615
0 0.5228365384615384 0.2704326923076923 0.016826923076923076 0.019230769230769232