0 0.6730769230769231 0.3629807692307692 0.026442307692307692 0.04326923076923077
0 0.53125 0.25841346153846156 0.019230769230769232 0.026442307692307692
0 0.5637019230769231 0.2283653846153846 0.019230769230769232 0.021634615384615384
0 0.6129807692307693 0.21754807692307693 0.01201923076923077 0.019230769230769232
0 0.7403846153846154 0.40024038461538464 0.021634615384615384 0.026442307692307692
0 0.4014423076923077 0.33653846153846156 0.02403846153846154 0.026442307692307692
0 0.5072115384615384 0.6021634615384616 0.026442307692307692 0.02403846153846154
0 0.6959134615384616 0.43028846153846156 0.009615384615384616 0.016826923076923076
0 0.8425480769230769 0.3233173076923077 0.014423076923076924 0.016826923076923076
0 0.6742788461538461 0.27884615384615385 0.019230769230769232 0.026442307692307692
0 0.5108173076923077 0.18269230769230768 0.021634615384615384 0.026442307692307692
0 0.4879807692307692 0.25 0.014423076923076924 0.014423076923076924
0 0.49399038461538464 0.30528846153846156 0.016826923076923076 0.021634615384615384
0 0.4411057692307692 0.21634615384615385 0.014423076923076924 0.021634615384615384
0 0.4074519230769231 0.24278846153846154 0.019230769230769232 0.019230769230769232
0 0.36899038461538464 0.3016826923076923 0.016826923076923076 0.021634615384615384
0 0.625 0.17908653846153846 0.016826923076923076 0.021634615384615384
0 0.5925480769230769 0.15745192307692307 0.014423076923076924 0.021634615384615384
0 0.5769230769230769 0.1935096153846154 0.016826923076923076 0.021634615384615384
0 0.5552884615384616 0.12740384615384615 0.019230769230769232 0.019230769230769232
0 0.5228365384615384 0.0889423076923077 0.021634615384615384 0.021634615384615384
0 0.5661057692307693 0.4338942307692308 0.014423076923076924 0.021634615384615384
0 0.5961538461538461 0.6574519230769231 0.014423076923076924 0.021634615384615384
0 0.7235576923076923 0.3293269230769231 0.016826923076923076 0.021634615384615384
0 0.6237980769230769 0.44711538461538464 0.02403846153846154 0.026442307692307692
0 0.3473557692307692 0.22115384615384615 0.016826923076923076 0.019230769230769232
0 0.28846153846153844 0.5264423076923077 0.021634615384615384 0.021634615384615384
0 0.7584134615384616 0.296875 0.028846153846153848 0.03125
0 0.7572115384615384 0.47596153846153844 0.02403846153846154 0.03365384615384615
0 0.4206730769230769 0.28365384615384615 0.016826923076923076 0.019230769230769232