0 0.6802884615384616 0.3713942307692308 0.02403846153846154 0.04326923076923077
0 0.5444711538461539 0.2608173076923077 0.016826923076923076 0.026442307692307692
0 0.5769230769230769 0.23197115384615385 0.019230769230769232 0.021634615384615384
0 0.6274038461538461 0.22355769230769232 0.009615384615384616 0.019230769230769232
0 0.7451923076923077 0.41225961538461536 0.019230769230769232 0.026442307692307692
0 0.4110576923076923 0.3317307692307692 0.021634615384615384 0.026442307692307692
0 0.5024038461538461 0.6021634615384616 0.026442307692307692 0.02403846153846154
0 0.6995192307692307 0.43990384615384615 0.009615384615384616 0.016826923076923076
0 0.8521634615384616 0.34134615384615385 0.014423076923076924 0.016826923076923076
0 0.6862980769230769 0.28725961538461536 0.016826923076923076 0.026442307692307692
0 0.5276442307692307 0.18389423076923078 0.019230769230769232 0.026442307692307692
0 0.5012019230769231 0.25 0.014423076923076924 0.014423076923076924
0 0.5048076923076923 0.30528846153846156 0.016826923076923076 0.021634615384615384
0 0.45552884615384615 0.21394230769230768 0.014423076923076924 0.021634615384615384
0 0.4206730769230769 0.23798076923076922 0.019230769230769232 0.019230769230769232
0 0.3798076923076923 0.2956730769230769 0.016826923076923076 0.021634615384615384
0 0.640625 0.18629807692307693 0.016826923076923076 0.021634615384615384
0 0.6105769230769231 0.16346153846153846 0.014423076923076924 0.021634615384615384
0 0.59375 0.19831730769230768 0.016826923076923076 0.021634615384615384
0 0.5757211538461539 0.12980769230769232 0.019230769230769232 0.019230769230769232
0 0.5432692307692307 0.09134615384615384 0.021634615384615384 0.021634615384615384
0 0.5697115384615384 0.4375 0.014423076923076924 0.021634615384615384
0 0.5877403846153846 0.6622596153846154 0.014423076923076924 0.021634615384615384
0 0.7319711538461539 0.3401442307692308 0.016826923076923076 0.021634615384615384
0 0.6262019230769231 0.453125 0.021634615384615384 0.026442307692307692
0 0.3629807692307692 0.2127403846153846 0.016826923076923076 0.016826923076923076
0 0.28846153846153844 0.515625 0.021634615384615384 0.021634615384615384
0 0.7680288461538461 0.3112980769230769 0.026442307692307692 0.03125
0 0.7584134615384616 0.49038461538461536 0.02403846153846154 0.03365384615384615
0 0.43149038461538464 0.2800480769230769 0.016826923076923076 0.016826923076923076