1 0.7115384615384616 0.5745192307692307 0.04567307692307692 0.04567307692307692
1 0.6658653846153846 0.5552884615384616 0.026442307692307692 0.03365384615384615
1 0.6478365384615384 0.5829326923076923 0.02403846153846154 0.03125
1 0.5612980769230769 0.5360576923076923 0.019230769230769232 0.02403846153846154
1 0.5564903846153846 0.5889423076923077 0.026442307692307692 0.038461538461538464
1 0.3701923076923077 0.43509615384615385 0.016826923076923076 0.021634615384615384
1 0.3016826923076923 0.41225961538461536 0.026442307692307692 0.036057692307692304
1 0.39903846153846156 0.30408653846153844 0.021634615384615384 0.026442307692307692
1 0.6454326923076923 0.3581730769230769 0.026442307692307692 0.036057692307692304
1 0.5336538461538461 0.1778846153846154 0.026442307692307692 0.036057692307692304
1 0.5853365384615384 0.328125 0.02403846153846154 0.03125
1 0.49759615384615385 0.5432692307692307 0.02403846153846154 0.028846153846153848
1 0.5372596153846154 0.5120192307692307 0.019230769230769232 0.026442307692307692
1 0.453125 0.5192307692307693 0.021634615384615384 0.026442307692307692
1 0.47716346153846156 0.3112980769230769 0.02403846153846154 0.028846153846153848
1 0.5600961538461539 0.3641826923076923 0.021634615384615384 0.026442307692307692
1 0.28966346153846156 0.5360576923076923 0.021634615384615384 0.03125
1 0.2860576923076923 0.2764423076923077 0.03365384615384615 0.036057692307692304
1 0.46033653846153844 0.47475961538461536 0.016826923076923076 0.021634615384615384
1 0.18990384615384615 0.5372596153846154 0.028846153846153848 0.028846153846153848
1 0.5372596153846154 0.30288461538461536 0.016826923076923076 0.019230769230769232
1 0.453125 0.3401442307692308 0.014423076923076924 0.019230769230769232
1 0.328125 0.19471153846153846 0.021634615384615384 0.021634615384615384
1 0.2692307692307692 0.4387019230769231 0.016826923076923076 0.02403846153846154