1 0.6899038461538461 0.6201923076923077 0.038461538461538464 0.038461538461538464
1 0.6490384615384616 0.5913461538461539 0.019230769230769232 0.028846153846153848
1 0.625 0.6141826923076923 0.019230769230769232 0.026442307692307692
1 0.5516826923076923 0.5492788461538461 0.014423076923076924 0.021634615384615384
1 0.5348557692307693 0.5997596153846154 0.021634615384615384 0.036057692307692304
1 0.38822115384615385 0.4074519230769231 0.014423076923076924 0.019230769230769232
1 0.32572115384615385 0.3701923076923077 0.019230769230769232 0.03365384615384615
1 0.44591346153846156 0.2860576923076923 0.016826923076923076 0.02403846153846154
1 0.6742788461538461 0.3942307692307692 0.019230769230769232 0.03365384615384615
1 0.6045673076923077 0.1935096153846154 0.019230769230769232 0.03365384615384615
1 0.6225961538461539 0.35096153846153844 0.016826923076923076 0.028846153846153848
1 0.4879807692307692 0.5408653846153846 0.016826923076923076 0.026442307692307692
1 0.5336538461538461 0.5204326923076923 0.014423076923076924 0.02403846153846154
1 0.4495192307692308 0.5072115384615384 0.016826923076923076 0.021634615384615384
1 0.5204326923076923 0.31009615384615385 0.019230769230769232 0.02403846153846154
1 0.5889423076923077 0.38100961538461536 0.016826923076923076 0.02403846153846154
1 0.28725961538461536 0.4879807692307692 0.014423076923076924 0.028846153846153848
1 0.34134615384615385 0.23317307692307693 0.028846153846153848 0.028846153846153848
1 0.4675480769230769 0.46634615384615385 0.014423076923076924 0.019230769230769232
1 0.18990384615384615 0.46634615384615385 0.02403846153846154 0.02403846153846154
1 0.5805288461538461 0.3173076923076923 0.014423076923076924 0.016826923076923076
1 0.49038461538461536 0.33413461538461536 0.009615384615384616 0.016826923076923076
1 0.4014423076923077 0.16466346153846154 0.016826923076923076 0.016826923076923076
1 0.28966346153846156 0.38822115384615385 0.01201923076923077 0.021634615384615384