1 0.6826923076923077 0.6298076923076923 0.036057692307692304 0.038461538461538464
1 0.6442307692307693 0.5985576923076923 0.019230769230769232 0.028846153846153848
1 0.6189903846153846 0.6213942307692307 0.019230769230769232 0.026442307692307692
1 0.5492788461538461 0.5516826923076923 0.014423076923076924 0.021634615384615384
1 0.5300480769230769 0.6009615384615384 0.019230769230769232 0.036057692307692304
1 0.39302884615384615 0.4014423076923077 0.014423076923076924 0.019230769230769232
1 0.3329326923076923 0.36177884615384615 0.019230769230769232 0.03365384615384615
1 0.4567307692307692 0.28365384615384615 0.016826923076923076 0.02403846153846154
1 0.6790865384615384 0.40384615384615385 0.019230769230769232 0.03365384615384615
1 0.6201923076923077 0.19951923076923078 0.019230769230769232 0.03365384615384615
1 0.6298076923076923 0.3581730769230769 0.016826923076923076 0.028846153846153848
1 0.4855769230769231 0.5408653846153846 0.016826923076923076 0.026442307692307692
1 0.5324519230769231 0.5216346153846154 0.014423076923076924 0.02403846153846154
1 0.4495192307692308 0.5048076923076923 0.016826923076923076 0.021634615384615384
1 0.5300480769230769 0.3112980769230769 0.019230769230769232 0.02403846153846154
1 0.5949519230769231 0.3858173076923077 0.016826923076923076 0.02403846153846154
1 0.28725961538461536 0.47716346153846156 0.014423076923076924 0.028846153846153848
1 0.3557692307692308 0.22596153846153846 0.028846153846153848 0.028846153846153848
1 0.4699519230769231 0.4651442307692308 0.014423076923076924 0.019230769230769232
1 0.19230769230769232 0.45072115384615385 0.02403846153846154 0.02403846153846154
1 0.5901442307692307 0.32091346153846156 0.014423076923076924 0.016826923076923076
1 0.4987980769230769 0.33413461538461536 0.009615384615384616 0.016826923076923076
1 0.41947115384615385 0.15985576923076922 0.016826923076923076 0.016826923076923076
1 0.2956730769230769 0.37740384615384615 0.01201923076923077 0.021634615384615384