0 0.7163461538461539 0.6959134615384616 0.016826923076923076 0.02403846153846154
0 0.7512019230769231 0.5889423076923077 0.021634615384615384 0.026442307692307692
0 0.7319711538461539 0.4987980769230769 0.021634615384615384 0.026442307692307692
0 0.6899038461538461 0.49759615384615385 0.016826923076923076 0.021634615384615384
0 0.6862980769230769 0.45072115384615385 0.021634615384615384 0.03125
0 0.6165865384615384 0.4855769230769231 0.01201923076923077 0.028846153846153848
0 0.6658653846153846 0.5072115384615384 0.014423076923076924 0.02403846153846154
0 0.6394230769230769 0.5709134615384616 0.021634615384615384 0.021634615384615384
0 0.6754807692307693 0.5973557692307693 0.019230769230769232 0.019230769230769232
0 0.65625 0.6538461538461539 0.016826923076923076 0.019230769230769232
0 0.6574519230769231 0.7067307692307693 0.014423076923076924 0.021634615384615384
0 0.5961538461538461 0.6862980769230769 0.016826923076923076 0.019230769230769232
0 0.5144230769230769 0.5420673076923077 0.014423076923076924 0.021634615384615384
0 0.47836538461538464 0.5072115384615384 0.014423076923076924 0.021634615384615384
0 0.4639423076923077 0.5853365384615384 0.016826923076923076 0.021634615384615384
0 0.5288461538461539 0.36538461538461536 0.01201923076923077 0.014423076923076924
0 0.5 0.39302884615384615 0.014423076923076924 0.016826923076923076
0 0.47716346153846156 0.46875 0.014423076923076924 0.02403846153846154
0 0.4567307692307692 0.4795673076923077 0.01201923076923077 0.014423076923076924
0 0.4879807692307692 0.5877403846153846 0.014423076923076924 0.014423076923076924
0 0.5408653846153846 0.5889423076923077 0.016826923076923076 0.021634615384615384
0 0.6105769230769231 0.5324519230769231 0.016826923076923076 0.02403846153846154
0 0.5384615384615384 0.5144230769230769 0.016826923076923076 0.021634615384615384
0 0.5276442307692307 0.5336538461538461 0.014423076923076924 0.016826923076923076
0 0.5084134615384616 0.5048076923076923 0.019230769230769232 0.021634615384615384
0 0.5528846153846154 0.5504807692307693 0.01201923076923077 0.014423076923076924
0 0.5432692307692307 0.6358173076923077 0.01201923076923077 0.019230769230769232
0 0.5913461538461539 0.5456730769230769 0.014423076923076924 0.021634615384615384
0 0.5637019230769231 0.4675480769230769 0.016826923076923076 0.021634615384615384
0 0.4855769230769231 0.6418269230769231 0.014423076923076924 0.016826923076923076
0 0.5649038461538461 0.640625 0.014423076923076924 0.016826923076923076
0 0.5853365384615384 0.6466346153846154 0.016826923076923076 0.021634615384615384
0 0.625 0.6189903846153846 0.014423076923076924 0.021634615384615384
0 0.6298076923076923 0.65625 0.016826923076923076 0.014423076923076924
0 0.6923076923076923 0.6850961538461539 0.014423076923076924 0.016826923076923076
0 0.5216346153846154 0.6754807692307693 0.014423076923076924 0.021634615384615384
0 0.5889423076923077 0.7427884615384616 0.019230769230769232 0.026442307692307692
0 0.5853365384615384 0.5949519230769231 0.019230769230769232 0.021634615384615384
0 0.6550480769230769 0.4182692307692308 0.016826923076923076 0.021634615384615384
0 0.6802884615384616 0.6598557692307693 0.014423076923076924 0.02403846153846154
0 0.484375 0.40625 0.016826923076923076 0.021634615384615384
0 0.4723557692307692 0.44471153846153844 0.019230769230769232 0.021634615384615384