0 0.6911057692307693 0.7211538461538461 0.014423076923076924 0.02403846153846154
0 0.7379807692307693 0.6189903846153846 0.019230769230769232 0.02403846153846154
0 0.7307692307692307 0.5264423076923077 0.019230769230769232 0.02403846153846154
0 0.6887019230769231 0.5204326923076923 0.014423076923076924 0.019230769230769232
0 0.6911057692307693 0.4735576923076923 0.016826923076923076 0.028846153846153848
0 0.6165865384615384 0.5 0.009615384615384616 0.028846153846153848
0 0.6646634615384616 0.5276442307692307 0.01201923076923077 0.02403846153846154
0 0.6298076923076923 0.5877403846153846 0.019230769230769232 0.021634615384615384
0 0.6622596153846154 0.6189903846153846 0.016826923076923076 0.016826923076923076
0 0.6370192307692307 0.671875 0.014423076923076924 0.016826923076923076
0 0.6310096153846154 0.7235576923076923 0.01201923076923077 0.019230769230769232
0 0.5721153846153846 0.6959134615384616 0.014423076923076924 0.016826923076923076
0 0.5084134615384616 0.5444711538461539 0.01201923076923077 0.019230769230769232
0 0.47716346153846156 0.5048076923076923 0.01201923076923077 0.019230769230769232
0 0.4543269230769231 0.5805288461538461 0.014423076923076924 0.019230769230769232
0 0.5456730769230769 0.36899038461538464 0.01201923076923077 0.01201923076923077
0 0.5132211538461539 0.3942307692307692 0.01201923076923077 0.016826923076923076
0 0.48197115384615385 0.46634615384615385 0.01201923076923077 0.02403846153846154
0 0.45913461538461536 0.47475961538461536 0.01201923076923077 0.01201923076923077
0 0.47716346153846156 0.5853365384615384 0.014423076923076924 0.01201923076923077
0 0.5300480769230769 0.5925480769230769 0.014423076923076924 0.019230769230769232
0 0.6057692307692307 0.5456730769230769 0.014423076923076924 0.02403846153846154
0 0.5360576923076923 0.5180288461538461 0.014423076923076924 0.019230769230769232
0 0.5240384615384616 0.5360576923076923 0.01201923076923077 0.016826923076923076
0 0.5072115384615384 0.5048076923076923 0.016826923076923076 0.021634615384615384
0 0.5456730769230769 0.5564903846153846 0.01201923076923077 0.01201923076923077
0 0.5264423076923077 0.640625 0.009615384615384616 0.019230769230769232
0 0.5841346153846154 0.5564903846153846 0.01201923076923077 0.019230769230769232
0 0.5661057692307693 0.47596153846153844 0.014423076923076924 0.019230769230769232
0 0.46875 0.6394230769230769 0.01201923076923077 0.016826923076923076
0 0.546875 0.6478365384615384 0.01201923076923077 0.016826923076923076
0 0.5673076923076923 0.65625 0.014423076923076924 0.019230769230769232
0 0.609375 0.6322115384615384 0.01201923076923077 0.019230769230769232
0 0.6105769230769231 0.671875 0.016826923076923076 0.014423076923076924
0 0.6682692307692307 0.7067307692307693 0.01201923076923077 0.016826923076923076
0 0.5 0.6778846153846154 0.01201923076923077 0.019230769230769232
0 0.5576923076923077 0.7524038461538461 0.016826923076923076 0.02403846153846154
0 0.5733173076923077 0.6045673076923077 0.016826923076923076 0.021634615384615384
0 0.6634615384615384 0.4375 0.014423076923076924 0.019230769230769232
0 0.6598557692307693 0.6802884615384616 0.01201923076923077 0.02403846153846154
0 0.4951923076923077 0.4050480769230769 0.014423076923076924 0.019230769230769232
0 0.4795673076923077 0.4411057692307692 0.016826923076923076 0.021634615384615384