0 0.6274038461538461 0.7632211538461539 0.016826923076923076 0.02403846153846154
0 0.6995192307692307 0.6766826923076923 0.021634615384615384 0.026442307692307692
0 0.7151442307692307 0.5853365384615384 0.021634615384615384 0.026442307692307692
0 0.6766826923076923 0.5685096153846154 0.016826923076923076 0.021634615384615384
0 0.6911057692307693 0.5240384615384616 0.019230769230769232 0.028846153846153848
0 0.6129807692307693 0.5300480769230769 0.01201923076923077 0.028846153846153848
0 0.6514423076923077 0.5697115384615384 0.014423076923076924 0.02403846153846154
0 0.6021634615384616 0.6177884615384616 0.021634615384615384 0.021634615384615384
0 0.6262019230769231 0.65625 0.019230769230769232 0.019230769230769232
0 0.5877403846153846 0.7007211538461539 0.016826923076923076 0.016826923076923076
0 0.5685096153846154 0.75 0.014423076923076924 0.021634615384615384
0 0.5192307692307693 0.7079326923076923 0.016826923076923076 0.016826923076923076
0 0.49759615384615385 0.5444711538461539 0.014423076923076924 0.021634615384615384
0 0.47716346153846156 0.4987980769230769 0.014423076923076924 0.021634615384615384
0 0.43509615384615385 0.5649038461538461 0.016826923076923076 0.021634615384615384
0 0.578125 0.3858173076923077 0.01201923076923077 0.014423076923076924
0 0.5408653846153846 0.4014423076923077 0.014423076923076924 0.016826923076923076
0 0.49038461538461536 0.46274038461538464 0.014423076923076924 0.02403846153846154
0 0.4675480769230769 0.4651442307692308 0.01201923076923077 0.014423076923076924
0 0.45552884615384615 0.5769230769230769 0.014423076923076924 0.014423076923076924
0 0.5048076923076923 0.5973557692307693 0.016826923076923076 0.021634615384615384
0 0.5901442307692307 0.5709134615384616 0.016826923076923076 0.02403846153846154
0 0.5300480769230769 0.5276442307692307 0.016826923076923076 0.021634615384615384
0 0.5132211538461539 0.5408653846153846 0.014423076923076924 0.016826923076923076
0 0.5060096153846154 0.5072115384615384 0.019230769230769232 0.021634615384615384
0 0.5300480769230769 0.5661057692307693 0.01201923076923077 0.014423076923076924
0 0.4891826923076923 0.6418269230769231 0.009615384615384616 0.019230769230769232
0 0.5673076923076923 0.5769230769230769 0.014423076923076924 0.021634615384615384
0 0.5709134615384616 0.49399038461538464 0.016826923076923076 0.021634615384615384
0 0.4338942307692308 0.6262019230769231 0.014423076923076924 0.016826923076923076
0 0.5072115384615384 0.6550480769230769 0.014423076923076924 0.016826923076923076
0 0.5240384615384616 0.6682692307692307 0.016826923076923076 0.021634615384615384
0 0.5709134615384616 0.65625 0.014423076923076924 0.021634615384615384
0 0.5625 0.6935096153846154 0.016826923076923076 0.014423076923076924
0 0.6081730769230769 0.7439903846153846 0.014423076923076924 0.016826923076923076
0 0.4543269230769231 0.671875 0.014423076923076924 0.021634615384615384
0 0.49158653846153844 0.7584134615384616 0.019230769230769232 0.02403846153846154
0 0.5432692307692307 0.6201923076923077 0.019230769230769232 0.021634615384615384
0 0.6742788461538461 0.48197115384615385 0.016826923076923076 0.021634615384615384
0 0.6069711538461539 0.7151442307692307 0.014423076923076924 0.02403846153846154
0 0.5204326923076923 0.4074519230769231 0.016826923076923076 0.021634615384615384
0 0.4951923076923077 0.4387019230769231 0.019230769230769232 0.021634615384615384