0 0.6430288461538461 0.5480769230769231 0.02403846153846154 0.04326923076923077
0 0.5552884615384616 0.6153846153846154 0.016826923076923076 0.026442307692307692
0 0.28725961538461536 0.5048076923076923 0.021634615384615384 0.03125
0 0.29927884615384615 0.4483173076923077 0.019230769230769232 0.03125
0 0.14903846153846154 0.2932692307692308 0.019230769230769232 0.02403846153846154
0 0.29447115384615385 0.7271634615384616 0.019230769230769232 0.04326923076923077
0 0.3737980769230769 0.7379807692307693 0.016826923076923076 0.03125
0 0.5817307692307693 0.7644230769230769 0.019230769230769232 0.019230769230769232
0 0.6394230769230769 0.671875 0.019230769230769232 0.026442307692307692
0 0.7692307692307693 0.5480769230769231 0.021634615384615384 0.03125
0 0.7704326923076923 0.4651442307692308 0.009615384615384616 0.021634615384615384
0 0.8617788461538461 0.5733173076923077 0.021634615384615384 0.019230769230769232
0 0.6790865384615384 0.5985576923076923 0.016826923076923076 0.021634615384615384
0 0.6875 0.6490384615384616 0.016826923076923076 0.02403846153846154
0 0.6911057692307693 0.7319711538461539 0.014423076923076924 0.026442307692307692
0 0.3737980769230769 0.7956730769230769 0.016826923076923076 0.014423076923076924
0 0.41466346153846156 0.6850961538461539 0.019230769230769232 0.03125
0 0.4206730769230769 0.6213942307692307 0.019230769230769232 0.026442307692307692
0 0.53125 0.328125 0.014423076923076924 0.019230769230769232
0 0.46274038461538464 0.3545673076923077 0.016826923076923076 0.016826923076923076
0 0.28966346153846156 0.36658653846153844 0.016826923076923076 0.026442307692307692
0 0.3329326923076923 0.6430288461538461 0.01201923076923077 0.026442307692307692
0 0.34615384615384615 0.7055288461538461 0.016826923076923076 0.021634615384615384
0 0.6394230769230769 0.7307692307692307 0.016826923076923076 0.02403846153846154
0 0.6646634615384616 0.796875 0.01201923076923077 0.016826923076923076
0 0.9302884615384616 0.6658653846153846 0.016826923076923076 0.03365384615384615
0 0.8341346153846154 0.5180288461538461 0.019230769230769232 0.02403846153846154
0 0.8317307692307693 0.046875 0.019230769230769232 0.04326923076923077
0 0.34975961538461536 0.39663461538461536 0.019230769230769232 0.028846153846153848
0 0.19591346153846154 0.5444711538461539 0.016826923076923076 0.02403846153846154
0 0.45913461538461536 0.49278846153846156 0.016826923076923076 0.019230769230769232
0 0.37740384615384615 0.9014423076923077 0.01201923076923077 0.021634615384615384
0 0.3137019230769231 0.84375 0.009615384615384616 0.016826923076923076
0 0.2980769230769231 0.78125 0.01201923076923077 0.02403846153846154
0 0.2608173076923077 0.9375 0.016826923076923076 0.019230769230769232
0 0.05048076923076923 0.5877403846153846 0.036057692307692304 0.0673076923076923
0 0.20552884615384615 0.7548076923076923 0.014423076923076924 0.02403846153846154
0 0.20552884615384615 0.8173076923076923 0.016826923076923076 0.019230769230769232
0 0.22716346153846154 0.8774038461538461 0.016826923076923076 0.019230769230769232
0 0.2848557692307692 0.6033653846153846 0.02403846153846154 0.026442307692307692
0 0.40024038461538464 0.5588942307692307 0.019230769230769232 0.019230769230769232
0 0.3425480769230769 0.5504807692307693 0.016826923076923076 0.026442307692307692
0 0.6454326923076923 0.484375 0.014423076923076924 0.02403846153846154
0 0.5949519230769231 0.484375 0.014423076923076924 0.016826923076923076
0 0.5588942307692307 0.5012019230769231 0.009615384615384616 0.021634615384615384
0 0.5276442307692307 0.49759615384615385 0.01201923076923077 0.016826923076923076
0 0.48677884615384615 0.4567307692307692 0.014423076923076924 0.016826923076923076
0 0.49278846153846156 0.6105769230769231 0.016826923076923076 0.019230769230769232
0 0.4795673076923077 0.5264423076923077 0.009615384615384616 0.019230769230769232
0 0.7475961538461539 0.6358173076923077 0.016826923076923076 0.021634615384615384
0 0.7451923076923077 0.734375 0.021634615384615384 0.026442307692307692
0 0.8810096153846154 0.5336538461538461 0.016826923076923076 0.021634615384615384
0 0.7127403846153846 0.6959134615384616 0.014423076923076924 0.021634615384615384
0 0.8329326923076923 0.6478365384615384 0.009615384615384616 0.016826923076923076
0 0.8810096153846154 0.671875 0.019230769230769232 0.02403846153846154
0 0.6334134615384616 0.6045673076923077 0.021634615384615384 0.026442307692307692
0 0.5913461538461539 0.6165865384615384 0.021634615384615384 0.026442307692307692
0 0.6790865384615384 0.4723557692307692 0.016826923076923076 0.026442307692307692
0 0.7043269230769231 0.5024038461538461 0.01201923076923077 0.019230769230769232
0 0.5697115384615384 0.45072115384615385 0.016826923076923076 0.026442307692307692
0 0.6177884615384616 0.40384615384615385 0.02403846153846154 0.03125
0 0.23317307692307693 0.625 0.016826923076923076 0.021634615384615384
0 0.23798076923076922 0.5745192307692307 0.016826923076923076 0.019230769230769232
0 0.15625 0.4230769230769231 0.016826923076923076 0.02403846153846154
0 0.515625 0.7211538461538461 0.014423076923076924 0.021634615384615384
0 0.5925480769230769 0.8509615384615384 0.014423076923076924 0.019230769230769232
0 0.6201923076923077 0.8509615384615384 0.014423076923076924 0.016826923076923076
0 0.6153846153846154 0.7680288461538461 0.01201923076923077 0.009615384615384616
0 0.6177884615384616 0.6923076923076923 0.016826923076923076 0.026442307692307692
0 0.5252403846153846 0.6610576923076923 0.026442307692307692 0.026442307692307692
0 0.40865384615384615 0.38461538461538464 0.01201923076923077 0.021634615384615384
0 0.3161057692307692 0.33774038461538464 0.019230769230769232 0.021634615384615384
0 0.6923076923076923 0.35336538461538464 0.03125 0.026442307692307692
0 0.6887019230769231 0.2956730769230769 0.028846153846153848 0.036057692307692304
0 0.21875 0.5168269230769231 0.016826923076923076 0.03125
0 0.8918269230769231 0.6201923076923077 0.021634615384615384 0.026442307692307692
0 0.8485576923076923 0.6141826923076923 0.016826923076923076 0.02403846153846154
0 0.8665865384615384 0.49158653846153844 0.016826923076923076 0.02403846153846154
0 0.7716346153846154 0.3737980769230769 0.02403846153846154 0.026442307692307692
0 0.5685096153846154 0.38100961538461536 0.021634615384615384 0.026442307692307692
0 0.29447115384615385 0.30649038461538464 0.016826923076923076 0.026442307692307692
0 0.25600961538461536 0.7860576923076923 0.016826923076923076 0.026442307692307692
0 0.26802884615384615 0.7199519230769231 0.01201923076923077 0.021634615384615384
0 0.4735576923076923 0.6490384615384616 0.026442307692307692 0.026442307692307692