0 0.6358173076923077 0.5649038461538461 0.021634615384615384 0.04326923076923077
0 0.5408653846153846 0.6213942307692307 0.016826923076923076 0.026442307692307692
0 0.28846153846153844 0.4795673076923077 0.021634615384615384 0.028846153846153848
0 0.30649038461538464 0.4230769230769231 0.019230769230769232 0.03125
0 0.17668269230769232 0.25240384615384615 0.019230769230769232 0.02403846153846154
0 0.26802884615384615 0.7007211538461539 0.019230769230769232 0.04326923076923077
0 0.3449519230769231 0.7211538461538461 0.016826923076923076 0.03125
0 0.5492788461538461 0.7716346153846154 0.016826923076923076 0.019230769230769232
0 0.6177884615384616 0.6875 0.019230769230769232 0.026442307692307692
0 0.7620192307692307 0.5805288461538461 0.021634615384615384 0.028846153846153848
0 0.7716346153846154 0.4987980769230769 0.009615384615384616 0.021634615384615384
0 0.8497596153846154 0.6165865384615384 0.021634615384615384 0.019230769230769232
0 0.6658653846153846 0.6189903846153846 0.014423076923076924 0.021634615384615384
0 0.6682692307692307 0.671875 0.016826923076923076 0.02403846153846154
0 0.6610576923076923 0.7536057692307693 0.014423076923076924 0.026442307692307692
0 0.3389423076923077 0.7776442307692307 0.016826923076923076 0.014423076923076924
0 0.3918269230769231 0.6742788461538461 0.019230769230769232 0.03125
0 0.40625 0.6105769230769231 0.019230769230769232 0.026442307692307692
0 0.5516826923076923 0.3329326923076923 0.01201923076923077 0.019230769230769232
0 0.4807692307692308 0.35096153846153844 0.016826923076923076 0.016826923076923076
0 0.3076923076923077 0.34134615384615385 0.016826923076923076 0.026442307692307692
0 0.3161057692307692 0.6213942307692307 0.01201923076923077 0.026442307692307692
0 0.32211538461538464 0.6850961538461539 0.016826923076923076 0.021634615384615384
0 0.609375 0.7463942307692307 0.016826923076923076 0.02403846153846154
0 0.6262019230769231 0.8149038461538461 0.01201923076923077 0.016826923076923076
0 0.90625 0.7175480769230769 0.016826923076923076 0.03365384615384615
0 0.8293269230769231 0.5576923076923077 0.019230769230769232 0.02403846153846154
0 0.8846153846153846 0.09014423076923077 0.016826923076923076 0.04326923076923077
0 0.3629807692307692 0.3786057692307692 0.019230769230769232 0.028846153846153848
0 0.19230769230769232 0.5072115384615384 0.016826923076923076 0.02403846153846154
0 0.45913461538461536 0.4879807692307692 0.014423076923076924 0.019230769230769232
0 0.3293269230769231 0.8834134615384616 0.01201923076923077 0.021634615384615384
0 0.27283653846153844 0.8173076923076923 0.009615384615384616 0.016826923076923076
0 0.265625 0.7548076923076923 0.01201923076923077 0.02403846153846154
0 0.2091346153846154 0.9050480769230769 0.014423076923076924 0.019230769230769232
0 0.04326923076923077 0.5324519230769231 0.036057692307692304 0.0673076923076923
0 0.17668269230769232 0.7163461538461539 0.014423076923076924 0.02403846153846154
0 0.16826923076923078 0.7788461538461539 0.016826923076923076 0.019230769230769232
0 0.18389423076923078 0.8413461538461539 0.014423076923076924 0.019230769230769232
0 0.27283653846153844 0.5757211538461539 0.02403846153846154 0.02403846153846154
0 0.3942307692307692 0.5456730769230769 0.016826923076923076 0.019230769230769232
0 0.33653846153846156 0.53125 0.016826923076923076 0.026442307692307692
0 0.6466346153846154 0.5012019230769231 0.014423076923076924 0.02403846153846154
0 0.5961538461538461 0.4963942307692308 0.014423076923076924 0.016826923076923076
0 0.5588942307692307 0.5084134615384616 0.009615384615384616 0.021634615384615384
0 0.5276442307692307 0.5012019230769231 0.01201923076923077 0.016826923076923076
0 0.49278846153846156 0.45552884615384615 0.014423076923076924 0.016826923076923076
0 0.4795673076923077 0.6081730769230769 0.016826923076923076 0.019230769230769232
0 0.47596153846153844 0.5240384615384616 0.009615384615384616 0.019230769230769232
0 0.7295673076923077 0.6646634615384616 0.016826923076923076 0.021634615384615384
0 0.7151442307692307 0.7632211538461539 0.021634615384615384 0.02403846153846154
0 0.8737980769230769 0.5793269230769231 0.016826923076923076 0.021634615384615384
0 0.6875 0.7199519230769231 0.01201923076923077 0.021634615384615384
0 0.8125 0.6875 0.009615384615384616 0.016826923076923076
0 0.8569711538461539 0.7175480769230769 0.019230769230769232 0.02403846153846154
0 0.6201923076923077 0.6201923076923077 0.021634615384615384 0.02403846153846154
0 0.5769230769230769 0.6262019230769231 0.021634615384615384 0.02403846153846154
0 0.6802884615384616 0.49399038461538464 0.016826923076923076 0.026442307692307692
0 0.7019230769230769 0.5276442307692307 0.01201923076923077 0.019230769230769232
0 0.5757211538461539 0.45913461538461536 0.016826923076923076 0.026442307692307692
0 0.6286057692307693 0.4182692307692308 0.02403846153846154 0.028846153846153848
0 0.21995192307692307 0.5913461538461539 0.016826923076923076 0.021634615384615384
0 0.23076923076923078 0.5420673076923077 0.014423076923076924 0.019230769230769232
0 0.16826923076923078 0.38100961538461536 0.016826923076923076 0.02403846153846154
0 0.4879807692307692 0.7211538461538461 0.01201923076923077 0.021634615384615384
0 0.5480769230769231 0.8605769230769231 0.01201923076923077 0.019230769230769232
0 0.5757211538461539 0.8629807692307693 0.014423076923076924 0.016826923076923076
0 0.5817307692307693 0.7800480769230769 0.01201923076923077 0.009615384615384616
0 0.59375 0.7043269230769231 0.016826923076923076 0.026442307692307692
0 0.5060096153846154 0.6622596153846154 0.026442307692307692 0.026442307692307692
0 0.4230769230769231 0.375 0.01201923076923077 0.021634615384615384
0 0.33774038461538464 0.3173076923076923 0.016826923076923076 0.021634615384615384
0 0.7091346153846154 0.37740384615384615 0.03125 0.026442307692307692
0 0.7127403846153846 0.31971153846153844 0.028846153846153848 0.036057692307692304
0 0.21875 0.4831730769230769 0.016826923076923076 0.03125
0 0.8737980769230769 0.6658653846153846 0.021634615384615384 0.02403846153846154
0 0.8329326923076923 0.65625 0.016826923076923076 0.02403846153846154
0 0.8653846153846154 0.5360576923076923 0.016826923076923076 0.02403846153846154
0 0.7848557692307693 0.4074519230769231 0.02403846153846154 0.02403846153846154
0 0.5829326923076923 0.3894230769230769 0.021634615384615384 0.02403846153846154
0 0.31971153846153844 0.2824519230769231 0.016826923076923076 0.026442307692307692
0 0.22355769230769232 0.7536057692307693 0.016826923076923076 0.026442307692307692
0 0.24278846153846154 0.6899038461538461 0.01201923076923077 0.021634615384615384
0 0.45552884615384615 0.6442307692307693 0.026442307692307692 0.026442307692307692