0 0.6286057692307693 0.5793269230769231 0.026442307692307692 0.04567307692307692
0 0.5276442307692307 0.625 0.019230769230769232 0.028846153846153848
0 0.29086538461538464 0.4567307692307692 0.02403846153846154 0.03125
0 0.3161057692307692 0.40384615384615385 0.021634615384615384 0.03365384615384615
0 0.20432692307692307 0.21995192307692307 0.019230769230769232 0.026442307692307692
0 0.24879807692307693 0.6754807692307693 0.02403846153846154 0.04326923076923077
0 0.3233173076923077 0.703125 0.019230769230769232 0.03365384615384615
0 0.5204326923076923 0.7764423076923077 0.019230769230769232 0.021634615384615384
0 0.5973557692307693 0.6995192307692307 0.021634615384615384 0.028846153846153848
0 0.7524038461538461 0.6081730769230769 0.02403846153846154 0.03125
0 0.7704326923076923 0.5276442307692307 0.01201923076923077 0.021634615384615384
0 0.8365384615384616 0.6526442307692307 0.02403846153846154 0.021634615384615384
0 0.6526442307692307 0.6358173076923077 0.016826923076923076 0.02403846153846154
0 0.6490384615384616 0.6875 0.016826923076923076 0.026442307692307692
0 0.6334134615384616 0.7692307692307693 0.016826923076923076 0.028846153846153848
0 0.31009615384615385 0.7596153846153846 0.016826923076923076 0.014423076923076924
0 0.375 0.6610576923076923 0.021634615384615384 0.03365384615384615
0 0.3954326923076923 0.5997596153846154 0.021634615384615384 0.028846153846153848
0 0.5697115384615384 0.3389423076923077 0.014423076923076924 0.019230769230769232
0 0.49759615384615385 0.34975961538461536 0.016826923076923076 0.016826923076923076
0 0.3245192307692308 0.32211538461538464 0.019230769230769232 0.028846153846153848
0 0.30528846153846156 0.6021634615384616 0.014423076923076924 0.028846153846153848
0 0.30288461538461536 0.6658653846153846 0.019230769230769232 0.02403846153846154
0 0.5829326923076923 0.7560096153846154 0.016826923076923076 0.026442307692307692
0 0.5925480769230769 0.8257211538461539 0.014423076923076924 0.016826923076923076
0 0.8810096153846154 0.7584134615384616 0.021634615384615384 0.036057692307692304
0 0.8209134615384616 0.5925480769230769 0.019230769230769232 0.026442307692307692
0 0.9254807692307693 0.13341346153846154 0.021634615384615384 0.04326923076923077
0 0.3762019230769231 0.36538461538461536 0.021634615384615384 0.03125
0 0.1935096153846154 0.47475961538461536 0.016826923076923076 0.026442307692307692
0 0.46153846153846156 0.484375 0.016826923076923076 0.019230769230769232
0 0.29086538461538464 0.8629807692307693 0.014423076923076924 0.02403846153846154
0 0.2403846153846154 0.7920673076923077 0.009615384615384616 0.016826923076923076
0 0.2403846153846154 0.7283653846153846 0.014423076923076924 0.026442307692307692
0 0.16826923076923078 0.8725961538461539 0.016826923076923076 0.019230769230769232
0 0.042067307692307696 0.484375 0.04326923076923077 0.06971153846153846
0 0.15625 0.6814903846153846 0.016826923076923076 0.026442307692307692
0 0.14182692307692307 0.7427884615384616 0.019230769230769232 0.019230769230769232
0 0.1502403846153846 0.8064903846153846 0.016826923076923076 0.019230769230769232
0 0.2668269230769231 0.5516826923076923 0.026442307692307692 0.026442307692307692
0 0.3894230769230769 0.5348557692307693 0.019230769230769232 0.021634615384615384
0 0.33413461538461536 0.5144230769230769 0.019230769230769232 0.028846153846153848
0 0.6454326923076923 0.5168269230769231 0.016826923076923076 0.026442307692307692
0 0.5961538461538461 0.5072115384615384 0.016826923076923076 0.016826923076923076
0 0.5576923076923077 0.5144230769230769 0.01201923076923077 0.021634615384615384
0 0.5276442307692307 0.5048076923076923 0.014423076923076924 0.016826923076923076
0 0.49759615384615385 0.4543269230769231 0.016826923076923076 0.016826923076923076
0 0.46875 0.6057692307692307 0.019230769230769232 0.019230769230769232
0 0.4735576923076923 0.5216346153846154 0.01201923076923077 0.019230769230769232
0 0.7115384615384616 0.6875 0.019230769230769232 0.02403846153846154
0 0.6862980769230769 0.7836538461538461 0.021634615384615384 0.026442307692307692
0 0.8629807692307693 0.6189903846153846 0.019230769230769232 0.02403846153846154
0 0.6634615384615384 0.7391826923076923 0.014423076923076924 0.02403846153846154
0 0.7908653846153846 0.71875 0.009615384615384616 0.016826923076923076
0 0.8317307692307693 0.7536057692307693 0.019230769230769232 0.026442307692307692
0 0.6069711538461539 0.6322115384615384 0.02403846153846154 0.026442307692307692
0 0.5625 0.6346153846153846 0.021634615384615384 0.026442307692307692
0 0.6802884615384616 0.5132211538461539 0.019230769230769232 0.028846153846153848
0 0.6983173076923077 0.5480769230769231 0.014423076923076924 0.019230769230769232
0 0.5793269230769231 0.4675480769230769 0.019230769230769232 0.028846153846153848
0 0.6358173076923077 0.4326923076923077 0.026442307692307692 0.03125
0 0.21153846153846154 0.5612980769230769 0.019230769230769232 0.02403846153846154
0 0.22716346153846154 0.5144230769230769 0.016826923076923076 0.019230769230769232
0 0.18269230769230768 0.3473557692307692 0.019230769230769232 0.026442307692307692
0 0.4651442307692308 0.71875 0.014423076923076924 0.02403846153846154
0 0.5108173076923077 0.8629807692307693 0.014423076923076924 0.019230769230769232
0 0.5372596153846154 0.8689903846153846 0.016826923076923076 0.016826923076923076
0 0.5516826923076923 0.7872596153846154 0.01201923076923077 0.009615384615384616
0 0.5721153846153846 0.7139423076923077 0.019230769230769232 0.028846153846153848
0 0.4891826923076923 0.6622596153846154 0.026442307692307692 0.026442307692307692
0 0.4375 0.36658653846153844 0.014423076923076924 0.02403846153846154
0 0.35697115384615385 0.3004807692307692 0.019230769230769232 0.02403846153846154
0 0.7199519230769231 0.40024038461538464 0.03365384615384615 0.028846153846153848
0 0.7307692307692307 0.3425480769230769 0.03365384615384615 0.038461538461538464
0 0.22235576923076922 0.453125 0.019230769230769232 0.03365384615384615
0 0.8545673076923077 0.7043269230769231 0.02403846153846154 0.026442307692307692
0 0.8149038461538461 0.6899038461538461 0.016826923076923076 0.026442307692307692
0 0.859375 0.5745192307692307 0.019230769230769232 0.026442307692307692
0 0.7932692307692307 0.4387019230769231 0.026442307692307692 0.026442307692307692
0 0.59375 0.39903846153846156 0.021634615384615384 0.026442307692307692
0 0.34375 0.2644230769230769 0.019230769230769232 0.028846153846153848
0 0.19831730769230768 0.7235576923076923 0.019230769230769232 0.028846153846153848
0 0.2247596153846154 0.6622596153846154 0.014423076923076924 0.02403846153846154
0 0.43990384615384615 0.6394230769230769 0.026442307692307692 0.026442307692307692