0 0.47475961538461536 0.11057692307692307 0.028846153846153848 0.04807692307692308
0 0.8858173076923077 0.4254807692307692 0.028846153846153848 0.04807692307692308
0 0.36899038461538464 0.4050480769230769 0.016826923076923076 0.026442307692307692
0 0.8233173076923077 0.5360576923076923 0.019230769230769232 0.026442307692307692
0 0.6310096153846154 0.43028846153846156 0.02403846153846154 0.03125
0 0.3485576923076923 0.5048076923076923 0.038461538461538464 0.052884615384615384
0 0.19951923076923078 0.4014423076923077 0.016826923076923076 0.026442307692307692
0 0.21995192307692307 0.4230769230769231 0.016826923076923076 0.026442307692307692
0 0.30649038461538464 0.1310096153846154 0.028846153846153848 0.036057692307692304
0 0.8701923076923077 0.3401442307692308 0.028846153846153848 0.03125
0 0.7992788461538461 0.46634615384615385 0.014423076923076924 0.02403846153846154
0 0.9579326923076923 0.4951923076923077 0.016826923076923076 0.026442307692307692
0 0.40024038461538464 0.10336538461538461 0.038461538461538464 0.04326923076923077
0 0.6382211538461539 0.5 0.028846153846153848 0.036057692307692304
0 0.9603365384615384 0.28125 0.016826923076923076 0.02403846153846154
0 0.9807692307692307 0.265625 0.016826923076923076 0.026442307692307692
0 0.5072115384615384 0.6490384615384616 0.019230769230769232 0.026442307692307692
0 0.5540865384615384 0.6622596153846154 0.019230769230769232 0.019230769230769232
0 0.6237980769230769 0.6670673076923077 0.016826923076923076 0.036057692307692304
0 0.054086538461538464 0.6646634615384616 0.028846153846153848 0.03125
0 0.17668269230769232 0.6574519230769231 0.019230769230769232 0.026442307692307692
0 0.3389423076923077 0.6911057692307693 0.028846153846153848 0.03125
0 0.39783653846153844 0.33774038461538464 0.028846153846153848 0.036057692307692304
0 0.36899038461538464 0.25721153846153844 0.016826923076923076 0.026442307692307692
0 0.27524038461538464 0.3293269230769231 0.014423076923076924 0.026442307692307692
0 0.18509615384615385 0.07932692307692307 0.028846153846153848 0.02403846153846154
0 0.8762019230769231 0.2704326923076923 0.016826923076923076 0.036057692307692304
0 0.4387019230769231 0.45072115384615385 0.03365384615384615 0.036057692307692304
0 0.6021634615384616 0.4483173076923077 0.019230769230769232 0.040865384615384616
0 0.1141826923076923 0.5108173076923077 0.04326923076923077 0.03125
0 0.12259615384615384 0.15144230769230768 0.019230769230769232 0.03125
0 0.15144230769230768 0.18028846153846154 0.016826923076923076 0.036057692307692304
0 0.09495192307692307 0.040865384615384616 0.028846153846153848 0.026442307692307692
0 0.21995192307692307 0.11658653846153846 0.028846153846153848 0.036057692307692304
0 0.2956730769230769 0.17307692307692307 0.03365384615384615 0.02403846153846154
0 0.5408653846153846 0.18028846153846154 0.014423076923076924 0.036057692307692304
0 0.4795673076923077 0.45552884615384615 0.03365384615384615 0.04326923076923077