0 0.38100961538461536 0.12860576923076922 0.040865384615384616 0.055288461538461536
0 0.8557692307692307 0.33413461538461536 0.040865384615384616 0.055288461538461536
0 0.34975961538461536 0.43990384615384615 0.021634615384615384 0.028846153846153848
0 0.8221153846153846 0.4567307692307692 0.026442307692307692 0.03125
0 0.6105769230769231 0.40024038461538464 0.03125 0.036057692307692304
0 0.3545673076923077 0.5408653846153846 0.04807692307692308 0.0625
0 0.18509615384615385 0.47716346153846156 0.021634615384615384 0.028846153846153848
0 0.2091346153846154 0.49278846153846156 0.021634615384615384 0.028846153846153848
0 0.22355769230769232 0.18870192307692307 0.036057692307692304 0.040865384615384616
0 0.8209134615384616 0.2548076923076923 0.03365384615384615 0.036057692307692304
0 0.7824519230769231 0.3954326923076923 0.019230769230769232 0.026442307692307692
0 0.9435096153846154 0.38461538461538464 0.021634615384615384 0.028846153846153848
0 0.3076923076923077 0.13942307692307693 0.04807692307692308 0.052884615384615384
0 0.6346153846153846 0.46634615384615385 0.038461538461538464 0.04326923076923077
0 0.8942307692307693 0.17668269230769232 0.021634615384615384 0.026442307692307692
0 0.9098557692307693 0.15625 0.021634615384615384 0.028846153846153848
0 0.5432692307692307 0.6430288461538461 0.026442307692307692 0.03125
0 0.5913461538461539 0.6442307692307693 0.02403846153846154 0.021634615384615384
0 0.6610576923076923 0.6322115384615384 0.02403846153846154 0.038461538461538464
0 0.10697115384615384 0.7680288461538461 0.03365384615384615 0.036057692307692304
0 0.2247596153846154 0.7307692307692307 0.026442307692307692 0.03125
0 0.3894230769230769 0.7247596153846154 0.036057692307692304 0.038461538461538464
0 0.36177884615384615 0.36778846153846156 0.036057692307692304 0.040865384615384616
0 0.3137019230769231 0.2956730769230769 0.021634615384615384 0.028846153846153848
0 0.2403846153846154 0.38822115384615385 0.019230769230769232 0.028846153846153848
0 0.09254807692307693 0.16826923076923078 0.03365384615384615 0.028846153846153848
0 0.8088942307692307 0.18629807692307693 0.02403846153846154 0.038461538461538464
0 0.42908653846153844 0.4675480769230769 0.040865384615384616 0.04326923076923077
0 0.5865384615384616 0.4254807692307692 0.028846153846153848 0.04567307692307692
0 0.12860576923076922 0.6033653846153846 0.05048076923076923 0.040865384615384616
0 0.04927884615384615 0.2536057692307692 0.026442307692307692 0.036057692307692304
0 0.08413461538461539 0.27403846153846156 0.02403846153846154 0.038461538461538464
0 0.007211538461538462 0.15384615384615385 0.014423076923076924 0.03365384615384615
0 0.13581730769230768 0.19591346153846154 0.038461538461538464 0.04326923076923077
0 0.22235576923076922 0.23197115384615385 0.038461538461538464 0.03125
0 0.46274038461538464 0.18028846153846154 0.021634615384615384 0.038461538461538464
0 0.4699519230769231 0.46153846153846156 0.04326923076923077 0.05048076923076923