0 0.5492788461538461 0.11298076923076923 0.038461538461538464 0.055288461538461536
0 0.8930288461538461 0.5 0.038461538461538464 0.055288461538461536
0 0.3894230769230769 0.38221153846153844 0.021634615384615384 0.028846153846153848
0 0.8100961538461539 0.5973557692307693 0.02403846153846154 0.028846153846153848
0 0.6418269230769231 0.4567307692307692 0.028846153846153848 0.036057692307692304
0 0.35096153846153844 0.47596153846153844 0.04807692307692308 0.06009615384615385
0 0.22355769230769232 0.34615384615384615 0.021634615384615384 0.028846153846153848
0 0.23918269230769232 0.3713942307692308 0.021634615384615384 0.028846153846153848
0 0.38100961538461536 0.10096153846153846 0.03365384615384615 0.040865384615384616
0 0.8942307692307693 0.41346153846153844 0.03365384615384615 0.036057692307692304
0 0.8004807692307693 0.5240384615384616 0.016826923076923076 0.02403846153846154
0 0.9507211538461539 0.5829326923076923 0.021634615384615384 0.028846153846153848
0 0.47716346153846156 0.09134615384615384 0.04567307692307692 0.05048076923076923
0 0.6358173076923077 0.5264423076923077 0.036057692307692304 0.040865384615384616
0 0.9903846153846154 0.37259615384615385 0.014423076923076924 0.028846153846153848
0 0.47836538461538464 0.6478365384615384 0.02403846153846154 0.028846153846153848
0 0.5216346153846154 0.6694711538461539 0.02403846153846154 0.021634615384615384
0 0.5901442307692307 0.6875 0.02403846153846154 0.038461538461538464
0 0.03125 0.5769230769230769 0.03365384615384615 0.036057692307692304
0 0.15264423076923078 0.5925480769230769 0.02403846153846154 0.028846153846153848
0 0.30528846153846156 0.6574519230769231 0.036057692307692304 0.036057692307692304
0 0.43028846153846156 0.32091346153846156 0.03365384615384615 0.040865384615384616
0 0.4182692307692308 0.23677884615384615 0.021634615384615384 0.028846153846153848
0 0.3125 0.28966346153846156 0.016826923076923076 0.028846153846153848
0 0.27163461538461536 0.026442307692307692 0.03365384615384615 0.028846153846153848
0 0.9134615384615384 0.34615384615384615 0.02403846153846154 0.038461538461538464
0 0.4495192307692308 0.43990384615384615 0.040865384615384616 0.040865384615384616
0 0.6105769230769231 0.46875 0.028846153846153848 0.04326923076923077
0 0.11899038461538461 0.4375 0.05048076923076923 0.038461538461538464
0 0.19591346153846154 0.08533653846153846 0.026442307692307692 0.03365384615384615
0 0.21875 0.1201923076923077 0.02403846153846154 0.038461538461538464
0 0.2980769230769231 0.06971153846153846 0.036057692307692304 0.040865384615384616
0 0.36177884615384615 0.140625 0.038461538461538464 0.028846153846153848
0 0.6009615384615384 0.1935096153846154 0.019230769230769232 0.038461538461538464
0 0.4879807692307692 0.4519230769230769 0.040865384615384616 0.05048076923076923