0 0.5072115384615384 0.4206730769230769 0.028846153846153848 0.04567307692307692
0 0.5360576923076923 0.41947115384615385 0.02403846153846154 0.04567307692307692
0 0.7415865384615384 0.5901442307692307 0.11057692307692307 0.18028846153846154
0 0.546875 0.8834134615384616 0.021634615384615384 0.040865384615384616
0 0.5096153846153846 0.8786057692307693 0.028846153846153848 0.04326923076923077
0 0.4567307692307692 0.8401442307692307 0.019230769230769232 0.03125
0 0.44471153846153844 0.7055288461538461 0.028846153846153848 0.040865384615384616
0 0.46634615384615385 0.5997596153846154 0.021634615384615384 0.040865384615384616
0 0.49158653846153844 0.6286057692307693 0.021634615384615384 0.038461538461538464
0 0.5168269230769231 0.30528846153846156 0.03365384615384615 0.040865384615384616
0 0.4579326923076923 0.1935096153846154 0.02403846153846154 0.040865384615384616
0 0.39663461538461536 0.1622596153846154 0.028846153846153848 0.038461538461538464
0 0.3737980769230769 0.2536057692307692 0.028846153846153848 0.04326923076923077
0 0.43028846153846156 0.2439903846153846 0.026442307692307692 0.038461538461538464
0 0.49158653846153844 0.24759615384615385 0.02403846153846154 0.038461538461538464
0 0.5408653846153846 0.21514423076923078 0.019230769230769232 0.019230769230769232
0 0.5408653846153846 0.25721153846153844 0.02403846153846154 0.040865384615384616
0 0.3557692307692308 0.5637019230769231 0.016826923076923076 0.028846153846153848