0 0.5252403846153846 0.42427884615384615 0.026442307692307692 0.04567307692307692
0 0.5528846153846154 0.42908653846153844 0.02403846153846154 0.04567307692307692
0 0.7151442307692307 0.6418269230769231 0.10817307692307693 0.18028846153846154
0 0.45913461538461536 0.8834134615384616 0.021634615384615384 0.040865384615384616
0 0.42427884615384615 0.8713942307692307 0.026442307692307692 0.04326923076923077
0 0.38100961538461536 0.8221153846153846 0.019230769230769232 0.03125
0 0.40024038461538464 0.6875 0.028846153846153848 0.038461538461538464
0 0.44471153846153844 0.5901442307692307 0.021634615384615384 0.040865384615384616
0 0.46274038461538464 0.6225961538461539 0.021634615384615384 0.038461538461538464
0 0.5600961538461539 0.3137019230769231 0.03365384615384615 0.040865384615384616
0 0.5276442307692307 0.19230769230769232 0.02403846153846154 0.040865384615384616
0 0.47475961538461536 0.14783653846153846 0.026442307692307692 0.036057692307692304
0 0.4326923076923077 0.23197115384615385 0.028846153846153848 0.04326923076923077
0 0.4891826923076923 0.234375 0.026442307692307692 0.036057692307692304
0 0.5492788461538461 0.25240384615384615 0.02403846153846154 0.038461538461538464
0 0.6045673076923077 0.23197115384615385 0.019230769230769232 0.019230769230769232
0 0.59375 0.27283653846153844 0.02403846153846154 0.040865384615384616
0 0.3449519230769231 0.5300480769230769 0.016826923076923076 0.028846153846153848