0 0.5096153846153846 0.4206730769230769 0.026442307692307692 0.04567307692307692
0 0.5384615384615384 0.4206730769230769 0.02403846153846154 0.04567307692307692
0 0.7379807692307693 0.5985576923076923 0.10576923076923077 0.1778846153846154
0 0.5336538461538461 0.8846153846153846 0.021634615384615384 0.040865384615384616
0 0.4963942307692308 0.8786057692307693 0.026442307692307692 0.04326923076923077
0 0.44471153846153844 0.8389423076923077 0.019230769230769232 0.03125
0 0.4387019230769231 0.703125 0.026442307692307692 0.038461538461538464
0 0.46274038461538464 0.5985576923076923 0.019230769230769232 0.040865384615384616
0 0.48677884615384615 0.6274038461538461 0.021634615384615384 0.038461538461538464
0 0.5240384615384616 0.30649038461538464 0.03365384615384615 0.040865384615384616
0 0.46875 0.19230769230769232 0.02403846153846154 0.040865384615384616
0 0.40865384615384615 0.15985576923076922 0.026442307692307692 0.036057692307692304
0 0.38221153846153844 0.25 0.026442307692307692 0.04326923076923077
0 0.4387019230769231 0.24158653846153846 0.026442307692307692 0.036057692307692304
0 0.5012019230769231 0.24759615384615385 0.021634615384615384 0.038461538461538464
0 0.5516826923076923 0.21634615384615385 0.019230769230769232 0.019230769230769232
0 0.5492788461538461 0.25961538461538464 0.02403846153846154 0.040865384615384616
0 0.35336538461538464 0.5588942307692307 0.014423076923076924 0.026442307692307692