0 0.38822115384615385 0.5985576923076923 0.021634615384615384 0.03125
0 0.40865384615384615 0.4807692307692308 0.028846153846153848 0.03365384615384615
0 0.28966346153846156 0.38822115384615385 0.026442307692307692 0.04567307692307692
0 0.5829326923076923 0.3942307692307692 0.026442307692307692 0.05048076923076923
0 0.6850961538461539 0.38461538461538464 0.026442307692307692 0.03125
0 0.6706730769230769 0.30649038461538464 0.019230769230769232 0.03125
0 0.41466346153846156 0.7548076923076923 0.021634615384615384 0.04326923076923077
0 0.578125 0.6814903846153846 0.01201923076923077 0.021634615384615384
0 0.6286057692307693 0.6274038461538461 0.014423076923076924 0.028846153846153848
0 0.6418269230769231 0.5564903846153846 0.014423076923076924 0.02403846153846154
0 0.6033653846153846 0.5685096153846154 0.014423076923076924 0.026442307692307692
0 0.3269230769230769 0.28125 0.019230769230769232 0.038461538461538464
0 0.15264423076923078 0.19471153846153846 0.019230769230769232 0.038461538461538464
0 0.3798076923076923 0.5300480769230769 0.021634615384615384 0.02403846153846154
0 0.6009615384615384 0.6790865384615384 0.014423076923076924 0.026442307692307692
0 0.5180288461538461 0.6502403846153846 0.021634615384615384 0.03365384615384615
0 0.5576923076923077 0.6033653846153846 0.019230769230769232 0.03365384615384615
0 0.5180288461538461 0.46634615384615385 0.021634615384615384 0.036057692307692304
0 0.39903846153846156 0.65625 0.02403846153846154 0.036057692307692304
0 0.30288461538461536 0.47836538461538464 0.019230769230769232 0.03125
0 0.3485576923076923 0.5132211538461539 0.019230769230769232 0.038461538461538464
0 0.23798076923076922 0.4026442307692308 0.019230769230769232 0.03125
0 0.5048076923076923 0.35697115384615385 0.016826923076923076 0.019230769230769232
0 0.5985576923076923 0.5144230769230769 0.02403846153846154 0.036057692307692304
0 0.578125 0.53125 0.016826923076923076 0.028846153846153848
0 0.5745192307692307 0.33413461538461536 0.019230769230769232 0.028846153846153848
0 0.4639423076923077 0.203125 0.019230769230769232 0.03125
0 0.41466346153846156 0.23076923076923078 0.016826923076923076 0.028846153846153848
0 0.4495192307692308 0.5673076923076923 0.021634615384615384 0.03125
0 0.5372596153846154 0.25721153846153844 0.016826923076923076 0.026442307692307692