0 0.38100961538461536 0.5913461538461539 0.019230769230769232 0.03125
0 0.4098557692307692 0.47475961538461536 0.026442307692307692 0.03365384615384615
0 0.2980769230769231 0.3737980769230769 0.02403846153846154 0.04326923076923077
0 0.5889423076923077 0.40024038461538464 0.02403846153846154 0.04807692307692308
0 0.6935096153846154 0.39783653846153844 0.02403846153846154 0.03125
0 0.6838942307692307 0.31850961538461536 0.016826923076923076 0.03125
0 0.39783653846153844 0.7487980769230769 0.019230769230769232 0.04326923076923077
0 0.5649038461538461 0.6875 0.01201923076923077 0.019230769230769232
0 0.6189903846153846 0.6358173076923077 0.01201923076923077 0.028846153846153848
0 0.6382211538461539 0.5661057692307693 0.014423076923076924 0.021634615384615384
0 0.5985576923076923 0.5745192307692307 0.014423076923076924 0.026442307692307692
0 0.3425480769230769 0.2704326923076923 0.016826923076923076 0.036057692307692304
0 0.17548076923076922 0.171875 0.016826923076923076 0.036057692307692304
0 0.37740384615384615 0.5216346153846154 0.019230769230769232 0.02403846153846154
0 0.5877403846153846 0.6850961538461539 0.01201923076923077 0.026442307692307692
0 0.5072115384615384 0.6514423076923077 0.019230769230769232 0.03125
0 0.5504807692307693 0.6081730769230769 0.019230769230769232 0.03365384615384615
0 0.5204326923076923 0.4675480769230769 0.021634615384615384 0.03365384615384615
0 0.38822115384615385 0.6490384615384616 0.021634615384615384 0.036057692307692304
0 0.30408653846153844 0.4651442307692308 0.016826923076923076 0.03125
0 0.3473557692307692 0.5024038461538461 0.016826923076923076 0.038461538461538464
0 0.24519230769230768 0.38461538461538464 0.016826923076923076 0.03125
0 0.515625 0.3581730769230769 0.016826923076923076 0.016826923076923076
0 0.5973557692307693 0.5204326923076923 0.021634615384615384 0.036057692307692304
0 0.5757211538461539 0.5372596153846154 0.014423076923076924 0.028846153846153848
0 0.5853365384615384 0.3389423076923077 0.019230769230769232 0.026442307692307692
0 0.4855769230769231 0.20192307692307693 0.016826923076923076 0.03125
0 0.4338942307692308 0.22596153846153846 0.014423076923076924 0.028846153846153848
0 0.44471153846153844 0.5637019230769231 0.019230769230769232 0.028846153846153848
0 0.5540865384615384 0.2608173076923077 0.016826923076923076 0.026442307692307692