0 0.3605769230769231 0.5516826923076923 0.021634615384615384 0.03125
0 0.4206730769230769 0.4495192307692308 0.028846153846153848 0.03365384615384615
0 0.34375 0.31971153846153844 0.02403846153846154 0.04567307692307692
0 0.6141826923076923 0.43149038461538464 0.026442307692307692 0.05048076923076923
0 0.7151442307692307 0.45913461538461536 0.026442307692307692 0.03125
0 0.7283653846153846 0.38100961538461536 0.019230769230769232 0.03125
0 0.3293269230769231 0.7079326923076923 0.021634615384615384 0.04326923076923077
0 0.5084134615384616 0.6983173076923077 0.01201923076923077 0.021634615384615384
0 0.5745192307692307 0.6646634615384616 0.014423076923076924 0.028846153846153848
0 0.6117788461538461 0.6045673076923077 0.014423076923076924 0.02403846153846154
0 0.5721153846153846 0.6009615384615384 0.014423076923076924 0.026442307692307692
0 0.41586538461538464 0.234375 0.019230769230769232 0.038461538461538464
0 0.2848557692307692 0.09134615384615384 0.019230769230769232 0.038461538461538464
0 0.37740384615384615 0.484375 0.019230769230769232 0.02403846153846154
0 0.5300480769230769 0.703125 0.014423076923076924 0.026442307692307692
0 0.46274038461538464 0.6478365384615384 0.021634615384615384 0.03125
0 0.5168269230769231 0.6177884615384616 0.019230769230769232 0.03365384615384615
0 0.5288461538461539 0.47475961538461536 0.021634615384615384 0.036057692307692304
0 0.34975961538461536 0.6105769230769231 0.021634615384615384 0.036057692307692304
0 0.3233173076923077 0.40865384615384615 0.019230769230769232 0.03125
0 0.35336538461538464 0.4579326923076923 0.019230769230769232 0.038461538461538464
0 0.28966346153846156 0.31490384615384615 0.019230769230769232 0.03125
0 0.5564903846153846 0.36778846153846156 0.016826923076923076 0.016826923076923076
0 0.5865384615384616 0.5480769230769231 0.021634615384615384 0.036057692307692304
0 0.5625 0.5576923076923077 0.016826923076923076 0.028846153846153848
0 0.6286057692307693 0.3713942307692308 0.019230769230769232 0.026442307692307692
0 0.5733173076923077 0.21033653846153846 0.019230769230769232 0.03125
0 0.5168269230769231 0.21875 0.016826923076923076 0.028846153846153848
0 0.42908653846153844 0.5444711538461539 0.021634615384615384 0.03125
0 0.6213942307692307 0.28725961538461536 0.016826923076923076 0.026442307692307692