1 0.07451923076923077 0.14543269230769232 0.021634615384615384 0.02403846153846154
1 0.18870192307692307 0.04927884615384615 0.02403846153846154 0.021634615384615384
1 0.1778846153846154 0.08774038461538461 0.021634615384615384 0.02403846153846154
1 0.25 0.20673076923076922 0.02403846153846154 0.028846153846153848
1 0.08653846153846154 0.3605769230769231 0.026442307692307692 0.03125
1 0.3112980769230769 0.2403846153846154 0.019230769230769232 0.021634615384615384
1 0.25240384615384615 0.28966346153846156 0.021634615384615384 0.021634615384615384
1 0.28365384615384615 0.27403846153846156 0.021634615384615384 0.021634615384615384
1 0.21634615384615385 0.2824519230769231 0.021634615384615384 0.026442307692307692
1 0.5132211538461539 0.47596153846153844 0.019230769230769232 0.021634615384615384
1 0.4879807692307692 0.5492788461538461 0.026442307692307692 0.036057692307692304
1 0.49038461538461536 0.5084134615384616 0.03125 0.038461538461538464
1 0.4230769230769231 0.6262019230769231 0.026442307692307692 0.03365384615384615
1 0.4375 0.8449519230769231 0.026442307692307692 0.03365384615384615
1 0.5 0.7788461538461539 0.02403846153846154 0.028846153846153848
1 0.5192307692307693 0.671875 0.02403846153846154 0.026442307692307692
1 0.5216346153846154 0.7439903846153846 0.021634615384615384 0.028846153846153848
1 0.09134615384615384 0.5072115384615384 0.028846153846153848 0.036057692307692304
1 0.11778846153846154 0.48677884615384615 0.02403846153846154 0.02403846153846154
1 0.07692307692307693 0.4543269230769231 0.02403846153846154 0.028846153846153848
1 0.1971153846153846 0.5564903846153846 0.019230769230769232 0.021634615384615384
1 0.2403846153846154 0.5649038461538461 0.021634615384615384 0.026442307692307692
1 0.40024038461538464 0.7055288461538461 0.02403846153846154 0.028846153846153848
1 0.4675480769230769 0.6382211538461539 0.021634615384615384 0.036057692307692304
1 0.19831730769230768 0.41466346153846156 0.02403846153846154 0.036057692307692304
1 0.30649038461538464 0.40865384615384615 0.036057692307692304 0.04567307692307692
1 0.3641826923076923 0.36899038461538464 0.019230769230769232 0.028846153846153848
1 0.5408653846153846 0.6310096153846154 0.021634615384615384 0.026442307692307692
1 0.5757211538461539 0.6887019230769231 0.019230769230769232 0.021634615384615384
1 0.5697115384615384 0.8329326923076923 0.019230769230769232 0.026442307692307692
1 0.5612980769230769 0.7740384615384616 0.02403846153846154 0.026442307692307692
1 0.546875 0.6742788461538461 0.016826923076923076 0.02403846153846154
1 0.5372596153846154 0.7704326923076923 0.019230769230769232 0.03125
1 0.09975961538461539 0.2764423076923077 0.026442307692307692 0.040865384615384616
1 0.06971153846153846 0.3161057692307692 0.021634615384615384 0.026442307692307692
1 0.046875 0.3545673076923077 0.016826923076923076 0.028846153846153848