1 0.04807692307692308 0.19110576923076922 0.02403846153846154 0.019230769230769232
1 0.05048076923076923 0.23076923076923078 0.019230769230769232 0.02403846153846154
1 0.1622596153846154 0.3161057692307692 0.021634615384615384 0.028846153846153848
1 0.06370192307692307 0.5180288461538461 0.026442307692307692 0.028846153846153848
1 0.22956730769230768 0.3245192307692308 0.016826923076923076 0.021634615384615384
1 0.1935096153846154 0.39302884615384615 0.019230769230769232 0.021634615384615384
1 0.21754807692307693 0.36538461538461536 0.021634615384615384 0.021634615384615384
1 0.15745192307692307 0.39903846153846156 0.021634615384615384 0.026442307692307692
1 0.5036057692307693 0.4723557692307692 0.016826923076923076 0.021634615384615384
1 0.5072115384615384 0.5504807692307693 0.02403846153846154 0.036057692307692304
1 0.49399038461538464 0.5108173076923077 0.028846153846153848 0.038461538461538464
1 0.4735576923076923 0.6454326923076923 0.026442307692307692 0.03125
1 0.5661057692307693 0.8449519230769231 0.026442307692307692 0.03125
1 0.5997596153846154 0.7608173076923077 0.021634615384615384 0.028846153846153848
1 0.5793269230769231 0.6538461538461539 0.021634615384615384 0.026442307692307692
1 0.6081730769230769 0.7199519230769231 0.021634615384615384 0.028846153846153848
1 0.12139423076923077 0.6526442307692307 0.026442307692307692 0.036057692307692304
1 0.13822115384615385 0.6237980769230769 0.02403846153846154 0.021634615384615384
1 0.0889423076923077 0.609375 0.02403846153846154 0.028846153846153848
1 0.23677884615384615 0.6610576923076923 0.016826923076923076 0.021634615384615384
1 0.28125 0.6538461538461539 0.019230769230769232 0.026442307692307692
1 0.4807692307692308 0.7283653846153846 0.02403846153846154 0.028846153846153848
1 0.5180288461538461 0.640625 0.019230769230769232 0.036057692307692304
1 0.18870192307692307 0.5288461538461539 0.021634615384615384 0.03365384615384615
1 0.28725961538461536 0.484375 0.03365384615384615 0.04326923076923077
1 0.3269230769230769 0.4266826923076923 0.019230769230769232 0.028846153846153848
1 0.5853365384615384 0.6081730769230769 0.021634615384615384 0.026442307692307692
1 0.6382211538461539 0.6502403846153846 0.016826923076923076 0.021634615384615384
1 0.6838942307692307 0.7860576923076923 0.016826923076923076 0.026442307692307692
1 0.6550480769230769 0.7331730769230769 0.021634615384615384 0.026442307692307692
1 0.6057692307692307 0.6466346153846154 0.016826923076923076 0.02403846153846154
1 0.6322115384615384 0.7391826923076923 0.016826923076923076 0.03125
1 0.046875 0.4338942307692308 0.02403846153846154 0.040865384615384616
1 0.03245192307692308 0.4831730769230769 0.019230769230769232 0.026442307692307692
1 0.025240384615384616 0.5264423076923077 0.016826923076923076 0.028846153846153848