1 0.08653846153846154 0.1310096153846154 0.021634615384615384 0.02403846153846154
1 0.20552884615384615 0.038461538461538464 0.02403846153846154 0.021634615384615384
1 0.19230769230769232 0.07692307692307693 0.021634615384615384 0.02403846153846154
1 0.2608173076923077 0.19831730769230768 0.02403846153846154 0.028846153846153848
1 0.09134615384615384 0.34615384615384615 0.026442307692307692 0.03125
1 0.31971153846153844 0.23317307692307693 0.019230769230769232 0.021634615384615384
1 0.25961538461538464 0.28125 0.021634615384615384 0.021634615384615384
1 0.2920673076923077 0.265625 0.02403846153846154 0.02403846153846154
1 0.2247596153846154 0.27283653846153844 0.02403846153846154 0.028846153846153848
1 0.5144230769230769 0.47596153846153844 0.019230769230769232 0.021634615384615384
1 0.48677884615384615 0.5492788461538461 0.026442307692307692 0.036057692307692304
1 0.49038461538461536 0.5072115384615384 0.03125 0.038461538461538464
1 0.4182692307692308 0.6237980769230769 0.028846153846153848 0.03365384615384615
1 0.4254807692307692 0.84375 0.028846153846153848 0.03365384615384615
1 0.49038461538461536 0.7788461538461539 0.02403846153846154 0.028846153846153848
1 0.5132211538461539 0.6730769230769231 0.02403846153846154 0.028846153846153848
1 0.5132211538461539 0.7451923076923077 0.021634615384615384 0.028846153846153848
1 0.09134615384615384 0.49278846153846156 0.028846153846153848 0.036057692307692304
1 0.11899038461538461 0.4735576923076923 0.026442307692307692 0.02403846153846154
1 0.07932692307692307 0.43990384615384615 0.02403846153846154 0.03125
1 0.19471153846153846 0.5456730769230769 0.019230769230769232 0.021634615384615384
1 0.23798076923076922 0.5564903846153846 0.021634615384615384 0.026442307692307692
1 0.39302884615384615 0.7019230769230769 0.02403846153846154 0.03125
1 0.46274038461538464 0.6370192307692307 0.021634615384615384 0.038461538461538464
1 0.20192307692307693 0.4050480769230769 0.02403846153846154 0.036057692307692304
1 0.31009615384615385 0.4014423076923077 0.036057692307692304 0.04567307692307692
1 0.36899038461538464 0.3641826923076923 0.019230769230769232 0.028846153846153848
1 0.5360576923076923 0.6334134615384616 0.02403846153846154 0.028846153846153848
1 0.5685096153846154 0.6923076923076923 0.019230769230769232 0.021634615384615384
1 0.5576923076923077 0.8353365384615384 0.019230769230769232 0.026442307692307692
1 0.5516826923076923 0.7752403846153846 0.02403846153846154 0.028846153846153848
1 0.5408653846153846 0.6754807692307693 0.019230769230769232 0.02403846153846154
1 0.5276442307692307 0.7716346153846154 0.019230769230769232 0.03125
1 0.10817307692307693 0.2620192307692308 0.028846153846153848 0.040865384615384616
1 0.07572115384615384 0.3016826923076923 0.021634615384615384 0.026442307692307692
1 0.051682692307692304 0.3389423076923077 0.019230769230769232 0.028846153846153848