0 0.5492788461538461 0.2439903846153846 0.026442307692307692 0.040865384615384616
0 0.6189903846153846 0.3125 0.026442307692307692 0.036057692307692304
0 0.609375 0.375 0.028846153846153848 0.036057692307692304
0 0.75 0.35216346153846156 0.021634615384615384 0.026442307692307692
0 0.3894230769230769 0.7067307692307693 0.03125 0.03125
0 0.35336538461538464 0.27524038461538464 0.03125 0.04807692307692308
0 0.3798076923076923 0.3317307692307692 0.02403846153846154 0.040865384615384616
0 0.4723557692307692 0.24278846153846154 0.021634615384615384 0.03365384615384615
0 0.4963942307692308 0.30288461538461536 0.016826923076923076 0.03365384615384615
0 0.5048076923076923 0.36177884615384615 0.021634615384615384 0.028846153846153848
0 0.5048076923076923 0.5625 0.019230769230769232 0.038461538461538464
0 0.46875 0.5805288461538461 0.019230769230769232 0.036057692307692304
0 0.5612980769230769 0.9651442307692307 0.02403846153846154 0.036057692307692304
0 0.3449519230769231 0.8701923076923077 0.021634615384615384 0.03365384615384615
0 0.8942307692307693 0.5540865384615384 0.021634615384615384 0.038461538461538464
0 0.7836538461538461 0.515625 0.02403846153846154 0.03125
0 0.8112980769230769 0.28966346153846156 0.02403846153846154 0.026442307692307692
0 0.9615384615384616 0.4423076923076923 0.02403846153846154 0.03125
0 0.9615384615384616 0.6418269230769231 0.021634615384615384 0.03365384615384615
0 0.6814903846153846 0.4519230769230769 0.016826923076923076 0.03125
0 0.9543269230769231 0.13221153846153846 0.02403846153846154 0.028846153846153848
0 0.1346153846153846 0.8846153846153846 0.026442307692307692 0.03125
0 0.5276442307692307 0.4375 0.02403846153846154 0.055288461538461536
0 0.6418269230769231 0.5673076923076923 0.02403846153846154 0.036057692307692304
0 0.3076923076923077 0.5300480769230769 0.026442307692307692 0.03125
0 0.5264423076923077 0.9495192307692307 0.019230769230769232 0.04326923076923077
0 0.5805288461538461 0.71875 0.021634615384615384 0.028846153846153848
0 0.6766826923076923 0.15144230769230768 0.026442307692307692 0.038461538461538464
0 0.44350961538461536 0.48197115384615385 0.021634615384615384 0.028846153846153848
0 0.3918269230769231 0.5060096153846154 0.026442307692307692 0.040865384615384616
0 0.3870192307692308 0.5757211538461539 0.021634615384615384 0.026442307692307692
0 0.59375 0.47596153846153844 0.021634615384615384 0.036057692307692304
0 0.7403846153846154 0.41346153846153844 0.019230769230769232 0.03365384615384615
0 0.7992788461538461 0.15745192307692307 0.019230769230769232 0.021634615384615384
0 0.45552884615384615 0.010817307692307692 0.021634615384615384 0.021634615384615384
0 0.4699519230769231 0.38461538461538464 0.021634615384615384 0.021634615384615384
0 0.27884615384615385 0.41225961538461536 0.01201923076923077 0.019230769230769232
0 0.8942307692307693 0.3004807692307692 0.021634615384615384 0.036057692307692304
0 0.9615384615384616 0.28725961538461536 0.019230769230769232 0.026442307692307692
0 0.6862980769230769 0.31009615384615385 0.02403846153846154 0.03125
0 0.5360576923076923 0.36899038461538464 0.028846153846153848 0.03125
0 0.5228365384615384 0.2091346153846154 0.021634615384615384 0.036057692307692304
0 0.5576923076923077 0.18509615384615385 0.021634615384615384 0.03365384615384615
0 0.5612980769230769 0.036057692307692304 0.026442307692307692 0.016826923076923076
0 0.8485576923076923 0.21514423076923078 0.014423076923076924 0.03125
0 0.8040865384615384 0.3473557692307692 0.021634615384615384 0.028846153846153848
0 0.4519230769230769 0.7524038461538461 0.014423076923076924 0.04567307692307692
0 0.4519230769230769 0.953125 0.02403846153846154 0.03125
0 0.2608173076923077 0.5997596153846154 0.016826923076923076 0.036057692307692304
0 0.3449519230769231 0.6682692307692307 0.014423076923076924 0.036057692307692304
0 0.7271634615384616 0.5120192307692307 0.01201923076923077 0.055288461538461536
0 0.8918269230769231 0.39903846153846156 0.026442307692307692 0.03125
0 0.8701923076923077 0.2608173076923077 0.014423076923076924 0.03125
0 0.5985576923076923 0.4206730769230769 0.03125 0.03125
0 0.6286057692307693 0.16346153846153846 0.009615384615384616 0.026442307692307692