0 0.5228365384615384 0.2403846153846154 0.02403846153846154 0.038461538461538464
0 0.5985576923076923 0.3016826923076923 0.021634615384615384 0.03365384615384615
0 0.5961538461538461 0.3641826923076923 0.026442307692307692 0.03365384615384615
0 0.7331730769230769 0.3269230769230769 0.019230769230769232 0.02403846153846154
0 0.41225961538461536 0.7175480769230769 0.028846153846153848 0.028846153846153848
0 0.33052884615384615 0.2920673076923077 0.026442307692307692 0.04567307692307692
0 0.36177884615384615 0.3449519230769231 0.021634615384615384 0.038461538461538464
0 0.44471153846153844 0.24639423076923078 0.016826923076923076 0.03365384615384615
0 0.47596153846153844 0.30408653846153844 0.01201923076923077 0.03365384615384615
0 0.49038461538461536 0.3629807692307692 0.019230769230769232 0.028846153846153848
0 0.5108173076923077 0.5612980769230769 0.014423076923076924 0.038461538461538464
0 0.47836538461538464 0.5829326923076923 0.016826923076923076 0.036057692307692304
0 0.609375 0.9555288461538461 0.021634615384615384 0.036057692307692304
0 0.38461538461538464 0.8846153846153846 0.016826923076923076 0.03365384615384615
0 0.8978365384615384 0.5132211538461539 0.019230769230769232 0.038461538461538464
0 0.7848557692307693 0.4855769230769231 0.019230769230769232 0.028846153846153848
0 0.7872596153846154 0.25841346153846156 0.021634615384615384 0.02403846153846154
0 0.953125 0.3942307692307692 0.019230769230769232 0.028846153846153848
0 0.9747596153846154 0.5925480769230769 0.019230769230769232 0.03365384615384615
0 0.6754807692307693 0.4326923076923077 0.014423076923076924 0.03125
0 0.9134615384615384 0.08653846153846154 0.021634615384615384 0.026442307692307692
0 0.17668269230769232 0.9206730769230769 0.021634615384615384 0.028846153846153848
0 0.5216346153846154 0.43509615384615385 0.019230769230769232 0.052884615384615384
0 0.6490384615384616 0.5516826923076923 0.021634615384615384 0.036057692307692304
0 0.3112980769230769 0.5504807692307693 0.021634615384615384 0.028846153846153848
0 0.5733173076923077 0.9435096153846154 0.016826923076923076 0.04326923076923077
0 0.6033653846153846 0.7091346153846154 0.019230769230769232 0.028846153846153848
0 0.6394230769230769 0.1346153846153846 0.02403846153846154 0.036057692307692304
0 0.4411057692307692 0.4879807692307692 0.016826923076923076 0.028846153846153848
0 0.39302884615384615 0.5168269230769231 0.02403846153846154 0.038461538461538464
0 0.3954326923076923 0.5865384615384616 0.019230769230769232 0.02403846153846154
0 0.5901442307692307 0.46634615384615385 0.019230769230769232 0.036057692307692304
0 0.7295673076923077 0.3894230769230769 0.016826923076923076 0.03365384615384615
0 0.7620192307692307 0.12740384615384615 0.016826923076923076 0.021634615384615384
0 0.4026442307692308 0.015625 0.016826923076923076 0.021634615384615384
0 0.4579326923076923 0.38822115384615385 0.019230769230769232 0.021634615384615384
0 0.27163461538461536 0.43509615384615385 0.009615384615384616 0.019230769230769232
0 0.8713942307692307 0.2608173076923077 0.019230769230769232 0.036057692307692304
0 0.9375 0.2403846153846154 0.016826923076923076 0.026442307692307692
0 0.6658653846153846 0.2920673076923077 0.019230769230769232 0.028846153846153848
0 0.5228365384615384 0.36658653846153844 0.02403846153846154 0.028846153846153848
0 0.49158653846153844 0.2091346153846154 0.019230769230769232 0.036057692307692304
0 0.5240384615384616 0.1814903846153846 0.019230769230769232 0.03365384615384615
0 0.5132211538461539 0.03245192307692308 0.02403846153846154 0.014423076923076924
0 0.8161057692307693 0.18028846153846154 0.009615384615384616 0.03125
0 0.7860576923076923 0.3161057692307692 0.016826923076923076 0.028846153846153848
0 0.4795673076923077 0.7560096153846154 0.009615384615384616 0.04567307692307692
0 0.5 0.9555288461538461 0.019230769230769232 0.028846153846153848
0 0.27283653846153844 0.6237980769230769 0.014423076923076924 0.036057692307692304
0 0.3641826923076923 0.6838942307692307 0.01201923076923077 0.036057692307692304
0 0.7271634615384616 0.4891826923076923 0.004807692307692308 0.055288461538461536
0 0.8786057692307693 0.3581730769230769 0.021634615384615384 0.028846153846153848
0 0.8425480769230769 0.22355769230769232 0.009615384615384616 0.03125
0 0.5901442307692307 0.4110576923076923 0.028846153846153848 0.028846153846153848
0 0.5925480769230769 0.15264423076923078 0.007211538461538462 0.026442307692307692