0 0.5180288461538461 0.10096153846153846 0.02403846153846154 0.03365384615384615
0 0.7716346153846154 0.43509615384615385 0.021634615384615384 0.038461538461538464
0 0.6730769230769231 0.49278846153846156 0.01201923076923077 0.036057692307692304
0 0.45552884615384615 0.3317307692307692 0.021634615384615384 0.02403846153846154
0 0.16105769230769232 0.5456730769230769 0.019230769230769232 0.026442307692307692
0 0.5060096153846154 0.4987980769230769 0.021634615384615384 0.014423076923076924
0 0.6237980769230769 0.18870192307692307 0.021634615384615384 0.02403846153846154
0 0.5192307692307693 0.15745192307692307 0.014423076923076924 0.01201923076923077
0 0.43990384615384615 0.5408653846153846 0.019230769230769232 0.021634615384615384
0 0.5901442307692307 0.6682692307692307 0.019230769230769232 0.026442307692307692
0 0.5769230769230769 0.3004807692307692 0.03125 0.02403846153846154
0 0.8317307692307693 0.6009615384615384 0.007211538461538462 0.021634615384615384
0 0.5492788461538461 0.6033653846153846 0.02403846153846154 0.03365384615384615
0 0.65625 0.43149038461538464 0.014423076923076924 0.021634615384615384
0 0.5180288461538461 0.45913461538461536 0.02403846153846154 0.014423076923076924
0 0.4579326923076923 0.46033653846153844 0.004807692307692308 0.03125
0 0.4074519230769231 0.21033653846153846 0.019230769230769232 0.021634615384615384
0 0.5973557692307693 0.125 0.014423076923076924 0.026442307692307692
0 0.953125 0.09495192307692307 0.019230769230769232 0.021634615384615384
0 0.5216346153846154 0.3605769230769231 0.014423076923076924 0.021634615384615384
0 0.5036057692307693 0.6033653846153846 0.014423076923076924 0.026442307692307692
0 0.7548076923076923 0.5973557692307693 0.007211538461538462 0.026442307692307692
0 0.6574519230769231 0.5588942307692307 0.021634615384615384 0.019230769230769232
0 0.4831730769230769 0.5540865384615384 0.009615384615384616 0.036057692307692304
0 0.21634615384615385 0.5144230769230769 0.019230769230769232 0.021634615384615384