0 0.5673076923076923 0.10576923076923077 0.026442307692307692 0.036057692307692304
0 0.7776442307692307 0.46875 0.02403846153846154 0.038461538461538464
0 0.6730769230769231 0.5144230769230769 0.016826923076923076 0.036057692307692304
0 0.47716346153846156 0.3269230769230769 0.02403846153846154 0.02403846153846154
0 0.15745192307692307 0.5036057692307693 0.021634615384615384 0.028846153846153848
0 0.5060096153846154 0.4987980769230769 0.021634615384615384 0.014423076923076924
0 0.6610576923076923 0.20552884615384615 0.02403846153846154 0.02403846153846154
0 0.5600961538461539 0.1622596153846154 0.014423076923076924 0.014423076923076924
0 0.43509615384615385 0.5336538461538461 0.019230769230769232 0.02403846153846154
0 0.5697115384615384 0.6778846153846154 0.021634615384615384 0.028846153846153848
0 0.5997596153846154 0.3112980769230769 0.03125 0.026442307692307692
0 0.8173076923076923 0.640625 0.009615384615384616 0.021634615384615384
0 0.5372596153846154 0.6081730769230769 0.026442307692307692 0.036057692307692304
0 0.6634615384615384 0.45072115384615385 0.016826923076923076 0.02403846153846154
0 0.5228365384615384 0.46153846153846156 0.02403846153846154 0.016826923076923076
0 0.4639423076923077 0.45552884615384615 0.007211538461538462 0.03125
0 0.44350961538461536 0.20072115384615385 0.019230769230769232 0.02403846153846154
0 0.6430288461538461 0.13942307692307693 0.019230769230769232 0.026442307692307692
0 0.9927884615384616 0.15504807692307693 0.009615384615384616 0.026442307692307692
0 0.5384615384615384 0.36538461538461536 0.016826923076923076 0.02403846153846154
0 0.49038461538461536 0.6033653846153846 0.019230769230769232 0.026442307692307692
0 0.7403846153846154 0.6274038461538461 0.009615384615384616 0.026442307692307692
0 0.6502403846153846 0.5769230769230769 0.021634615384615384 0.019230769230769232
0 0.47596153846153844 0.5516826923076923 0.01201923076923077 0.036057692307692304
0 0.21634615384615385 0.4795673076923077 0.019230769230769232 0.02403846153846154