0 0.484375 0.5877403846153846 0.016826923076923076 0.02403846153846154
0 0.6045673076923077 0.23918269230769232 0.021634615384615384 0.02403846153846154
0 0.43028846153846156 0.31850961538461536 0.026442307692307692 0.03125
0 0.44591346153846156 0.22716346153846154 0.009615384615384616 0.019230769230769232
0 0.6838942307692307 0.3918269230769231 0.021634615384615384 0.02403846153846154
0 0.65625 0.234375 0.01201923076923077 0.019230769230769232
0 0.5600961538461539 0.6682692307692307 0.016826923076923076 0.02403846153846154
0 0.703125 0.4567307692307692 0.014423076923076924 0.02403846153846154
0 0.5228365384615384 0.2536057692307692 0.016826923076923076 0.019230769230769232
0 0.8605769230769231 0.38221153846153844 0.014423076923076924 0.02403846153846154
0 0.7475961538461539 0.4362980769230769 0.014423076923076924 0.02403846153846154
0 0.5576923076923077 0.1814903846153846 0.014423076923076924 0.02403846153846154
0 0.5192307692307693 0.3016826923076923 0.021634615384615384 0.019230769230769232
0 0.5685096153846154 0.2692307692307692 0.02403846153846154 0.019230769230769232
0 0.5733173076923077 0.44591346153846156 0.016826923076923076 0.02403846153846154
0 0.484375 0.20673076923076922 0.026442307692307692 0.03125
0 0.609375 0.296875 0.016826923076923076 0.03125
0 0.7391826923076923 0.3581730769230769 0.021634615384615384 0.02403846153846154
0 0.7512019230769231 0.5108173076923077 0.01201923076923077 0.019230769230769232
0 0.7019230769230769 0.30649038461538464 0.016826923076923076 0.02403846153846154
0 0.3389423076923077 0.29927884615384615 0.021634615384615384 0.019230769230769232
0 0.39783653846153844 0.27403846153846156 0.014423076923076924 0.02403846153846154
0 0.6225961538461539 0.20552884615384615 0.021634615384615384 0.03125