0 0.49759615384615385 0.5889423076923077 0.019230769230769232 0.026442307692307692
0 0.5625 0.22596153846153846 0.02403846153846154 0.028846153846153848
0 0.4026442307692308 0.3317307692307692 0.028846153846153848 0.03365384615384615
0 0.40384615384615385 0.23918269230769232 0.01201923076923077 0.019230769230769232
0 0.6646634615384616 0.3641826923076923 0.02403846153846154 0.028846153846153848
0 0.6117788461538461 0.2127403846153846 0.014423076923076924 0.019230769230769232
0 0.5865384615384616 0.65625 0.019230769230769232 0.026442307692307692
0 0.6947115384615384 0.4254807692307692 0.016826923076923076 0.026442307692307692
0 0.484375 0.25240384615384615 0.019230769230769232 0.021634615384615384
0 0.8377403846153846 0.3269230769230769 0.016826923076923076 0.026442307692307692
0 0.734375 0.39903846153846156 0.016826923076923076 0.026442307692307692
0 0.5072115384615384 0.17668269230769232 0.016826923076923076 0.026442307692307692
0 0.4879807692307692 0.3004807692307692 0.02403846153846154 0.021634615384615384
0 0.53125 0.2608173076923077 0.026442307692307692 0.021634615384615384
0 0.5637019230769231 0.43509615384615385 0.019230769230769232 0.026442307692307692
0 0.4387019230769231 0.2127403846153846 0.028846153846153848 0.03365384615384615
0 0.5769230769230769 0.2824519230769231 0.021634615384615384 0.03365384615384615
0 0.7139423076923077 0.3233173076923077 0.02403846153846154 0.028846153846153848
0 0.75 0.47115384615384615 0.014423076923076924 0.019230769230769232
0 0.6694711538461539 0.2776442307692308 0.019230769230769232 0.026442307692307692
0 0.31009615384615385 0.3269230769230769 0.02403846153846154 0.021634615384615384
0 0.3641826923076923 0.2932692307692308 0.016826923076923076 0.026442307692307692
0 0.5757211538461539 0.18990384615384615 0.026442307692307692 0.03365384615384615