0 0.49158653846153844 0.5889423076923077 0.019230769230769232 0.026442307692307692
0 0.5817307692307693 0.23076923076923078 0.02403846153846154 0.026442307692307692
0 0.41466346153846156 0.3245192307692308 0.028846153846153848 0.03365384615384615
0 0.421875 0.23317307692307693 0.01201923076923077 0.019230769230769232
0 0.6742788461538461 0.3762019230769231 0.02403846153846154 0.026442307692307692
0 0.6322115384615384 0.22115384615384615 0.014423076923076924 0.019230769230769232
0 0.5745192307692307 0.6622596153846154 0.019230769230769232 0.026442307692307692
0 0.6995192307692307 0.4387019230769231 0.014423076923076924 0.026442307692307692
0 0.5012019230769231 0.25240384615384615 0.016826923076923076 0.019230769230769232
0 0.8497596153846154 0.35096153846153844 0.014423076923076924 0.026442307692307692
0 0.7403846153846154 0.41466346153846156 0.014423076923076924 0.026442307692307692
0 0.5300480769230769 0.1778846153846154 0.014423076923076924 0.026442307692307692
0 0.5024038461538461 0.3004807692307692 0.021634615384615384 0.021634615384615384
0 0.5480769230769231 0.2644230769230769 0.026442307692307692 0.021634615384615384
0 0.5685096153846154 0.43990384615384615 0.019230769230769232 0.026442307692307692
0 0.45913461538461536 0.2091346153846154 0.028846153846153848 0.03365384615384615
0 0.5913461538461539 0.28846153846153844 0.019230769230769232 0.03125
0 0.7259615384615384 0.3389423076923077 0.02403846153846154 0.026442307692307692
0 0.7512019230769231 0.4891826923076923 0.014423076923076924 0.019230769230769232
0 0.6838942307692307 0.28966346153846156 0.019230769230769232 0.026442307692307692
0 0.32211538461538464 0.3137019230769231 0.021634615384615384 0.021634615384615384
0 0.3786057692307692 0.28365384615384615 0.014423076923076924 0.026442307692307692
0 0.5973557692307693 0.19591346153846154 0.02403846153846154 0.03365384615384615