0 0.5925480769230769 0.4423076923076923 0.04326923076923077 0.040865384615384616
0 0.3786057692307692 0.8052884615384616 0.038461538461538464 0.036057692307692304
0 0.3173076923076923 0.8425480769230769 0.028846153846153848 0.040865384615384616
0 0.25 0.9314903846153846 0.036057692307692304 0.026442307692307692
0 0.31490384615384615 0.9086538461538461 0.03125 0.040865384615384616
0 0.5625 0.7776442307692307 0.019230769230769232 0.036057692307692304
0 0.4387019230769231 0.7860576923076923 0.028846153846153848 0.036057692307692304
0 0.4098557692307692 0.7788461538461539 0.02403846153846154 0.021634615384615384
0 0.30528846153846156 0.3786057692307692 0.03125 0.036057692307692304
0 0.5528846153846154 0.375 0.02403846153846154 0.040865384615384616
0 0.2247596153846154 0.8076923076923077 0.028846153846153848 0.036057692307692304
0 0.1466346153846154 0.8449519230769231 0.019230769230769232 0.040865384615384616