0 0.5769230769230769 0.4230769230769231 0.05048076923076923 0.04807692307692308
0 0.4495192307692308 0.8257211538461539 0.04567307692307692 0.04326923076923077
0 0.39903846153846156 0.875 0.036057692307692304 0.04567307692307692
0 0.35336538461538464 0.9771634615384616 0.038461538461538464 0.03125
0 0.41225961538461536 0.9399038461538461 0.038461538461538464 0.04567307692307692
0 0.6237980769230769 0.7560096153846154 0.026442307692307692 0.038461538461538464
0 0.5048076923076923 0.7932692307692307 0.03365384615384615 0.040865384615384616
0 0.47475961538461536 0.7920673076923077 0.026442307692307692 0.02403846153846154
0 0.2824519230769231 0.4254807692307692 0.038461538461538464 0.040865384615384616
0 0.5228365384615384 0.36658653846153844 0.03125 0.04567307692307692
0 0.3016826923076923 0.8617788461538461 0.03365384615384615 0.040865384615384616
0 0.23317307692307693 0.9158653846153846 0.026442307692307692 0.04326923076923077