0 0.5168269230769231 0.47596153846153844 0.028846153846153848 0.019230769230769232
0 0.5745192307692307 0.34975961538461536 0.026442307692307692 0.02403846153846154
0 0.6358173076923077 0.3389423076923077 0.028846153846153848 0.026442307692307692
0 0.30288461538461536 0.44471153846153844 0.019230769230769232 0.014423076923076924
0 0.33052884615384615 0.47475961538461536 0.02403846153846154 0.019230769230769232
0 0.43149038461538464 0.38100961538461536 0.021634615384615384 0.02403846153846154
0 0.5072115384615384 0.3076923076923077 0.03365384615384615 0.026442307692307692
0 0.5793269230769231 0.5132211538461539 0.02403846153846154 0.02403846153846154
0 0.7175480769230769 0.48197115384615385 0.03365384615384615 0.026442307692307692
0 0.7860576923076923 0.3737980769230769 0.028846153846153848 0.019230769230769232
0 0.8629807692307693 0.3016826923076923 0.028846153846153848 0.02403846153846154
0 0.8293269230769231 0.27163461538461536 0.026442307692307692 0.019230769230769232
0 0.35216346153846156 0.4411057692307692 0.02403846153846154 0.019230769230769232
0 0.4951923076923077 0.6117788461538461 0.026442307692307692 0.026442307692307692
0 0.6514423076923077 0.41466346153846156 0.028846153846153848 0.02403846153846154
0 0.6826923076923077 0.36899038461538464 0.036057692307692304 0.026442307692307692
0 0.3605769230769231 0.38100961538461536 0.021634615384615384 0.021634615384615384
0 0.43990384615384615 0.5528846153846154 0.014423076923076924 0.016826923076923076
0 0.4206730769230769 0.49158653846153844 0.026442307692307692 0.021634615384615384
0 0.5697115384615384 0.65625 0.02403846153846154 0.02403846153846154
0 0.6538461538461539 0.4495192307692308 0.026442307692307692 0.026442307692307692
0 0.6454326923076923 0.5240384615384616 0.04567307692307692 0.028846153846153848
0 0.765625 0.44591346153846156 0.03365384615384615 0.026442307692307692
0 0.3942307692307692 0.4170673076923077 0.021634615384615384 0.019230769230769232
0 0.5576923076923077 0.4266826923076923 0.03125 0.02403846153846154
0 0.7692307692307693 0.24639423076923078 0.021634615384615384 0.021634615384615384
0 0.2920673076923077 0.5516826923076923 0.03365384615384615 0.02403846153846154
0 0.4579326923076923 0.6538461538461539 0.03365384615384615 0.026442307692307692
0 0.38100961538461536 0.49038461538461536 0.021634615384615384 0.02403846153846154
0 0.44591346153846156 0.5925480769230769 0.026442307692307692 0.021634615384615384
0 0.46875 0.4206730769230769 0.03125 0.021634615384615384
0 0.5204326923076923 0.375 0.028846153846153848 0.019230769230769232
0 0.4411057692307692 0.515625 0.021634615384615384 0.019230769230769232
0 0.30649038461538464 0.6670673076923077 0.02403846153846154 0.028846153846153848
0 0.4050480769230769 0.5336538461538461 0.03125 0.021634615384615384