0 0.5144230769230769 0.47475961538461536 0.028846153846153848 0.016826923076923076
0 0.5576923076923077 0.3425480769230769 0.02403846153846154 0.021634615384615384
0 0.6177884615384616 0.32572115384615385 0.028846153846153848 0.02403846153846154
0 0.2980769230769231 0.4651442307692308 0.019230769230769232 0.014423076923076924
0 0.3293269230769231 0.49278846153846156 0.02403846153846154 0.016826923076923076
0 0.41947115384615385 0.38822115384615385 0.019230769230769232 0.021634615384615384
0 0.48677884615384615 0.3076923076923077 0.03365384615384615 0.021634615384615384
0 0.5805288461538461 0.5048076923076923 0.02403846153846154 0.02403846153846154
0 0.7151442307692307 0.45913461538461536 0.03365384615384615 0.02403846153846154
0 0.7716346153846154 0.34375 0.026442307692307692 0.016826923076923076
0 0.8401442307692307 0.2644230769230769 0.028846153846153848 0.021634615384615384
0 0.8040865384615384 0.23798076923076922 0.026442307692307692 0.016826923076923076
0 0.34615384615384615 0.4567307692307692 0.02403846153846154 0.016826923076923076
0 0.5072115384615384 0.6117788461538461 0.026442307692307692 0.02403846153846154
0 0.6418269230769231 0.39903846153846156 0.028846153846153848 0.021634615384615384
0 0.6682692307692307 0.34975961538461536 0.03365384615384615 0.02403846153846154
0 0.34975961538461536 0.39663461538461536 0.019230769230769232 0.021634615384615384
0 0.44471153846153844 0.5588942307692307 0.014423076923076924 0.014423076923076924
0 0.4206730769230769 0.5 0.02403846153846154 0.019230769230769232
0 0.5865384615384616 0.6478365384615384 0.021634615384615384 0.02403846153846154
0 0.6478365384615384 0.4326923076923077 0.02403846153846154 0.02403846153846154
0 0.6478365384615384 0.5096153846153846 0.04326923076923077 0.026442307692307692
0 0.7584134615384616 0.4182692307692308 0.03365384615384615 0.021634615384615384
0 0.3858173076923077 0.42788461538461536 0.019230769230769232 0.019230769230769232
0 0.5504807692307693 0.421875 0.03125 0.021634615384615384
0 0.7415865384615384 0.21875 0.019230769230769232 0.021634615384615384
0 0.2980769230769231 0.5721153846153846 0.03125 0.019230769230769232
0 0.47475961538461536 0.6574519230769231 0.03125 0.02403846153846154
0 0.38100961538461536 0.5024038461538461 0.021634615384615384 0.02403846153846154
0 0.45552884615384615 0.5985576923076923 0.02403846153846154 0.019230769230769232
0 0.46033653846153844 0.42427884615384615 0.028846153846153848 0.019230769230769232
0 0.5072115384615384 0.3737980769230769 0.026442307692307692 0.016826923076923076
0 0.44350961538461536 0.5216346153846154 0.019230769230769232 0.016826923076923076
0 0.32572115384615385 0.6862980769230769 0.021634615384615384 0.028846153846153848
0 0.40865384615384615 0.5432692307692307 0.028846153846153848 0.019230769230769232