0 0.4855769230769231 0.6129807692307693 0.03125 0.028846153846153848
0 0.4519230769230769 0.6213942307692307 0.019230769230769232 0.026442307692307692
0 0.5865384615384616 0.6754807692307693 0.019230769230769232 0.019230769230769232
0 0.28125 0.5360576923076923 0.02403846153846154 0.028846153846153848
0 0.3713942307692308 0.5192307692307693 0.016826923076923076 0.021634615384615384
0 0.22115384615384615 0.5060096153846154 0.021634615384615384 0.014423076923076924
0 0.2824519230769231 0.45072115384615385 0.016826923076923076 0.016826923076923076
0 0.3389423076923077 0.5552884615384616 0.03365384615384615 0.016826923076923076
0 0.4543269230769231 0.5300480769230769 0.014423076923076924 0.014423076923076924
0 0.43149038461538464 0.5084134615384616 0.016826923076923076 0.016826923076923076
0 0.5612980769230769 0.7211538461538461 0.028846153846153848 0.019230769230769232
0 0.6021634615384616 0.7163461538461539 0.028846153846153848 0.019230769230769232
0 0.34134615384615385 0.734375 0.03125 0.026442307692307692
0 0.5228365384615384 0.5721153846153846 0.019230769230769232 0.019230769230769232
0 0.4230769230769231 0.6057692307692307 0.019230769230769232 0.021634615384615384
0 0.3786057692307692 0.4831730769230769 0.01201923076923077 0.02403846153846154
0 0.4951923076923077 0.7247596153846154 0.02403846153846154 0.021634615384615384
0 0.38341346153846156 0.6502403846153846 0.01201923076923077 0.014423076923076924
0 0.20192307692307693 0.6682692307692307 0.021634615384615384 0.02403846153846154
0 0.5841346153846154 0.640625 0.021634615384615384 0.021634615384615384
0 0.5456730769230769 0.6466346153846154 0.019230769230769232 0.016826923076923076
0 0.29927884615384615 0.6526442307692307 0.019230769230769232 0.019230769230769232