0 0.4831730769230769 0.6129807692307693 0.03125 0.028846153846153848
0 0.45072115384615385 0.6213942307692307 0.019230769230769232 0.026442307692307692
0 0.5841346153846154 0.6778846153846154 0.021634615384615384 0.019230769230769232
0 0.28125 0.5324519230769231 0.026442307692307692 0.028846153846153848
0 0.3701923076923077 0.5168269230769231 0.016826923076923076 0.021634615384615384
0 0.22115384615384615 0.5012019230769231 0.021634615384615384 0.014423076923076924
0 0.28365384615384615 0.44711538461538464 0.016826923076923076 0.016826923076923076
0 0.3389423076923077 0.5528846153846154 0.03365384615384615 0.016826923076923076
0 0.4543269230769231 0.5288461538461539 0.014423076923076924 0.014423076923076924
0 0.43149038461538464 0.5072115384615384 0.016826923076923076 0.016826923076923076
0 0.5576923076923077 0.7223557692307693 0.028846153846153848 0.019230769230769232
0 0.5985576923076923 0.7175480769230769 0.028846153846153848 0.021634615384615384
0 0.33653846153846156 0.7319711538461539 0.03125 0.026442307692307692
0 0.5216346153846154 0.5733173076923077 0.021634615384615384 0.019230769230769232
0 0.421875 0.6045673076923077 0.019230769230769232 0.021634615384615384
0 0.3786057692307692 0.4807692307692308 0.014423076923076924 0.026442307692307692
0 0.49158653846153844 0.7247596153846154 0.02403846153846154 0.021634615384615384
0 0.38100961538461536 0.6478365384615384 0.01201923076923077 0.014423076923076924
0 0.19951923076923078 0.6634615384615384 0.021634615384615384 0.026442307692307692
0 0.5817307692307693 0.6418269230769231 0.021634615384615384 0.021634615384615384
0 0.5432692307692307 0.6466346153846154 0.019230769230769232 0.016826923076923076
0 0.296875 0.6490384615384616 0.021634615384615384 0.021634615384615384