0 0.4735576923076923 0.6105769230769231 0.03365384615384615 0.028846153846153848
0 0.43990384615384615 0.6165865384615384 0.021634615384615384 0.026442307692307692
0 0.5685096153846154 0.6838942307692307 0.021634615384615384 0.021634615384615384
0 0.27884615384615385 0.5132211538461539 0.026442307692307692 0.028846153846153848
0 0.3701923076923077 0.5060096153846154 0.016826923076923076 0.02403846153846154
0 0.22235576923076922 0.47716346153846156 0.021634615384615384 0.016826923076923076
0 0.28846153846153844 0.42908653846153844 0.016826923076923076 0.019230769230769232
0 0.33413461538461536 0.5384615384615384 0.03365384615384615 0.019230769230769232
0 0.4519230769230769 0.5252403846153846 0.016826923076923076 0.016826923076923076
0 0.43149038461538464 0.5012019230769231 0.016826923076923076 0.016826923076923076
0 0.5372596153846154 0.7259615384615384 0.03125 0.021634615384615384
0 0.5793269230769231 0.7247596153846154 0.028846153846153848 0.021634615384615384
0 0.3173076923076923 0.7175480769230769 0.03125 0.028846153846153848
0 0.5144230769230769 0.5745192307692307 0.021634615384615384 0.021634615384615384
0 0.41225961538461536 0.5973557692307693 0.019230769230769232 0.02403846153846154
0 0.38100961538461536 0.4699519230769231 0.014423076923076924 0.026442307692307692
0 0.47115384615384615 0.7235576923076923 0.02403846153846154 0.02403846153846154
0 0.36778846153846156 0.6370192307692307 0.014423076923076924 0.014423076923076924
0 0.18629807692307693 0.6358173076923077 0.02403846153846154 0.026442307692307692
0 0.5697115384615384 0.6490384615384616 0.02403846153846154 0.02403846153846154
0 0.53125 0.6502403846153846 0.019230769230769232 0.019230769230769232
0 0.28365384615384615 0.6310096153846154 0.021634615384615384 0.021634615384615384