1 0.203125 0.7692307692307693 0.03365384615384615 0.04326923076923077
1 0.2548076923076923 0.7403846153846154 0.028846153846153848 0.040865384615384616
1 0.4338942307692308 0.6742788461538461 0.03365384615384615 0.028846153846153848
1 0.25841346153846156 0.4362980769230769 0.04567307692307692 0.06009615384615385
1 0.17548076923076922 0.45552884615384615 0.028846153846153848 0.03365384615384615
1 0.3798076923076923 0.296875 0.021634615384615384 0.028846153846153848
1 0.53125 0.6646634615384616 0.02403846153846154 0.028846153846153848
1 0.5372596153846154 0.6057692307692307 0.021634615384615384 0.021634615384615384
1 0.5012019230769231 0.5168269230769231 0.02403846153846154 0.028846153846153848
1 0.5360576923076923 0.5240384615384616 0.02403846153846154 0.02403846153846154
1 0.44591346153846156 0.39903846153846156 0.019230769230769232 0.021634615384615384
1 0.625 0.4675480769230769 0.02403846153846154 0.028846153846153848
1 0.6730769230769231 0.5108173076923077 0.019230769230769232 0.02403846153846154
1 0.6598557692307693 0.5925480769230769 0.016826923076923076 0.02403846153846154
1 0.5961538461538461 0.6538461538461539 0.016826923076923076 0.019230769230769232
1 0.25961538461538464 0.3293269230769231 0.040865384615384616 0.038461538461538464
1 0.09134615384615384 0.6995192307692307 0.016826923076923076 0.02403846153846154
1 0.37259615384615385 0.1310096153846154 0.026442307692307692 0.03125
1 0.4362980769230769 0.12620192307692307 0.03365384615384615 0.038461538461538464
1 0.5384615384615384 0.27163461538461536 0.040865384615384616 0.04807692307692308
1 0.6466346153846154 0.296875 0.03365384615384615 0.038461538461538464
1 0.21514423076923078 0.26802884615384615 0.021634615384615384 0.021634615384615384
1 0.6262019230769231 0.3942307692307692 0.021634615384615384 0.021634615384615384
1 0.5552884615384616 0.3894230769230769 0.02403846153846154 0.03125
1 0.5685096153846154 0.42788461538461536 0.016826923076923076 0.019230769230769232
1 0.5300480769230769 0.21514423076923078 0.021634615384615384 0.026442307692307692
1 0.5396634615384616 0.19110576923076922 0.021634615384615384 0.02403846153846154
1 0.3762019230769231 0.21514423076923078 0.019230769230769232 0.016826923076923076
1 0.5516826923076923 0.1310096153846154 0.019230769230769232 0.019230769230769232
1 0.49278846153846156 0.15384615384615385 0.019230769230769232 0.02403846153846154
1 0.296875 0.5216346153846154 0.021634615384615384 0.026442307692307692