1 0.32572115384615385 0.8605769230769231 0.03365384615384615 0.040865384615384616
1 0.3629807692307692 0.8149038461538461 0.028846153846153848 0.040865384615384616
1 0.5036057692307693 0.6862980769230769 0.03365384615384615 0.028846153846153848
1 0.2512019230769231 0.53125 0.04567307692307692 0.06009615384615385
1 0.18269230769230768 0.5805288461538461 0.026442307692307692 0.03125
1 0.3125 0.35697115384615385 0.021634615384615384 0.028846153846153848
1 0.5913461538461539 0.6418269230769231 0.021634615384615384 0.028846153846153848
1 0.5745192307692307 0.5841346153846154 0.019230769230769232 0.021634615384615384
1 0.5072115384615384 0.5144230769230769 0.02403846153846154 0.028846153846153848
1 0.5420673076923077 0.5084134615384616 0.021634615384615384 0.02403846153846154
1 0.4110576923076923 0.4266826923076923 0.016826923076923076 0.021634615384615384
1 0.6033653846153846 0.4230769230769231 0.021634615384615384 0.028846153846153848
1 0.6646634615384616 0.44471153846153844 0.016826923076923076 0.02403846153846154
1 0.6826923076923077 0.5264423076923077 0.014423076923076924 0.02403846153846154
1 0.6466346153846154 0.6069711538461539 0.016826923076923076 0.019230769230769232
1 0.21394230769230768 0.4326923076923077 0.040865384615384616 0.038461538461538464
1 0.19591346153846154 0.8377403846153846 0.016826923076923076 0.02403846153846154
1 0.2439903846153846 0.20552884615384615 0.026442307692307692 0.028846153846153848
1 0.3016826923076923 0.1778846153846154 0.03365384615384615 0.036057692307692304
1 0.45072115384615385 0.27283653846153844 0.038461538461538464 0.04807692307692308
1 0.5600961538461539 0.25600961538461536 0.03365384615384615 0.036057692307692304
1 0.14903846153846154 0.3918269230769231 0.019230769230769232 0.021634615384615384
1 0.5769230769230769 0.3545673076923077 0.021634615384615384 0.021634615384615384
1 0.5096153846153846 0.3762019230769231 0.02403846153846154 0.03125
1 0.5360576923076923 0.40865384615384615 0.016826923076923076 0.019230769230769232
1 0.4206730769230769 0.2247596153846154 0.021634615384615384 0.026442307692307692
1 0.421875 0.19951923076923078 0.021634615384615384 0.02403846153846154
1 0.27884615384615385 0.2824519230769231 0.019230769230769232 0.016826923076923076
1 0.4098557692307692 0.13942307692307693 0.019230769230769232 0.019230769230769232
1 0.3629807692307692 0.18269230769230768 0.016826923076923076 0.02403846153846154
1 0.32091346153846156 0.5961538461538461 0.021634615384615384 0.026442307692307692