1 0.24879807692307693 0.8112980769230769 0.028846153846153848 0.038461538461538464
1 0.2956730769230769 0.7752403846153846 0.02403846153846154 0.038461538461538464
1 0.46153846153846156 0.6826923076923077 0.03125 0.026442307692307692
1 0.2512019230769231 0.47475961538461536 0.038461538461538464 0.055288461538461536
1 0.171875 0.5072115384615384 0.02403846153846154 0.028846153846153848
1 0.34975961538461536 0.31850961538461536 0.019230769230769232 0.026442307692307692
1 0.5564903846153846 0.6586538461538461 0.019230769230769232 0.026442307692307692
1 0.5540865384615384 0.5985576923076923 0.016826923076923076 0.019230769230769232
1 0.5036057692307693 0.515625 0.021634615384615384 0.026442307692307692
1 0.5384615384615384 0.5180288461538461 0.019230769230769232 0.021634615384615384
1 0.43028846153846156 0.40865384615384615 0.014423076923076924 0.019230769230769232
1 0.6177884615384616 0.4483173076923077 0.019230769230769232 0.026442307692307692
1 0.6730769230769231 0.484375 0.014423076923076924 0.021634615384615384
1 0.671875 0.5673076923076923 0.01201923076923077 0.021634615384615384
1 0.6189903846153846 0.6370192307692307 0.014423076923076924 0.016826923076923076
1 0.23557692307692307 0.36899038461538464 0.036057692307692304 0.03365384615384615
1 0.12740384615384615 0.7608173076923077 0.014423076923076924 0.021634615384615384
1 0.3173076923076923 0.15625 0.02403846153846154 0.026442307692307692
1 0.3786057692307692 0.140625 0.028846153846153848 0.03365384615384615
1 0.5024038461538461 0.26802884615384615 0.03365384615384615 0.04326923076923077
1 0.6129807692307693 0.2764423076923077 0.028846153846153848 0.03365384615384615
1 0.18269230769230768 0.3161057692307692 0.016826923076923076 0.019230769230769232
1 0.6081730769230769 0.3762019230769231 0.019230769230769232 0.019230769230769232
1 0.5372596153846154 0.38100961538461536 0.021634615384615384 0.028846153846153848
1 0.5564903846153846 0.4182692307692308 0.014423076923076924 0.016826923076923076
1 0.484375 0.21394230769230768 0.019230769230769232 0.02403846153846154
1 0.49158653846153844 0.18870192307692307 0.019230769230769232 0.021634615384615384
1 0.3329326923076923 0.23798076923076922 0.016826923076923076 0.014423076923076924
1 0.49278846153846156 0.12740384615384615 0.016826923076923076 0.016826923076923076
1 0.4387019230769231 0.15985576923076922 0.014423076923076924 0.021634615384615384
1 0.30288461538461536 0.5540865384615384 0.019230769230769232 0.02403846153846154