1 0.4807692307692308 0.4951923076923077 0.025240384615384616 0.051682692307692304
1 0.36658653846153844 0.5120192307692307 0.020432692307692308 0.039663461538461536
1 0.5360576923076923 0.515625 0.02283653846153846 0.039663461538461536
1 0.3870192307692308 0.5192307692307693 0.016826923076923076 0.028846153846153848
1 0.5552884615384616 0.5348557692307693 0.02283653846153846 0.039663461538461536
1 0.4387019230769231 0.5588942307692307 0.02283653846153846 0.054086538461538464
1 0.34134615384615385 0.5661057692307693 0.021634615384615384 0.03365384615384615
1 0.47596153846153844 0.5721153846153846 0.02283653846153846 0.04326923076923077
1 0.39302884615384615 0.5817307692307693 0.026442307692307692 0.04567307692307692
1 0.3786057692307692 0.5841346153846154 0.026442307692307692 0.03485576923076923
1 0.390625 0.6129807692307693 0.019230769230769232 0.039663461538461536
1 0.46033653846153844 0.6129807692307693 0.026442307692307692 0.051682692307692304
1 0.3798076923076923 0.6334134615384616 0.028846153846153848 0.054086538461538464
1 0.4338942307692308 0.6370192307692307 0.027644230769230768 0.03125
1 0.33533653846153844 0.6442307692307693 0.018028846153846152 0.037259615384615384
1 0.39783653846153844 0.7091346153846154 0.027644230769230768 0.04326923076923077
1 0.32572115384615385 0.7199519230769231 0.03485576923076923 0.04326923076923077