1 0.7319711538461539 0.38100961538461536 0.04567307692307692 0.040865384615384616
1 0.6887019230769231 0.4423076923076923 0.04567307692307692 0.04927884615384615
1 0.3004807692307692 0.5612980769230769 0.028846153846153848 0.040865384615384616
1 0.25961538461538464 0.5625 0.026442307692307692 0.036057692307692304
1 0.27283653846153844 0.5961538461538461 0.030048076923076924 0.030048076923076924
1 0.37740384615384615 0.6177884615384616 0.03125 0.039663461538461536
1 0.5829326923076923 0.6598557692307693 0.03485576923076923 0.03245192307692308
1 0.4951923076923077 0.6622596153846154 0.040865384615384616 0.04567307692307692
1 0.47596153846153844 0.6634615384615384 0.028846153846153848 0.03245192307692308
1 0.453125 0.6971153846153846 0.03125 0.037259615384615384
1 0.5240384615384616 0.6971153846153846 0.03365384615384615 0.03125
1 0.4807692307692308 0.7043269230769231 0.03365384615384615 0.03125
1 0.4639423076923077 0.7379807692307693 0.03365384615384615 0.036057692307692304
1 0.47836538461538464 0.7752403846153846 0.026442307692307692 0.018028846153846152
1 0.3401442307692308 0.7944711538461539 0.038461538461538464 0.036057692307692304
1 0.45552884615384615 0.8028846153846154 0.03125 0.030048076923076924
1 0.3954326923076923 0.8185096153846154 0.04447115384615385 0.037259615384615384