1 0.4495192307692308 0.27163461538461536 0.020432692307692308 0.055288461538461536
1 0.41586538461538464 0.296875 0.021634615384615384 0.039663461538461536
1 0.6274038461538461 0.3713942307692308 0.025240384615384616 0.051682692307692304
1 0.6201923076923077 0.43990384615384615 0.02283653846153846 0.04567307692307692
1 0.421875 0.4495192307692308 0.026442307692307692 0.051682692307692304
1 0.5829326923076923 0.4579326923076923 0.02283653846153846 0.04807692307692308
1 0.36899038461538464 0.4831730769230769 0.027644230769230768 0.06009615384615385
1 0.6141826923076923 0.4951923076923077 0.02283653846153846 0.05889423076923077
1 0.4735576923076923 0.5024038461538461 0.03245192307692308 0.07091346153846154
1 0.3942307692307692 0.5120192307692307 0.03245192307692308 0.0625
1 0.375 0.5540865384615384 0.026442307692307692 0.056490384615384616
1 0.5240384615384616 0.5637019230769231 0.028846153846153848 0.06490384615384616
1 0.6189903846153846 0.6141826923076923 0.03365384615384615 0.0625
1 0.6911057692307693 0.6201923076923077 0.028846153846153848 0.06971153846153846
1 0.24879807692307693 0.6346153846153846 0.019230769230769232 0.054086538461538464
1 0.7451923076923077 0.671875 0.026442307692307692 0.06009615384615385
1 0.32211538461538464 0.7391826923076923 0.020432692307692308 0.051682692307692304
1 0.6081730769230769 0.7716346153846154 0.02403846153846154 0.051682692307692304
1 0.6766826923076923 0.78125 0.03245192307692308 0.06971153846153846