1 0.43149038461538464 0.1045673076923077 0.04326923076923077 0.06610576923076923
1 0.36177884615384615 0.14903846153846154 0.04326923076923077 0.057692307692307696
1 0.25 0.15504807692307693 0.052884615384615384 0.07091346153846154
1 0.5144230769230769 0.15745192307692307 0.056490384615384616 0.06610576923076923
1 0.4170673076923077 0.16947115384615385 0.052884615384615384 0.0625
1 0.7548076923076923 0.19831730769230768 0.05048076923076923 0.04927884615384615
1 0.5336538461538461 0.23798076923076922 0.06009615384615385 0.08413461538461539
1 0.7716346153846154 0.24879807692307693 0.04326923076923077 0.0625
1 0.3233173076923077 0.25600961538461536 0.052884615384615384 0.06610576923076923
1 0.8737980769230769 0.30408653846153844 0.046875 0.06610576923076923
1 0.8149038461538461 0.3269230769230769 0.05048076923076923 0.057692307692307696
1 0.3629807692307692 0.421875 0.052884615384615384 0.07091346153846154