1 0.5336538461538461 0.49278846153846156 0.06129807692307692 0.07692307692307693
1 0.6730769230769231 0.5516826923076923 0.06850961538461539 0.08533653846153846
1 0.7163461538461539 0.6105769230769231 0.057692307692307696 0.07692307692307693
1 0.41346153846153844 0.6802884615384616 0.06490384615384616 0.09014423076923077
1 0.5805288461538461 0.7475961538461539 0.057692307692307696 0.09014423076923077
1 0.7331730769230769 0.8173076923076923 0.06490384615384616 0.05889423076923077
1 0.34134615384615385 0.8605769230769231 0.057692307692307696 0.08052884615384616
1 0.5745192307692307 0.2704326923076923 0.040865384615384616 0.054086538461538464
1 0.3449519230769231 0.3112980769230769 0.037259615384615384 0.054086538461538464
1 0.30649038461538464 0.3112980769230769 0.040865384615384616 0.054086538461538464
1 0.36778846153846156 0.3581730769230769 0.040865384615384616 0.05889423076923077
1 0.578125 0.3605769230769231 0.040865384615384616 0.0625
1 0.24879807692307693 0.38341346153846156 0.040865384615384616 0.04447115384615385
1 0.41346153846153844 0.38461538461538464 0.05048076923076923 0.0673076923076923
1 0.31009615384615385 0.4026442307692308 0.04807692307692308 0.05889423076923077
1 0.5889423076923077 0.4254807692307692 0.054086538461538464 0.07692307692307693