1 0.15264423076923078 0.453125 0.04807692307692308 0.04927884615384615
1 0.8064903846153846 0.45913461538461536 0.06850961538461539 0.09014423076923077
1 0.37259615384615385 0.48197115384615385 0.037259615384615384 0.054086538461538464
1 0.19951923076923078 0.5108173076923077 0.07091346153846154 0.07692307692307693
1 0.2800480769230769 0.5360576923076923 0.05048076923076923 0.054086538461538464
1 0.484375 0.5745192307692307 0.057692307692307696 0.05889423076923077
1 0.4579326923076923 0.703125 0.05048076923076923 0.0625
1 0.15504807692307693 0.08533653846153846 0.04447115384615385 0.0625
1 0.31009615384615385 0.4050480769230769 0.04807692307692308 0.07211538461538461
1 0.265625 0.41466346153846156 0.04807692307692308 0.054086538461538464
1 0.3473557692307692 0.4206730769230769 0.040865384615384616 0.0673076923076923