1 0.0733173076923077 0.47115384615384615 0.03485576923076923 0.03125
1 0.3581730769230769 0.49759615384615385 0.027644230769230768 0.03125
1 0.2620192307692308 0.5360576923076923 0.020432692307692308 0.025240384615384616
1 0.13822115384615385 0.5384615384615384 0.02283653846153846 0.030048076923076924
1 0.3581730769230769 0.5408653846153846 0.038461538461538464 0.036057692307692304
1 0.203125 0.5516826923076923 0.025240384615384616 0.020432692307692308
1 0.28725961538461536 0.5588942307692307 0.03125 0.03485576923076923
1 0.4266826923076923 0.5625 0.025240384615384616 0.027644230769230768
1 0.23798076923076922 0.5757211538461539 0.037259615384615384 0.027644230769230768
1 0.3125 0.6165865384615384 0.02403846153846154 0.028846153846153848
1 0.4026442307692308 0.6165865384615384 0.02403846153846154 0.025240384615384616
1 0.2536057692307692 0.6201923076923077 0.036057692307692304 0.03485576923076923
1 0.3713942307692308 0.6394230769230769 0.028846153846153848 0.025240384615384616
1 0.2800480769230769 0.6538461538461539 0.025240384615384616 0.02283653846153846
1 0.28125 0.6790865384615384 0.038461538461538464 0.028846153846153848
1 0.3016826923076923 0.39783653846153844 0.042067307692307696 0.03125
1 0.34134615384615385 0.40024038461538464 0.036057692307692304 0.028846153846153848
1 0.4014423076923077 0.4014423076923077 0.03365384615384615 0.03245192307692308