1 0.40024038461538464 0.4375 0.03485576923076923 0.04326923076923077
1 0.44350961538461536 0.4387019230769231 0.04447115384615385 0.040865384615384616
1 0.5913461538461539 0.484375 0.040865384615384616 0.039663461538461536
1 0.421875 0.53125 0.04447115384615385 0.03245192307692308
1 0.5252403846153846 0.6045673076923077 0.03485576923076923 0.03125
1 0.18870192307692307 0.27163461538461536 0.04447115384615385 0.042067307692307696
1 0.4519230769230769 0.27884615384615385 0.03365384615384615 0.03485576923076923
1 0.4651442307692308 0.31850961538461536 0.038461538461538464 0.028846153846153848
1 0.3389423076923077 0.3269230769230769 0.057692307692307696 0.04567307692307692
1 0.4411057692307692 0.3485576923076923 0.039663461538461536 0.03485576923076923
1 0.40384615384615385 0.38100961538461536 0.04326923076923077 0.040865384615384616
1 0.6009615384615384 0.4074519230769231 0.03485576923076923 0.036057692307692304
1 0.5685096153846154 0.41586538461538464 0.03365384615384615 0.040865384615384616