1 0.6201923076923077 0.2668269230769231 0.025240384615384616 0.02283653846153846
1 0.6538461538461539 0.26802884615384615 0.028846153846153848 0.027644230769230768
1 0.6213942307692307 0.296875 0.02403846153846154 0.02283653846153846
1 0.6478365384615384 0.3004807692307692 0.020432692307692308 0.027644230769230768
1 0.6021634615384616 0.3317307692307692 0.021634615384615384 0.028846153846153848
1 0.4807692307692308 0.3557692307692308 0.02403846153846154 0.036057692307692304
1 0.6778846153846154 0.35697115384615385 0.02283653846153846 0.027644230769230768
1 0.5612980769230769 0.3605769230769231 0.03365384615384615 0.04567307692307692
1 0.31971153846153844 0.3858173076923077 0.02403846153846154 0.027644230769230768
1 0.5973557692307693 0.38822115384615385 0.020432692307692308 0.025240384615384616
1 0.703125 0.3894230769230769 0.028846153846153848 0.03365384615384615
1 0.5324519230769231 0.39903846153846156 0.02283653846153846 0.027644230769230768
1 0.5060096153846154 0.4014423076923077 0.020432692307692308 0.021634615384615384
1 0.5588942307692307 0.41225961538461536 0.018028846153846152 0.020432692307692308
1 0.5793269230769231 0.4254807692307692 0.015625 0.03125
1 0.6274038461538461 0.4338942307692308 0.02283653846153846 0.028846153846153848
1 0.7307692307692307 0.4675480769230769 0.02403846153846154 0.02283653846153846
1 0.5576923076923077 0.47596153846153844 0.02403846153846154 0.025240384615384616
1 0.5300480769230769 0.47836538461538464 0.02283653846153846 0.030048076923076924
1 0.5949519230769231 0.4879807692307692 0.02283653846153846 0.021634615384615384
1 0.6177884615384616 0.49038461538461536 0.02403846153846154 0.030048076923076924
1 0.6754807692307693 0.5012019230769231 0.026442307692307692 0.03245192307692308
1 0.5769230769230769 0.5084134615384616 0.02283653846153846 0.021634615384615384
1 0.6370192307692307 0.5144230769230769 0.02403846153846154 0.02403846153846154
1 0.49038461538461536 0.515625 0.026442307692307692 0.028846153846153848
1 0.671875 0.5408653846153846 0.018028846153846152 0.030048076923076924
1 0.6141826923076923 0.5925480769230769 0.02283653846153846 0.02283653846153846
1 0.6766826923076923 0.6069711538461539 0.026442307692307692 0.030048076923076924
1 0.5913461538461539 0.6334134615384616 0.02403846153846154 0.02283653846153846
1 0.5336538461538461 0.6442307692307693 0.02283653846153846 0.03365384615384615
1 0.6586538461538461 0.6694711538461539 0.018028846153846152 0.025240384615384616
1 0.6322115384615384 0.7572115384615384 0.02403846153846154 0.025240384615384616