1 0.2920673076923077 0.1814903846153846 0.06129807692307692 0.07091346153846154
1 0.2247596153846154 0.19951923076923078 0.03125 0.0625
1 0.9290865384615384 0.20673076923076922 0.07692307692307693 0.08653846153846154
1 0.5492788461538461 0.21394230769230768 0.05889423076923077 0.06971153846153846
1 0.8125 0.21995192307692307 0.05889423076923077 0.06610576923076923
1 0.4050480769230769 0.265625 0.04927884615384615 0.051682692307692304
1 0.45552884615384615 0.33533653846153844 0.04807692307692308 0.055288461538461536
1 0.6009615384615384 0.36538461538461536 0.040865384615384616 0.05889423076923077
1 0.71875 0.39302884615384615 0.05048076923076923 0.06009615384615385
1 0.5144230769230769 0.39302884615384615 0.05889423076923077 0.1045673076923077
1 0.43990384615384615 0.4387019230769231 0.0625 0.078125
1 0.6370192307692307 0.04447115384615385 0.06971153846153846 0.07451923076923077
1 0.4411057692307692 0.5288461538461539 0.052884615384615384 0.08052884615384616
1 0.12259615384615384 0.06009615384615385 0.04567307692307692 0.0829326923076923
1 0.49158653846153844 0.59375 0.054086538461538464 0.0625
1 0.38221153846153844 0.671875 0.04927884615384615 0.09014423076923077
1 0.6442307692307693 0.6790865384615384 0.04567307692307692 0.07451923076923077
1 0.7584134615384616 0.07692307692307693 0.05048076923076923 0.0673076923076923
1 0.5709134615384616 0.08653846153846154 0.0625 0.05889423076923077
1 0.6814903846153846 0.10697115384615384 0.057692307692307696 0.052884615384615384
1 0.5048076923076923 0.1201923076923077 0.051682692307692304 0.06610576923076923
1 0.08413461538461539 0.140625 0.08413461538461539 0.09735576923076923