1 0.5492788461538461 0.47115384615384615 0.06490384615384616 0.08533653846153846
1 0.44711538461538464 0.5108173076923077 0.057692307692307696 0.0673076923076923
1 0.6069711538461539 0.5444711538461539 0.057692307692307696 0.0625
1 0.1814903846153846 0.5540865384615384 0.06490384615384616 0.08052884615384616
1 0.41466346153846156 0.5853365384615384 0.054086538461538464 0.0625
1 0.0733173076923077 0.6165865384615384 0.057692307692307696 0.09014423076923077
1 0.5913461538461539 0.6334134615384616 0.06129807692307692 0.07692307692307693
1 0.7548076923076923 0.6802884615384616 0.054086538461538464 0.08052884615384616
1 0.24879807692307693 0.71875 0.0889423076923077 0.09495192307692307
1 0.44591346153846156 0.7884615384615384 0.06129807692307692 0.08052884615384616
1 0.8028846153846154 0.7884615384615384 0.054086538461538464 0.0625
1 0.7620192307692307 0.8713942307692307 0.06129807692307692 0.05889423076923077
1 0.3112980769230769 0.8894230769230769 0.057692307692307696 0.07692307692307693
1 0.1935096153846154 0.8990384615384616 0.06129807692307692 0.07692307692307693
1 0.36899038461538464 0.9326923076923077 0.09134615384615384 0.07211538461538461
1 0.5889423076923077 0.9555288461538461 0.06129807692307692 0.07211538461538461
1 0.5204326923076923 0.25 0.054086538461538464 0.0673076923076923
1 0.19591346153846154 0.29447115384615385 0.06490384615384616 0.09495192307692307
1 0.5709134615384616 0.39663461538461536 0.06129807692307692 0.07211538461538461
1 0.15504807692307693 0.41225961538461536 0.08533653846153846 0.08533653846153846
1 0.234375 0.4230769230769231 0.06129807692307692 0.08052884615384616
1 0.39302884615384615 0.42788461538461536 0.06490384615384616 0.08052884615384616
1 0.6201923076923077 0.44591346153846156 0.057692307692307696 0.08052884615384616