1 0.15384615384615385 0.21514423076923078 0.04567307692307692 0.05048076923076923
1 0.5961538461538461 0.21634615384615385 0.042067307692307696 0.05048076923076923
1 0.5180288461538461 0.2247596153846154 0.04807692307692308 0.04567307692307692
1 0.21153846153846154 0.22956730769230768 0.056490384615384616 0.04567307692307692
1 0.8004807692307693 0.23076923076923078 0.05048076923076923 0.05048076923076923
1 0.44350961538461536 0.23197115384615385 0.042067307692307696 0.051682692307692304
1 0.3954326923076923 0.24278846153846154 0.05889423076923077 0.04807692307692308
1 0.4807692307692308 0.24639423076923078 0.042067307692307696 0.04567307692307692
1 0.6694711538461539 0.2608173076923077 0.051682692307692304 0.04567307692307692
1 0.5504807692307693 0.2620192307692308 0.05048076923076923 0.05048076923076923
1 0.7716346153846154 0.27163461538461536 0.04807692307692308 0.03125
1 0.5168269230769231 0.3112980769230769 0.0625 0.051682692307692304
1 0.7692307692307693 0.3245192307692308 0.06610576923076923 0.05889423076923077
1 0.3137019230769231 0.4855769230769231 0.09375 0.09615384615384616
1 0.47596153846153844 0.5072115384615384 0.08173076923076923 0.0733173076923077
1 0.19230769230769232 0.6322115384615384 0.06490384615384616 0.07692307692307693
1 0.7560096153846154 0.6550480769230769 0.07932692307692307 0.08533653846153846
1 0.2932692307692308 0.7067307692307693 0.07091346153846154 0.0625
1 0.5516826923076923 0.07211538461538461 0.05889423076923077 0.056490384615384616
1 0.18509615384615385 0.7271634615384616 0.07932692307692307 0.07091346153846154
1 0.8870192307692307 0.09134615384615384 0.054086538461538464 0.054086538461538464
1 0.4014423076923077 0.1201923076923077 0.03485576923076923 0.04326923076923077
1 0.3545673076923077 0.12139423076923077 0.054086538461538464 0.054086538461538464
1 0.6466346153846154 0.125 0.06009615384615385 0.05889423076923077
1 0.27283653846153844 0.12620192307692307 0.06610576923076923 0.06850961538461539
1 0.20192307692307693 0.12980769230769232 0.05048076923076923 0.039663461538461536
1 0.9242788461538461 0.1502403846153846 0.06850961538461539 0.05889423076923077
1 0.10096153846153846 0.16826923076923078 0.04326923076923077 0.04807692307692308
1 0.5108173076923077 0.17427884615384615 0.04567307692307692 0.039663461538461536
1 0.3137019230769231 0.17908653846153846 0.03485576923076923 0.04567307692307692
1 0.421875 0.1814903846153846 0.04807692307692308 0.042067307692307696
1 0.6995192307692307 0.18509615384615385 0.051682692307692304 0.04567307692307692
1 0.3473557692307692 0.1875 0.042067307692307696 0.04567307692307692
1 0.9026442307692307 0.19110576923076922 0.04807692307692308 0.04326923076923077
1 0.5600961538461539 0.1971153846153846 0.04567307692307692 0.051682692307692304