1 0.7980769230769231 0.203125 0.030048076923076924 0.046875
1 0.71875 0.31971153846153844 0.028846153846153848 0.046875
1 0.9146634615384616 0.3329326923076923 0.025240384615384616 0.052884615384615384
1 0.7980769230769231 0.37259615384615385 0.036057692307692304 0.05889423076923077
1 0.7920673076923077 0.4326923076923077 0.03365384615384615 0.056490384615384616
1 0.8040865384615384 0.5252403846153846 0.02283653846153846 0.04807692307692308
1 0.8774038461538461 0.5396634615384616 0.030048076923076924 0.06009615384615385
1 0.9134615384615384 0.5408653846153846 0.036057692307692304 0.04807692307692308
1 0.7776442307692307 0.5420673076923077 0.04326923076923077 0.0829326923076923
1 0.6105769230769231 0.5540865384615384 0.042067307692307696 0.0625
1 0.7331730769230769 0.5588942307692307 0.03365384615384615 0.05048076923076923
1 0.6514423076923077 0.5733173076923077 0.03365384615384615 0.046875
1 0.7391826923076923 0.6069711538461539 0.026442307692307692 0.042067307692307696
1 0.7716346153846154 0.6153846153846154 0.038461538461538464 0.05048076923076923
1 0.7055288461538461 0.6177884615384616 0.03125 0.04807692307692308
1 0.6033653846153846 0.6490384615384616 0.025240384615384616 0.040865384615384616
1 0.5516826923076923 0.6550480769230769 0.026442307692307692 0.038461538461538464
1 0.640625 0.6598557692307693 0.025240384615384616 0.042067307692307696
1 0.5456730769230769 0.7055288461538461 0.036057692307692304 0.036057692307692304
1 0.59375 0.7247596153846154 0.026442307692307692 0.042067307692307696
1 0.8064903846153846 0.7367788461538461 0.039663461538461536 0.0625
1 0.7391826923076923 0.7391826923076923 0.03365384615384615 0.06850961538461539
1 0.5396634615384616 0.7403846153846154 0.036057692307692304 0.046875
1 0.6213942307692307 0.7692307692307693 0.030048076923076924 0.04447115384615385
1 0.8966346153846154 0.7788461538461539 0.04326923076923077 0.054086538461538464
1 0.5168269230769231 0.7908653846153846 0.038461538461538464 0.054086538461538464
1 0.8533653846153846 0.7944711538461539 0.042067307692307696 0.06850961538461539
1 0.6814903846153846 0.8413461538461539 0.026442307692307692 0.042067307692307696
1 0.5733173076923077 0.8653846153846154 0.037259615384615384 0.054086538461538464
1 0.6310096153846154 0.9350961538461539 0.03125 0.028846153846153848
1 0.6358173076923077 0.9711538461538461 0.03365384615384615 0.036057692307692304