1 0.671875 0.3016826923076923 0.037259615384615384 0.038461538461538464
1 0.2439903846153846 0.3401442307692308 0.06009615384615385 0.03245192307692308
1 0.34375 0.3629807692307692 0.04567307692307692 0.03485576923076923
1 0.40865384615384615 0.43990384615384615 0.042067307692307696 0.026442307692307692
1 0.3389423076923077 0.53125 0.027644230769230768 0.020432692307692308
1 0.4338942307692308 0.5540865384615384 0.025240384615384616 0.016826923076923076
1 0.5492788461538461 0.5661057692307693 0.028846153846153848 0.02403846153846154
1 0.44711538461538464 0.5673076923076923 0.027644230769230768 0.020432692307692308
1 0.5793269230769231 0.5697115384615384 0.03245192307692308 0.030048076923076924
1 0.4831730769230769 0.5769230769230769 0.03245192307692308 0.025240384615384616
1 0.6514423076923077 0.6033653846153846 0.03365384615384615 0.020432692307692308
1 0.5396634615384616 0.6358173076923077 0.026442307692307692 0.02403846153846154
1 0.484375 0.7427884615384616 0.04447115384615385 0.025240384615384616
1 0.5829326923076923 0.7860576923076923 0.04447115384615385 0.03125
1 0.42788461538461536 0.8737980769230769 0.039663461538461536 0.027644230769230768