1 0.5492788461538461 0.34975961538461536 0.025240384615384616 0.021634615384615384
1 0.5168269230769231 0.38461538461538464 0.02403846153846154 0.02283653846153846
1 0.453125 0.3954326923076923 0.02283653846153846 0.015625
1 0.5408653846153846 0.4050480769230769 0.020432692307692308 0.018028846153846152
1 0.6141826923076923 0.4098557692307692 0.019230769230769232 0.019230769230769232
1 0.6730769230769231 0.41225961538461536 0.018028846153846152 0.015625
1 0.5132211538461539 0.4807692307692308 0.016826923076923076 0.018028846153846152
1 0.5733173076923077 0.4951923076923077 0.02283653846153846 0.025240384615384616
1 0.5288461538461539 0.4963942307692308 0.02283653846153846 0.015625
1 0.6658653846153846 0.4963942307692308 0.015625 0.018028846153846152
1 0.578125 0.5228365384615384 0.019230769230769232 0.016826923076923076
1 0.5841346153846154 0.5360576923076923 0.016826923076923076 0.013221153846153846
1 0.43149038461538464 0.5576923076923077 0.021634615384615384 0.015625
1 0.4951923076923077 0.5625 0.019230769230769232 0.021634615384615384
1 0.6237980769230769 0.5793269230769231 0.021634615384615384 0.018028846153846152
1 0.5685096153846154 0.6274038461538461 0.02283653846153846 0.02283653846153846
1 0.453125 0.125 0.020432692307692308 0.018028846153846152
1 0.7091346153846154 0.14783653846153846 0.016826923076923076 0.014423076923076924
1 0.640625 0.14903846153846154 0.02283653846153846 0.018028846153846152
1 0.6790865384615384 0.16105769230769232 0.016826923076923076 0.01201923076923077
1 0.6610576923076923 0.17307692307692307 0.016826923076923076 0.015625
1 0.5384615384615384 0.19831730769230768 0.021634615384615384 0.016826923076923076
1 0.6370192307692307 0.203125 0.02403846153846154 0.015625
1 0.5973557692307693 0.20552884615384615 0.02283653846153846 0.018028846153846152
1 0.6466346153846154 0.22596153846153846 0.021634615384615384 0.019230769230769232
1 0.7307692307692307 0.22716346153846154 0.021634615384615384 0.019230769230769232
1 0.6069711538461539 0.22716346153846154 0.020432692307692308 0.015625
1 0.7524038461538461 0.24519230769230768 0.018028846153846152 0.015625
1 0.6490384615384616 0.26802884615384615 0.02283653846153846 0.019230769230769232
1 0.7019230769230769 0.28725961538461536 0.02403846153846154 0.018028846153846152
1 0.6105769230769231 0.28725961538461536 0.028846153846153848 0.02283653846153846
1 0.6862980769230769 0.3016826923076923 0.020432692307692308 0.018028846153846152