1 0.10697115384615384 0.6310096153846154 0.039663461538461536 0.026442307692307692
1 0.2548076923076923 0.6310096153846154 0.037259615384615384 0.026442307692307692
1 0.19110576923076922 0.6346153846153846 0.036057692307692304 0.02403846153846154
1 0.35216346153846156 0.6694711538461539 0.046875 0.028846153846153848
1 0.13221153846153846 0.6850961538461539 0.042067307692307696 0.03245192307692308
1 0.38341346153846156 0.7007211538461539 0.039663461538461536 0.020432692307692308
1 0.2608173076923077 0.7355769230769231 0.036057692307692304 0.021634615384615384
1 0.35216346153846156 0.7415865384615384 0.03125 0.026442307692307692
1 0.15625 0.7451923076923077 0.028846153846153848 0.020432692307692308
1 0.24759615384615385 0.7728365384615384 0.03365384615384615 0.02283653846153846
1 0.35336538461538464 0.8641826923076923 0.028846153846153848 0.018028846153846152
1 0.3449519230769231 0.8810096153846154 0.03125 0.027644230769230768
1 0.5973557692307693 0.8858173076923077 0.03365384615384615 0.02283653846153846
1 0.5120192307692307 0.09615384615384616 0.028846153846153848 0.020432692307692308
1 0.42788461538461536 0.140625 0.03245192307692308 0.021634615384615384
1 0.21754807692307693 0.1466346153846154 0.03125 0.02283653846153846
1 0.28125 0.16947115384615385 0.037259615384615384 0.02283653846153846
1 0.5036057692307693 0.1875 0.038461538461538464 0.026442307692307692
1 0.6009615384615384 0.1875 0.03245192307692308 0.02283653846153846
1 0.29086538461538464 0.19591346153846154 0.03245192307692308 0.020432692307692308
1 0.21153846153846154 0.19831730769230768 0.028846153846153848 0.019230769230769232
1 0.29447115384615385 0.22355769230769232 0.03365384615384615 0.018028846153846152
1 0.2439903846153846 0.23317307692307693 0.03245192307692308 0.015625
1 0.29447115384615385 0.2403846153846154 0.038461538461538464 0.021634615384615384
1 0.3701923076923077 0.24879807692307693 0.03365384615384615 0.02403846153846154
1 0.09134615384615384 0.26802884615384615 0.028846153846153848 0.025240384615384616
1 0.2848557692307692 0.27884615384615385 0.038461538461538464 0.02403846153846154
1 0.11298076923076923 0.29086538461538464 0.03125 0.02403846153846154
1 0.5685096153846154 0.3112980769230769 0.028846153846153848 0.020432692307692308
1 0.11899038461538461 0.3125 0.039663461538461536 0.020432692307692308
1 0.25240384615384615 0.3269230769230769 0.03125 0.020432692307692308
1 0.04927884615384615 0.33052884615384615 0.028846153846153848 0.02283653846153846
1 0.12860576923076922 0.3317307692307692 0.03245192307692308 0.015625
1 0.29927884615384615 0.33533653846153844 0.046875 0.021634615384615384
1 0.14543269230769232 0.35096153846153844 0.03245192307692308 0.018028846153846152
1 0.055288461538461536 0.3545673076923077 0.03125 0.020432692307692308
1 0.2980769230769231 0.3629807692307692 0.03245192307692308 0.021634615384615384
1 0.18870192307692307 0.3701923076923077 0.028846153846153848 0.021634615384615384
1 0.07932692307692307 0.390625 0.036057692307692304 0.028846153846153848
1 0.1466346153846154 0.3954326923076923 0.038461538461538464 0.025240384615384616
1 0.20192307692307693 0.4014423076923077 0.03365384615384615 0.02283653846153846
1 0.6117788461538461 0.40625 0.037259615384615384 0.02403846153846154
1 0.04807692307692308 0.41346153846153844 0.028846153846153848 0.02283653846153846
1 0.2668269230769231 0.41586538461538464 0.039663461538461536 0.02403846153846154
1 0.6778846153846154 0.42788461538461536 0.028846153846153848 0.02283653846153846
1 0.08173076923076923 0.4375 0.03365384615384615 0.021634615384615384
1 0.32572115384615385 0.44591346153846156 0.038461538461538464 0.025240384615384616
1 0.27163461538461536 0.44711538461538464 0.037259615384615384 0.026442307692307692
1 0.12620192307692307 0.45072115384615385 0.025240384615384616 0.02283653846153846
1 0.15384615384615385 0.45552884615384615 0.028846153846153848 0.018028846153846152
1 0.453125 0.4855769230769231 0.03245192307692308 0.02403846153846154
1 0.5516826923076923 0.49399038461538464 0.03245192307692308 0.018028846153846152
1 0.3389423076923077 0.4951923076923077 0.028846153846153848 0.018028846153846152
1 0.6213942307692307 0.5060096153846154 0.036057692307692304 0.028846153846153848
1 0.4963942307692308 0.5180288461538461 0.037259615384615384 0.02283653846153846
1 0.39302884615384615 0.5192307692307693 0.06370192307692307 0.03485576923076923
1 0.13822115384615385 0.5192307692307693 0.028846153846153848 0.018028846153846152
1 0.0625 0.5216346153846154 0.025240384615384616 0.016826923076923076
1 0.5396634615384616 0.5252403846153846 0.037259615384615384 0.027644230769230768
1 0.1346153846153846 0.5456730769230769 0.03125 0.021634615384615384
1 0.0625 0.546875 0.028846153846153848 0.020432692307692308
1 0.2956730769230769 0.5528846153846154 0.037259615384615384 0.019230769230769232
1 0.47716346153846156 0.5576923076923077 0.037259615384615384 0.02283653846153846
1 0.08774038461538461 0.5612980769230769 0.03485576923076923 0.019230769230769232
1 0.109375 0.5913461538461539 0.028846153846153848 0.019230769230769232