15 0.553105 0.317402 0.024510 0.031863
15 0.547386 0.642157 0.016340 0.014706
15 0.508170 0.613971 0.013072 0.017157
15 0.476307 0.563725 0.011438 0.014706
15 0.522059 0.340686 0.014706 0.024510
15 0.458333 0.394608 0.011438 0.014706
15 0.488562 0.307598 0.022876 0.026961
15 0.420752 0.408088 0.011438 0.017157
15 0.444444 0.435049 0.016340 0.012255
15 0.397876 0.480392 0.011438 0.019608
15 0.422386 0.468137 0.011438 0.014706
15 0.630719 0.325980 0.009804 0.019608
15 0.578431 0.335784 0.013072 0.024510
15 0.568627 0.389706 0.013072 0.019608
15 0.571895 0.422794 0.013072 0.022059
15 0.605392 0.443627 0.008170 0.014706
15 0.507353 0.474265 0.017974 0.022059
15 0.541667 0.500000 0.014706 0.019608
15 0.416667 0.508578 0.013072 0.017157
15 0.495915 0.594363 0.011438 0.017157
15 0.493464 0.659314 0.013072 0.019608
15 0.401144 0.584559 0.011438 0.017157
15 0.442810 0.487745 0.013072 0.014706
15 0.460784 0.506127 0.009804 0.012255
15 0.471405 0.525735 0.014706 0.017157
15 0.469771 0.662990 0.011438 0.012255
15 0.441176 0.511029 0.013072 0.012255
