15 0.611111 0.546569 0.013072 0.029412
15 0.464052 0.515931 0.009804 0.017157
15 0.501634 0.523284 0.009804 0.017157
15 0.410948 0.404412 0.004902 0.009804
15 0.480392 0.399510 0.006536 0.009804
15 0.544935 0.549020 0.008170 0.014706
15 0.522876 0.507353 0.009804 0.009804
15 0.527778 0.535539 0.009804 0.012255
15 0.560458 0.522059 0.009804 0.014706
15 0.602941 0.482843 0.009804 0.014706
15 0.415033 0.459559 0.006536 0.012255
15 0.397876 0.511029 0.008170 0.012255
15 0.415033 0.518382 0.009804 0.012255
15 0.436275 0.560049 0.006536 0.012255
15 0.456699 0.540441 0.011438 0.012255
15 0.503268 0.549020 0.006536 0.009804
15 0.525327 0.585784 0.008170 0.014706
15 0.582516 0.454657 0.008170 0.012255
15 0.425654 0.425245 0.008170 0.012255
15 0.483660 0.435049 0.006536 0.012255
15 0.543301 0.420343 0.008170 0.012255
15 0.568627 0.463235 0.009804 0.019608
15 0.513072 0.465686 0.009804 0.014706
15 0.458333 0.466912 0.008170 0.012255
15 0.440359 0.457108 0.008170 0.012255
15 0.438725 0.479167 0.008170 0.012255
15 0.392157 0.480392 0.009804 0.014706
15 0.505719 0.390931 0.008170 0.012255
15 0.529412 0.424020 0.006536 0.014706
15 0.435458 0.401961 0.008170 0.009804
15 0.460784 0.399510 0.009804 0.014706
15 0.459150 0.436275 0.009804 0.009804
15 0.567810 0.404412 0.008170 0.009804
