15 0.684641 0.626225 0.035948 0.036765
15 0.645425 0.595588 0.019608 0.029412
15 0.621732 0.618873 0.017974 0.026961
15 0.550654 0.550245 0.013072 0.022059
15 0.531046 0.600490 0.019608 0.034314
15 0.392157 0.404412 0.013072 0.019608
15 0.330065 0.363971 0.019608 0.031863
15 0.452614 0.284314 0.016340 0.024510
15 0.677288 0.400735 0.017974 0.031863
15 0.615196 0.197304 0.017974 0.031863
15 0.627451 0.355392 0.016340 0.029412
15 0.486928 0.540441 0.016340 0.026961
15 0.531863 0.522059 0.014706 0.024510
15 0.449346 0.506127 0.016340 0.022059
15 0.526961 0.311275 0.017974 0.024510
15 0.593137 0.384804 0.016340 0.024510
15 0.286765 0.480392 0.014706 0.029412
15 0.350490 0.227941 0.027778 0.029412
15 0.468954 0.465686 0.013072 0.019608
15 0.191176 0.455882 0.022876 0.024510
15 0.586601 0.319853 0.013072 0.017157
15 0.496732 0.334559 0.009804 0.017157
15 0.413399 0.160539 0.016340 0.017157
15 0.293301 0.381127 0.011438 0.022059
